101;[ 2, 2, 2, 3 ];{}
101;[ 2, 4, 8 ];{}
102;[ 2, 2, 2, 3 ];{}
102;[ 2, 4, 8 ];{}
103;[ 2, 2, 2, 3 ];{}
103;[ 2, 4, 8 ];{}
104;[ 2, 2, 2, 3 ];{}
104;[ 2, 4, 8 ];{}
127;[ 2, 2, 2, 3 ];{}
127;[ 2, 3, 12 ];{}
127;[ 2, 3, 18 ];{}
127;[ 2, 4, 6 ];{}
127;[ 2, 4, 8 ];{}
128;[ 2, 2, 2, 3 ];{}
128;[ 2, 3, 12 ];{}
128;[ 2, 3, 18 ];{}
128;[ 2, 4, 6 ];{}
128;[ 2, 4, 8 ];{}
146;[ 2, 2, 2, 3 ];{}
147;[ 2, 2, 2, 3 ];{}
148;[ 2, 2, 2, 3 ];{}
149;[ 2, 2, 2, 3 ];{}
150;[ 2, 2, 2, 3 ];{}
151;[ 2, 2, 2, 3 ];{}
152;[ 2, 2, 2, 3 ];{}
153;[ 2, 2, 2, 3 ];{}
154;[ 2, 2, 2, 3 ];{}
155;[ 2, 2, 2, 3 ];{}
157;[ 2, 2, 2, 3 ];{}
158;[ 2, 2, 2, 3 ];{}
159;[ 2, 2, 2, 3 ];{}
160;[ 2, 2, 2, 3 ];{}
162;[ 2, 2, 2, 3 ];{}
164;[ 2, 2, 2, 3 ];{}
166;[ 2, 2, 2, 3 ];{}
167;[ 2, 2, 2, 3 ];{}
168;[ 2, 2, 2, 3 ];{}
169;[ 2, 2, 2, 3 ];{}
170;[ 2, 2, 2, 3 ];{}
171;[ 2, 2, 2, 3 ];{}
172;[ 2, 2, 2, 3 ];{}
203;[ 2, 2, 2, 3 ];{}
205;[ 2, 2, 2, 3 ];{}
206;[ 2, 2, 2, 3 ];{}
207;[ 2, 2, 2, 3 ];{}
208;[ 2, 2, 2, 3 ];{}
209;[ 2, 2, 2, 3 ];{}
210;[ 2, 2, 2, 3 ];{}
212;[ 2, 2, 2, 3 ];{}
223;[ 2, 3, 12 ];{}
223;[ 2, 3, 24 ];{}
224;[ 2, 3, 12 ];{}
224;[ 2, 3, 24 ];{}
225;[ 2, 3, 12 ];{}
225;[ 2, 3, 24 ];{}
226;[ 2, 3, 12 ];{}
226;[ 2, 3, 24 ];{}
227;[ 2, 3, 12 ];{}
227;[ 2, 3, 24 ];{}
228;[ 2, 3, 12 ];{}
228;[ 2, 3, 24 ];{}
229;[ 2, 3, 12 ];{}
229;[ 2, 3, 24 ];{}
230;[ 2, 3, 12 ];{}
230;[ 2, 3, 24 ];{}
231;[ 2, 3, 12 ];{}
231;[ 2, 3, 24 ];{}
232;[ 2, 3, 12 ];{}
232;[ 2, 3, 24 ];{}
233;[ 2, 3, 12 ];{}
233;[ 2, 3, 24 ];{}
234;[ 2, 3, 12 ];{}
234;[ 2, 3, 24 ];{}
242;[ 2, 3, 12 ];{}
242;[ 3, 3, 4 ];{}
245;[ 2, 3, 12 ];{}
245;[ 2, 3, 24 ];{}
246;[ 2, 3, 12 ];{}
246;[ 2, 3, 24 ];{}
247;[ 2, 3, 12 ];{}
247;[ 2, 3, 24 ];{}
25;[ 2, 4, 8 ];{}
254;[ 2, 3, 12 ];{}
254;[ 2, 3, 24 ];{}
255;[ 2, 3, 12 ];{}
255;[ 2, 3, 24 ];{}
256;[ 2, 3, 12 ];{}
256;[ 2, 3, 24 ];{}
257;[ 2, 3, 12 ];{}
257;[ 2, 3, 24 ];{}
26;[ 2, 4, 8 ];{}
261;[ 2, 3, 12 ];{}
261;[ 2, 3, 24 ];{}
262;[ 2, 3, 12 ];{}
262;[ 2, 3, 24 ];{}
263;[ 2, 3, 12 ];{}
263;[ 2, 3, 24 ];{}
27;[ 2, 2, 2, 3 ];{}
27;[ 2, 3, 24 ];{}
27;[ 2, 4, 8 ];{}
270;[ 2, 3, 12 ];{}
270;[ 2, 3, 24 ];{}
271;[ 2, 3, 12 ];{}
271;[ 2, 3, 24 ];{}
272;[ 2, 3, 12 ];{}
272;[ 2, 3, 24 ];{}
273;[ 2, 3, 12 ];{}
273;[ 2, 3, 24 ];{}
277;[ 2, 3, 12 ];{}
277;[ 2, 3, 24 ];{}
278;[ 2, 3, 12 ];{}
278;[ 2, 3, 24 ];{}
279;[ 2, 3, 12 ];{}
279;[ 2, 3, 24 ];{}
28;[ 2, 2, 2, 3 ];{}
28;[ 2, 3, 24 ];{}
28;[ 2, 4, 8 ];{}
286;[ 2, 3, 12 ];{}
286;[ 2, 3, 24 ];{}
287;[ 2, 3, 12 ];{}
287;[ 2, 3, 24 ];{}
288;[ 2, 3, 12 ];{}
288;[ 2, 3, 24 ];{}
289;[ 2, 3, 12 ];{}
289;[ 2, 3, 24 ];{}
29;[ 2, 2, 2, 3 ];{}
29;[ 2, 3, 24 ];{}
29;[ 2, 4, 8 ];{}
299;[ 2, 3, 12 ];{}
299;[ 2, 3, 24 ];{}
30;[ 2, 2, 2, 3 ];{}
30;[ 2, 3, 24 ];{}
30;[ 2, 4, 8 ];{}
300;[ 2, 3, 12 ];{}
300;[ 2, 3, 24 ];{}
301;[ 2, 3, 12 ];{}
301;[ 2, 3, 24 ];{}
302;[ 2, 3, 12 ];{}
302;[ 2, 3, 24 ];{}
303;[ 2, 3, 12 ];{}
303;[ 2, 3, 24 ];{}
304;[ 2, 3, 12 ];{}
304;[ 2, 3, 24 ];{}
305;[ 2, 3, 12 ];{}
305;[ 2, 3, 24 ];{}
306;[ 2, 3, 12 ];{}
306;[ 2, 3, 24 ];{}
307;[ 2, 3, 12 ];{}
307;[ 2, 3, 24 ];{}
308;[ 2, 3, 12 ];{}
308;[ 2, 3, 24 ];{}
309;[ 2, 3, 12 ];{}
309;[ 2, 3, 24 ];{}
310;[ 2, 3, 12 ];{}
310;[ 2, 3, 24 ];{}
32;[ 2, 4, 8 ];{}
321;[ 2, 4, 8 ];{}
322;[ 2, 4, 8 ];{}
323;[ 2, 4, 8 ];{}
324;[ 2, 2, 2, 3 ];{}
324;[ 2, 3, 12 ];{}
324;[ 2, 3, 8 ];{}
324;[ 2, 4, 6 ];{}
324;[ 2, 4, 8 ];{}
325;[ 2, 2, 2, 3 ];{}
325;[ 2, 3, 12 ];{}
325;[ 2, 3, 8 ];{}
325;[ 2, 4, 6 ];{}
325;[ 2, 4, 8 ];{}
326;[ 2, 2, 2, 3 ];{}
326;[ 2, 3, 12 ];{}
326;[ 2, 3, 24 ];{}
326;[ 2, 3, 8 ];{}
326;[ 2, 4, 6 ];{}
326;[ 2, 4, 8 ];{}
327;[ 2, 2, 2, 3 ];{}
327;[ 2, 3, 12 ];{}
327;[ 2, 3, 8 ];{}
327;[ 2, 4, 6 ];{}
327;[ 2, 4, 8 ];{}
328;[ 2, 2, 2, 3 ];{}
328;[ 2, 3, 12 ];{}
328;[ 2, 3, 8 ];{}
328;[ 2, 4, 6 ];{}
328;[ 2, 4, 8 ];{}
329;[ 2, 2, 2, 3 ];{}
329;[ 2, 3, 12 ];{}
329;[ 2, 3, 8 ];{}
329;[ 2, 4, 6 ];{}
329;[ 2, 4, 8 ];{}
33;[ 2, 2, 2, 3 ];{}
33;[ 2, 4, 8 ];{}
330;[ 2, 2, 2, 3 ];{}
330;[ 2, 3, 12 ];{}
330;[ 2, 3, 8 ];{}
330;[ 2, 4, 6 ];{}
330;[ 2, 4, 8 ];{}
331;[ 2, 2, 2, 3 ];{}
331;[ 2, 3, 12 ];{}
331;[ 2, 3, 24 ];{}
331;[ 2, 3, 8 ];{}
331;[ 2, 4, 6 ];{}
331;[ 2, 4, 8 ];{}
332;[ 2, 2, 2, 3 ];{}
332;[ 2, 3, 12 ];{}
332;[ 2, 3, 24 ];{}
332;[ 2, 3, 8 ];{}
332;[ 2, 4, 6 ];{}
332;[ 2, 4, 8 ];{}
333;[ 2, 2, 2, 3 ];{}
333;[ 2, 3, 12 ];{}
333;[ 2, 3, 8 ];{}
333;[ 2, 4, 6 ];{}
333;[ 2, 4, 8 ];{}
334;[ 2, 2, 2, 3 ];{}
334;[ 2, 3, 12 ];{}
334;[ 2, 3, 8 ];{}
334;[ 2, 4, 6 ];{}
334;[ 2, 4, 8 ];{}
335;[ 2, 2, 2, 3 ];{}
335;[ 2, 3, 12 ];{}
335;[ 2, 3, 24 ];{}
335;[ 2, 3, 8 ];{}
335;[ 2, 4, 6 ];{}
335;[ 2, 4, 8 ];{}
34;[ 2, 2, 2, 3 ];{}
34;[ 2, 4, 8 ];{}
35;[ 2, 2, 2, 3 ];{}
35;[ 2, 4, 8 ];{}
36;[ 2, 2, 2, 3 ];{}
36;[ 2, 4, 8 ];{}
362;[ 2, 4, 8 ];{}
363;[ 2, 4, 8 ];{}
364;[ 2, 4, 8 ];{}
365;[ 2, 2, 2, 3 ];{}
365;[ 2, 3, 12 ];{}
365;[ 2, 3, 8 ];{}
365;[ 2, 4, 6 ];{}
365;[ 2, 4, 8 ];{}
366;[ 2, 2, 2, 3 ];{}
366;[ 2, 3, 12 ];{}
366;[ 2, 3, 24 ];{}
366;[ 2, 4, 6 ];{}
366;[ 2, 4, 8 ];{}
367;[ 2, 2, 2, 3 ];{}
367;[ 2, 3, 12 ];{}
367;[ 2, 3, 24 ];{}
367;[ 2, 3, 8 ];{}
367;[ 2, 4, 6 ];{}
367;[ 2, 4, 8 ];{}
368;[ 2, 2, 2, 3 ];{}
368;[ 2, 3, 12 ];{}
368;[ 2, 3, 8 ];{}
368;[ 2, 4, 6 ];{}
368;[ 2, 4, 8 ];{}
369;[ 2, 2, 2, 3 ];{}
369;[ 2, 3, 12 ];{}
369;[ 2, 3, 8 ];{}
369;[ 2, 4, 6 ];{}
369;[ 2, 4, 8 ];{}
37;[ 2, 2, 2, 3 ];{}
37;[ 2, 4, 8 ];{}
370;[ 2, 2, 2, 3 ];{}
370;[ 2, 3, 12 ];{}
370;[ 2, 3, 24 ];{}
370;[ 2, 4, 6 ];{}
370;[ 2, 4, 8 ];{}
371;[ 2, 2, 2, 3 ];{}
371;[ 2, 3, 12 ];{}
371;[ 2, 3, 24 ];{}
371;[ 2, 4, 6 ];{}
371;[ 2, 4, 8 ];{}
372;[ 2, 2, 2, 3 ];{}
372;[ 2, 3, 12 ];{}
372;[ 2, 3, 24 ];{}
372;[ 2, 3, 8 ];{}
372;[ 2, 4, 6 ];{}
372;[ 2, 4, 8 ];{}
373;[ 2, 2, 2, 3 ];{}
373;[ 2, 3, 12 ];{}
373;[ 2, 3, 24 ];{}
373;[ 2, 3, 8 ];{}
373;[ 2, 4, 6 ];{}
373;[ 2, 4, 8 ];{}
374;[ 2, 2, 2, 3 ];{}
374;[ 2, 3, 12 ];{}
374;[ 2, 3, 8 ];{}
374;[ 2, 4, 6 ];{}
374;[ 2, 4, 8 ];{}
375;[ 2, 2, 2, 3 ];{}
375;[ 2, 3, 12 ];{}
375;[ 2, 3, 24 ];{}
375;[ 2, 4, 6 ];{}
375;[ 2, 4, 8 ];{}
376;[ 2, 2, 2, 3 ];{}
376;[ 2, 3, 12 ];{}
376;[ 2, 3, 24 ];{}
376;[ 2, 3, 8 ];{}
376;[ 2, 4, 6 ];{}
376;[ 2, 4, 8 ];{}
38;[ 2, 2, 2, 3 ];{}
38;[ 2, 4, 8 ];{}
386;[ 2, 4, 8 ];{}
387;[ 2, 4, 8 ];{}
388;[ 2, 2, 2, 3 ];{}
388;[ 2, 3, 12 ];{}
388;[ 2, 3, 24 ];{}
388;[ 2, 3, 8 ];{}
388;[ 2, 4, 6 ];{}
388;[ 2, 4, 8 ];{}
389;[ 2, 2, 2, 3 ];{}
389;[ 2, 3, 12 ];{}
389;[ 2, 3, 8 ];{}
389;[ 2, 4, 6 ];{}
389;[ 2, 4, 8 ];{}
39;[ 2, 2, 2, 3 ];{}
39;[ 2, 4, 8 ];{}
390;[ 2, 2, 2, 3 ];{}
390;[ 2, 3, 12 ];{}
390;[ 2, 3, 24 ];{}
390;[ 2, 3, 8 ];{}
390;[ 2, 4, 6 ];{}
390;[ 2, 4, 8 ];{}
391;[ 2, 2, 2, 3 ];{}
391;[ 2, 3, 12 ];{}
391;[ 2, 3, 24 ];{}
391;[ 2, 3, 8 ];{}
391;[ 2, 4, 6 ];{}
391;[ 2, 4, 8 ];{}
392;[ 2, 2, 2, 3 ];{}
392;[ 2, 3, 12 ];{}
392;[ 2, 3, 8 ];{}
392;[ 2, 4, 6 ];{}
392;[ 2, 4, 8 ];{}
393;[ 2, 2, 2, 3 ];{}
393;[ 2, 3, 12 ];{}
393;[ 2, 3, 24 ];{}
393;[ 2, 3, 8 ];{}
393;[ 2, 4, 6 ];{}
393;[ 2, 4, 8 ];{}
394;[ 2, 2, 2, 3 ];{}
394;[ 2, 3, 12 ];{}
394;[ 2, 3, 8 ];{}
394;[ 2, 4, 6 ];{}
394;[ 2, 4, 8 ];{}
40;[ 2, 2, 2, 3 ];{}
40;[ 2, 4, 8 ];{}
405;[ 2, 3, 12 ];{}
405;[ 2, 3, 24 ];{}
406;[ 2, 3, 12 ];{}
406;[ 2, 3, 24 ];{}
407;[ 2, 3, 12 ];{}
407;[ 2, 3, 24 ];{}
409;[ 2, 3, 12 ];{}
409;[ 3, 3, 4 ];{}
412;[ 2, 3, 12 ];{}
412;[ 2, 3, 24 ];{}
413;[ 2, 3, 12 ];{}
413;[ 2, 3, 24 ];{}
414;[ 2, 3, 12 ];{}
414;[ 2, 3, 24 ];{}
421;[ 2, 3, 12 ];{}
421;[ 2, 3, 24 ];{}
422;[ 2, 3, 12 ];{}
422;[ 2, 3, 24 ];{}
423;[ 2, 3, 12 ];{}
423;[ 2, 3, 24 ];{}
424;[ 2, 3, 12 ];{}
424;[ 2, 3, 24 ];{}
444;[ 2, 3, 12 ];{}
444;[ 2, 3, 24 ];{}
445;[ 2, 3, 12 ];{}
445;[ 2, 3, 24 ];{}
446;[ 2, 3, 12 ];{}
446;[ 2, 3, 24 ];{}
453;[ 2, 3, 12 ];{}
453;[ 2, 3, 24 ];{}
454;[ 2, 3, 12 ];{}
454;[ 2, 3, 24 ];{}
455;[ 2, 3, 12 ];{}
455;[ 2, 3, 24 ];{}
456;[ 2, 3, 12 ];{}
456;[ 2, 3, 24 ];{}
475;[ 2, 4, 8 ];{}
476;[ 2, 2, 2, 3 ];{}
476;[ 2, 3, 12 ];{}
476;[ 2, 3, 24 ];{}
476;[ 2, 4, 6 ];{}
476;[ 2, 4, 8 ];{}
477;[ 2, 2, 2, 3 ];{}
477;[ 2, 3, 12 ];{}
477;[ 2, 3, 24 ];{}
477;[ 2, 4, 6 ];{}
477;[ 2, 4, 8 ];{}
478;[ 2, 2, 2, 3 ];{}
478;[ 2, 3, 12 ];{}
478;[ 2, 3, 24 ];{}
478;[ 2, 4, 6 ];{}
478;[ 2, 4, 8 ];{}
480;[ 2, 4, 8 ];{}
485;[ 2, 2, 2, 3 ];{}
485;[ 2, 3, 12 ];{}
485;[ 2, 3, 8 ];{}
485;[ 2, 4, 6 ];{}
485;[ 2, 4, 8 ];{}
486;[ 2, 2, 2, 3 ];{}
486;[ 2, 3, 12 ];{}
486;[ 2, 3, 8 ];{}
486;[ 2, 4, 6 ];{}
486;[ 2, 4, 8 ];{}
487;[ 2, 2, 2, 3 ];{}
487;[ 2, 3, 12 ];{}
487;[ 2, 3, 8 ];{}
487;[ 2, 4, 6 ];{}
487;[ 2, 4, 8 ];{}
488;[ 2, 2, 2, 3 ];{}
488;[ 2, 3, 12 ];{}
488;[ 2, 3, 8 ];{}
488;[ 2, 4, 6 ];{}
488;[ 2, 4, 8 ];{}
500;[ 2, 2, 2, 3 ];{}
500;[ 2, 3, 18 ];{}
500;[ 2, 4, 6 ];{}
503;[ 2, 2, 2, 3 ];{}
503;[ 2, 3, 18 ];{}
503;[ 2, 4, 6 ];{}
517;[ 2, 3, 12 ];{}
517;[ 2, 3, 24 ];{}
517;[ 3, 3, 4 ];{}
518;[ 2, 3, 12 ];{}
518;[ 2, 3, 24 ];{}
519;[ 2, 3, 12 ];{}
519;[ 2, 3, 24 ];{}
521;[ 2, 3, 12 ];{}
521;[ 2, 3, 24 ];{}
522;[ 2, 3, 12 ];{}
522;[ 2, 3, 24 ];{[ $.1 * $.2 * $.3 * $.4^2 * $.5 * $.6 * $.7, $.2^2 * $.3 * $.6 * $.7, $.1 * $.3^2 * $.4 * $.5 * $.6 * $.7 ]:[ $.1 * $.2^2 * $.3^2 * $.4^2 * $.6 * $.7, $.2 * $.3 * $.4^5 * $.5 * $.6, $.1 * $.4^2 * $.7 ]}
524;[ 2, 3, 12 ];{}
525;[ 2, 3, 12 ];{}
555;[ 2, 3, 12 ];{}
556;[ 2, 3, 12 ];{}
564;[ 2, 4, 8 ];{}
565;[ 2, 4, 8 ];{}
574;[ 2, 2, 2, 3 ];{}
574;[ 2, 3, 8 ];{}
574;[ 2, 4, 6 ];{}
574;[ 2, 4, 8 ];{}
575;[ 2, 2, 2, 3 ];{}
575;[ 2, 3, 12 ];{}
575;[ 2, 3, 8 ];{}
575;[ 2, 4, 6 ];{}
575;[ 2, 4, 8 ];{}
576;[ 2, 2, 2, 3 ];{}
576;[ 2, 3, 12 ];{}
576;[ 2, 3, 8 ];{}
576;[ 2, 4, 6 ];{}
576;[ 2, 4, 8 ];{}
577;[ 2, 2, 2, 3 ];{}
577;[ 2, 3, 12 ];{}
577;[ 2, 3, 8 ];{}
577;[ 2, 4, 6 ];{}
577;[ 2, 4, 8 ];{}
580;[ 2, 2, 2, 3 ];{}
580;[ 2, 3, 8 ];{}
580;[ 2, 4, 6 ];{}
580;[ 2, 4, 8 ];{}
581;[ 2, 2, 2, 3 ];{}
581;[ 2, 3, 12 ];{}
581;[ 2, 3, 8 ];{}
581;[ 2, 4, 6 ];{}
581;[ 2, 4, 8 ];{}
582;[ 2, 2, 2, 3 ];{}
582;[ 2, 3, 12 ];{}
582;[ 2, 3, 8 ];{}
582;[ 2, 4, 6 ];{}
582;[ 2, 4, 8 ];{}
591;[ 2, 2, 2, 3 ];{}
592;[ 2, 2, 2, 3 ];{}
593;[ 2, 2, 2, 3 ];{}
594;[ 2, 2, 2, 3 ];{}
595;[ 2, 2, 2, 3 ];{}
596;[ 2, 2, 2, 3 ];{}
597;[ 2, 2, 2, 3 ];{}
598;[ 2, 2, 2, 3 ];{}
599;[ 2, 2, 2, 3 ];{}
600;[ 2, 2, 2, 3 ];{}
601;[ 2, 2, 2, 3 ];{}
602;[ 2, 2, 2, 3 ];{}
603;[ 2, 2, 2, 3 ];{}
604;[ 2, 2, 2, 3 ];{}
605;[ 2, 2, 2, 3 ];{}
606;[ 2, 2, 2, 3 ];{}
607;[ 2, 2, 2, 3 ];{}
608;[ 2, 2, 2, 3 ];{}
609;[ 2, 2, 2, 3 ];{}
610;[ 2, 2, 2, 3 ];{}
611;[ 2, 2, 2, 3 ];{}
612;[ 2, 2, 2, 3 ];{}
613;[ 2, 2, 2, 3 ];{}
614;[ 2, 2, 2, 3 ];{}
615;[ 2, 2, 2, 3 ];{}
616;[ 2, 2, 2, 3 ];{}
617;[ 2, 2, 2, 3 ];{}
618;[ 2, 2, 2, 3 ];{}
619;[ 2, 2, 2, 3 ];{}
620;[ 2, 2, 2, 3 ];{}
621;[ 2, 2, 2, 3 ];{}
622;[ 2, 2, 2, 3 ];{}
623;[ 2, 2, 2, 3 ];{}
624;[ 2, 2, 2, 3 ];{}
628;[ 2, 3, 12 ];{}
628;[ 2, 3, 24 ];{}
629;[ 2, 3, 12 ];{}
629;[ 2, 3, 24 ];{}
634;[ 2, 2, 2, 3 ];{}
634;[ 2, 3, 12 ];{}
634;[ 2, 3, 8 ];{}
634;[ 2, 4, 6 ];{}
634;[ 2, 4, 8 ];{}
635;[ 2, 2, 2, 3 ];{}
635;[ 2, 3, 12 ];{}
635;[ 2, 3, 8 ];{}
635;[ 2, 4, 6 ];{}
635;[ 2, 4, 8 ];{}
667;[ 2, 3, 12 ];{}
668;[ 2, 3, 12 ];{}
670;[ 2, 3, 12 ];{}
671;[ 2, 3, 12 ];{}
676;[ 2, 3, 12 ];{}
677;[ 2, 3, 12 ];{}
679;[ 2, 3, 12 ];{}
680;[ 2, 3, 12 ];{}
682;[ 2, 3, 12 ];{[ $.2 * $.5^2, $.1 * $.2^2 * $.3 * $.5^2 * $.6 * $.7, $.1 * $.3 * $.6 * $.7 ]:[ $.2^2 * $.3 * $.5 * $.7, $.1 * $.2 * $.3 * $.4 * $.5^2 * $.6^4 * $.7, $.1 * $.3 * $.5 * $.6^4 ]}
683;[ 2, 3, 12 ];{}
693;[ 2, 4, 8 ];{}
697;[ 2, 4, 8 ];{}
726;[ 2, 2, 2, 3 ];{}
727;[ 2, 2, 2, 3 ];{}
728;[ 2, 2, 2, 3 ];{}
729;[ 2, 2, 2, 3 ];{}
730;[ 2, 2, 2, 3 ];{}
731;[ 2, 2, 2, 3 ];{}
732;[ 2, 2, 2, 3 ];{}
733;[ 2, 2, 2, 3 ];{}
734;[ 2, 2, 2, 3 ];{}
735;[ 2, 2, 2, 3 ];{}
737;[ 2, 2, 2, 3 ];{}
738;[ 2, 2, 2, 3 ];{}
739;[ 2, 2, 2, 3 ];{}
741;[ 2, 2, 2, 3 ];{}
742;[ 2, 2, 2, 3 ];{}
744;[ 2, 2, 2, 3 ];{}
746;[ 2, 2, 2, 3 ];{}
747;[ 2, 2, 2, 3 ];{}
748;[ 2, 2, 2, 3 ];{}
749;[ 2, 2, 2, 3 ];{}
750;[ 2, 2, 2, 3 ];{}
751;[ 2, 2, 2, 3 ];{}
752;[ 2, 2, 2, 3 ];{}
771;[ 2, 2, 2, 3 ];{}
772;[ 2, 2, 2, 3 ];{}
773;[ 2, 2, 2, 3 ];{}
774;[ 2, 2, 2, 3 ];{}
775;[ 2, 2, 2, 3 ];{}
776;[ 2, 2, 2, 3 ];{}
777;[ 2, 2, 2, 3 ];{}
778;[ 2, 2, 2, 3 ];{}
779;[ 2, 2, 2, 3 ];{}
780;[ 2, 2, 2, 3 ];{}
782;[ 2, 2, 2, 3 ];{}
783;[ 2, 2, 2, 3 ];{}
784;[ 2, 2, 2, 3 ];{}
786;[ 2, 2, 2, 3 ];{}
787;[ 2, 2, 2, 3 ];{}
789;[ 2, 2, 2, 3 ];{}
791;[ 2, 2, 2, 3 ];{}
792;[ 2, 2, 2, 3 ];{}
793;[ 2, 2, 2, 3 ];{}
794;[ 2, 2, 2, 3 ];{}
795;[ 2, 2, 2, 3 ];{}
796;[ 2, 2, 2, 3 ];{}
797;[ 2, 2, 2, 3 ];{}
798;[ 2, 2, 2, 3 ];{}
799;[ 2, 2, 2, 3 ];{}
800;[ 2, 2, 2, 3 ];{}
801;[ 2, 2, 2, 3 ];{}
802;[ 2, 2, 2, 3 ];{}
803;[ 2, 2, 2, 3 ];{}
805;[ 2, 2, 2, 3 ];{}
806;[ 2, 2, 2, 3 ];{}
808;[ 2, 2, 2, 3 ];{}
809;[ 2, 2, 2, 3 ];{}
811;[ 2, 2, 2, 3 ];{}
812;[ 2, 2, 2, 3 ];{}
813;[ 2, 2, 2, 3 ];{}
814;[ 2, 2, 2, 3 ];{}
815;[ 2, 2, 2, 3 ];{}
824;[ 2, 3, 12 ];{}
825;[ 2, 3, 12 ];{}
866;[ 2, 2, 2, 3 ];{}
868;[ 2, 2, 2, 3 ];{}
869;[ 2, 2, 2, 3 ];{}
870;[ 2, 2, 2, 3 ];{}
871;[ 2, 2, 2, 3 ];{}
872;[ 2, 2, 2, 3 ];{}
873;[ 2, 2, 2, 3 ];{}
875;[ 2, 2, 2, 3 ];{}
880;[ 2, 2, 2, 3 ];{[ (1, 6)(2, 7)(3, 9)(4, 5)(10, 11), (1, 3)(4, 9)(5, 7)(6, 8)(10, 11), (1, 3, 5)(2, 7, 8)(4, 9, 6), (1, 2)(3, 9)(4, 8)(5, 6) ]}
880;[ 2, 3, 18 ];{[ (1, 7, 2)(3, 6, 8)(4, 5, 9), (1, 2, 8, 5, 3, 7, 9, 6, 4)(10, 11), (1, 9)(3, 4)(5, 6)(7, 8)(10, 11) ]}
881;[ 2, 2, 2, 3 ];{[ (1, 3)(2, 6)(4, 7)(5, 8), (1, 3)(4, 6)(7, 8)(9, 10), (1, 2)(4, 6)(5, 8)(9, 11), (1, 6, 2)(4, 7, 5)(9, 11, 10) ]}
881;[ 2, 3, 12 ];{}
881;[ 2, 3, 8 ];{[ (1, 5)(2, 3)(4, 8)(9, 11), (1, 8, 7)(3, 5, 6)(9, 10, 11), (1, 7, 4, 8, 5, 2, 3, 6)(10, 11) ]:[ (1, 5)(3, 6)(4, 7)(9, 11), (1, 7, 3)(2, 4, 8)(9, 10, 11), (1, 6, 3, 4, 2, 8, 7, 5)(10, 11) ]}
881;[ 2, 4, 6 ];{}
881;[ 2, 4, 8 ];{}
882;[ 2, 3, 12 ];{}
882;[ 2, 3, 24 ];{[ (1, 8, 2, 7, 3, 4, 5, 6)(9, 11, 10), (1, 6)(2, 7)(4, 8), (1, 5, 4)(3, 7, 8)(9, 10, 11) ]:[ (1, 5, 8, 4, 3, 7, 6, 2)(9, 10, 11), (1, 2)(3, 5)(6, 7), (1, 6, 3)(4, 8, 5)(9, 11, 10) ]}
883;[ 2, 2, 2, 3 ];{}
883;[ 2, 3, 12 ];{}
883;[ 2, 4, 6 ];{}
884;[ 2, 3, 12 ];{}
886;[ 2, 3, 12 ];{}
888;[ 2, 3, 12 ];{}
889;[ 2, 3, 12 ];{}
893;[ 2, 2, 2, 3 ];{}
893;[ 2, 3, 8 ];{}
893;[ 2, 4, 6 ];{}
893;[ 2, 4, 8 ];{}
894;[ 2, 2, 2, 3 ];{}
894;[ 2, 3, 8 ];{}
894;[ 2, 4, 6 ];{}
894;[ 2, 4, 8 ];{}
895;[ 2, 2, 2, 3 ];{}
895;[ 2, 3, 8 ];{}
895;[ 2, 4, 6 ];{}
895;[ 2, 4, 8 ];{}
896;[ 2, 2, 2, 3 ];{}
897;[ 2, 2, 2, 3 ];{}
900;[ 2, 3, 12 ];{}
901;[ 2, 2, 2, 3 ];{}
901;[ 2, 4, 6 ];{}
903;[ 2, 2, 2, 3 ];{}
903;[ 2, 3, 12 ];{}
903;[ 2, 4, 6 ];{}
904;[ 2, 2, 2, 3 ];{}
904;[ 2, 3, 12 ];{}
904;[ 2, 4, 6 ];{}
905;[ 2, 2, 2, 3 ];{}
905;[ 2, 3, 12 ];{}
905;[ 2, 4, 6 ];{}
918;[ 2, 2, 2, 3 ];{}
919;[ 2, 2, 2, 3 ];{}
921;[ 2, 2, 2, 3 ];{}
925;[ 2, 3, 12 ];{}
927;[ 2, 2, 2, 3 ];{}
927;[ 2, 4, 6 ];{}
96;[ 2, 4, 8 ];{}
