1015;[ 2, 2, 2, 3 ];{}
1017;[ 2, 2, 2, 3 ];{}
1019;[ 2, 2, 2, 3 ];{}
11;[ 2, 2, 2, 3 ];{}
12;[ 2, 2, 2, 3 ];{}
13;[ 2, 2, 2, 3 ];{}
14;[ 2, 2, 2, 3 ];{}
15;[ 2, 2, 2, 3 ];{}
16;[ 2, 2, 2, 3 ];{}
17;[ 2, 2, 2, 3 ];{}
18;[ 2, 2, 2, 3 ];{}
184;[ 2, 2, 2, 3 ];{}
185;[ 2, 2, 2, 3 ];{}
186;[ 2, 2, 2, 3 ];{}
187;[ 2, 2, 2, 3 ];{}
19;[ 2, 2, 2, 3 ];{}
20;[ 2, 2, 2, 3 ];{}
21;[ 2, 2, 2, 3 ];{}
219;[ 2, 2, 2, 3 ];{}
22;[ 2, 2, 2, 3 ];{}
234;[ 2, 2, 2, 3 ];{}
235;[ 2, 2, 2, 3 ];{}
236;[ 2, 2, 2, 3 ];{}
237;[ 2, 2, 2, 3 ];{}
238;[ 2, 2, 2, 3 ];{}
239;[ 2, 2, 2, 3 ];{}
240;[ 2, 2, 2, 3 ];{}
241;[ 2, 2, 2, 3 ];{}
242;[ 2, 2, 2, 3 ];{}
243;[ 2, 2, 2, 3 ];{}
244;[ 2, 2, 2, 3 ];{}
245;[ 2, 2, 2, 3 ];{}
246;[ 2, 2, 2, 3 ];{}
247;[ 2, 2, 2, 3 ];{}
248;[ 2, 2, 2, 3 ];{}
249;[ 2, 2, 2, 3 ];{}
250;[ 2, 2, 2, 3 ];{}
251;[ 2, 2, 2, 3 ];{}
256;[ 2, 2, 2, 3 ];{}
257;[ 2, 2, 2, 3 ];{}
258;[ 2, 2, 2, 3 ];{}
259;[ 2, 2, 2, 3 ];{}
260;[ 2, 2, 2, 3 ];{}
261;[ 2, 2, 2, 3 ];{}
262;[ 2, 2, 2, 3 ];{}
263;[ 2, 2, 2, 3 ];{}
264;[ 2, 2, 2, 3 ];{}
265;[ 2, 2, 2, 3 ];{}
266;[ 2, 2, 2, 3 ];{}
267;[ 2, 2, 2, 3 ];{}
271;[ 2, 2, 2, 3 ];{}
273;[ 2, 2, 2, 3 ];{}
274;[ 2, 2, 2, 3 ];{}
275;[ 2, 2, 2, 3 ];{}
277;[ 2, 2, 2, 3 ];{}
279;[ 2, 2, 2, 3 ];{}
280;[ 2, 2, 2, 3 ];{}
281;[ 2, 2, 2, 3 ];{}
283;[ 2, 2, 2, 3 ];{}
285;[ 2, 2, 2, 3 ];{}
288;[ 2, 2, 2, 3 ];{}
289;[ 2, 2, 2, 3 ];{}
290;[ 2, 2, 2, 3 ];{}
291;[ 2, 2, 2, 3 ];{}
292;[ 2, 2, 2, 3 ];{}
293;[ 2, 2, 2, 3 ];{}
294;[ 2, 2, 2, 3 ];{}
295;[ 2, 2, 2, 3 ];{}
296;[ 2, 2, 2, 3 ];{}
297;[ 2, 2, 2, 3 ];{}
299;[ 2, 2, 2, 3 ];{}
300;[ 2, 2, 2, 3 ];{}
301;[ 2, 2, 2, 3 ];{}
302;[ 2, 2, 2, 3 ];{}
303;[ 2, 2, 2, 3 ];{}
304;[ 2, 2, 2, 3 ];{}
305;[ 2, 2, 2, 3 ];{}
306;[ 2, 2, 2, 3 ];{}
307;[ 2, 2, 2, 3 ];{}
308;[ 2, 2, 2, 3 ];{}
309;[ 2, 2, 2, 3 ];{}
310;[ 2, 2, 2, 3 ];{}
311;[ 2, 2, 2, 3 ];{}
312;[ 2, 2, 2, 3 ];{}
313;[ 2, 2, 2, 3 ];{}
315;[ 2, 2, 2, 3 ];{}
316;[ 2, 2, 2, 3 ];{}
317;[ 2, 2, 2, 3 ];{}
318;[ 2, 2, 2, 3 ];{}
334;[ 2, 2, 2, 3 ];{}
335;[ 2, 2, 2, 3 ];{}
336;[ 2, 2, 2, 3 ];{}
337;[ 2, 2, 2, 3 ];{}
338;[ 2, 2, 2, 3 ];{}
339;[ 2, 2, 2, 3 ];{}
340;[ 2, 2, 2, 3 ];{}
341;[ 2, 2, 2, 3 ];{}
342;[ 2, 2, 2, 3 ];{}
343;[ 2, 2, 2, 3 ];{}
344;[ 2, 2, 2, 3 ];{}
345;[ 2, 2, 2, 3 ];{}
346;[ 2, 2, 2, 3 ];{}
347;[ 2, 2, 2, 3 ];{}
348;[ 2, 2, 2, 3 ];{}
349;[ 2, 2, 2, 3 ];{}
350;[ 2, 2, 2, 3 ];{}
351;[ 2, 2, 2, 3 ];{}
352;[ 2, 2, 2, 3 ];{}
353;[ 2, 2, 2, 3 ];{}
354;[ 2, 2, 2, 3 ];{}
355;[ 2, 2, 2, 3 ];{}
356;[ 2, 2, 2, 3 ];{}
357;[ 2, 2, 2, 3 ];{}
358;[ 2, 2, 2, 3 ];{}
359;[ 2, 2, 2, 3 ];{}
360;[ 2, 2, 2, 3 ];{}
373;[ 2, 2, 2, 3 ];{}
374;[ 2, 2, 2, 3 ];{}
375;[ 2, 2, 2, 3 ];{}
377;[ 2, 2, 2, 3 ];{}
378;[ 2, 2, 2, 3 ];{}
380;[ 2, 2, 2, 3 ];{}
381;[ 2, 2, 2, 3 ];{}
383;[ 2, 2, 2, 3 ];{}
384;[ 2, 2, 2, 3 ];{}
385;[ 2, 2, 2, 3 ];{}
386;[ 2, 2, 2, 3 ];{}
387;[ 2, 2, 2, 3 ];{}
389;[ 2, 2, 2, 3 ];{}
391;[ 2, 2, 2, 3 ];{}
393;[ 2, 2, 2, 3 ];{}
394;[ 2, 2, 2, 3 ];{}
395;[ 2, 2, 2, 3 ];{}
396;[ 2, 2, 2, 3 ];{}
398;[ 2, 2, 2, 3 ];{}
400;[ 2, 2, 2, 3 ];{}
402;[ 2, 2, 2, 3 ];{}
415;[ 2, 2, 2, 3 ];{}
416;[ 2, 2, 2, 3 ];{}
417;[ 2, 2, 2, 3 ];{}
418;[ 2, 2, 2, 3 ];{}
419;[ 2, 2, 2, 3 ];{}
420;[ 2, 2, 2, 3 ];{}
421;[ 2, 2, 2, 3 ];{}
422;[ 2, 2, 2, 3 ];{}
423;[ 2, 2, 2, 3 ];{}
424;[ 2, 2, 2, 3 ];{}
425;[ 2, 2, 2, 3 ];{}
426;[ 2, 2, 2, 3 ];{}
427;[ 2, 2, 2, 3 ];{}
428;[ 2, 2, 2, 3 ];{}
429;[ 2, 2, 2, 3 ];{}
430;[ 2, 2, 2, 3 ];{}
431;[ 2, 2, 2, 3 ];{}
432;[ 2, 2, 2, 3 ];{}
433;[ 2, 2, 2, 3 ];{}
434;[ 2, 2, 2, 3 ];{}
435;[ 2, 2, 2, 3 ];{}
436;[ 2, 2, 2, 3 ];{}
437;[ 2, 2, 2, 3 ];{}
438;[ 2, 2, 2, 3 ];{}
439;[ 2, 2, 2, 3 ];{}
440;[ 2, 2, 2, 3 ];{}
441;[ 2, 2, 2, 3 ];{}
442;[ 2, 2, 2, 3 ];{}
443;[ 2, 2, 2, 3 ];{}
444;[ 2, 2, 2, 3 ];{}
449;[ 2, 2, 2, 3 ];{}
450;[ 2, 2, 2, 3 ];{}
451;[ 2, 2, 2, 3 ];{}
452;[ 2, 2, 2, 3 ];{}
453;[ 2, 2, 2, 3 ];{}
454;[ 2, 2, 2, 3 ];{}
455;[ 2, 2, 2, 3 ];{}
456;[ 2, 2, 2, 3 ];{}
457;[ 2, 2, 2, 3 ];{}
461;[ 2, 2, 2, 3 ];{}
462;[ 2, 2, 2, 3 ];{}
463;[ 2, 2, 2, 3 ];{}
464;[ 2, 2, 2, 3 ];{}
465;[ 2, 2, 2, 3 ];{}
466;[ 2, 2, 2, 3 ];{}
467;[ 2, 2, 2, 3 ];{}
468;[ 2, 2, 2, 3 ];{}
469;[ 2, 2, 2, 3 ];{}
470;[ 2, 2, 2, 3 ];{}
471;[ 2, 2, 2, 3 ];{}
472;[ 2, 2, 2, 3 ];{}
473;[ 2, 2, 2, 3 ];{}
474;[ 2, 2, 2, 3 ];{}
475;[ 2, 2, 2, 3 ];{}
476;[ 2, 2, 2, 3 ];{}
477;[ 2, 2, 2, 3 ];{}
478;[ 2, 2, 2, 3 ];{}
479;[ 2, 2, 2, 3 ];{}
480;[ 2, 2, 2, 3 ];{}
481;[ 2, 2, 2, 3 ];{}
482;[ 2, 2, 2, 3 ];{}
483;[ 2, 2, 2, 3 ];{}
484;[ 2, 2, 2, 3 ];{}
485;[ 2, 2, 2, 3 ];{}
486;[ 2, 2, 2, 3 ];{}
487;[ 2, 2, 2, 3 ];{}
488;[ 2, 2, 2, 3 ];{}
489;[ 2, 2, 2, 3 ];{}
490;[ 2, 2, 2, 3 ];{}
491;[ 2, 2, 2, 3 ];{}
492;[ 2, 2, 2, 3 ];{}
493;[ 2, 2, 2, 3 ];{}
494;[ 2, 2, 2, 3 ];{}
495;[ 2, 2, 2, 3 ];{}
496;[ 2, 2, 2, 3 ];{}
497;[ 2, 2, 2, 3 ];{}
498;[ 2, 2, 2, 3 ];{}
499;[ 2, 2, 2, 3 ];{}
500;[ 2, 2, 2, 3 ];{}
501;[ 2, 2, 2, 3 ];{}
502;[ 2, 2, 2, 3 ];{}
503;[ 2, 2, 2, 3 ];{}
504;[ 2, 2, 2, 3 ];{}
505;[ 2, 2, 2, 3 ];{}
506;[ 2, 2, 2, 3 ];{}
507;[ 2, 2, 2, 3 ];{}
508;[ 2, 2, 2, 3 ];{}
509;[ 2, 2, 2, 3 ];{}
510;[ 2, 2, 2, 3 ];{}
511;[ 2, 2, 2, 3 ];{}
515;[ 2, 2, 2, 3 ];{}
518;[ 2, 2, 2, 3 ];{}
519;[ 2, 2, 2, 3 ];{}
521;[ 2, 2, 2, 3 ];{}
524;[ 2, 2, 2, 3 ];{}
525;[ 2, 2, 2, 3 ];{}
528;[ 2, 2, 2, 3 ];{}
529;[ 2, 2, 2, 3 ];{}
531;[ 2, 2, 2, 3 ];{}
533;[ 2, 2, 2, 3 ];{}
535;[ 2, 2, 2, 3 ];{}
538;[ 2, 2, 2, 3 ];{}
540;[ 2, 2, 2, 3 ];{}
544;[ 2, 2, 2, 3 ];{}
545;[ 2, 2, 2, 3 ];{}
546;[ 2, 2, 2, 3 ];{}
547;[ 2, 2, 2, 3 ];{}
548;[ 2, 2, 2, 3 ];{}
549;[ 2, 2, 2, 3 ];{}
550;[ 2, 2, 2, 3 ];{}
551;[ 2, 2, 2, 3 ];{}
552;[ 2, 2, 2, 3 ];{}
553;[ 2, 2, 2, 3 ];{}
554;[ 2, 2, 2, 3 ];{}
555;[ 2, 2, 2, 3 ];{}
556;[ 2, 2, 2, 3 ];{}
557;[ 2, 2, 2, 3 ];{}
558;[ 2, 2, 2, 3 ];{}
559;[ 2, 2, 2, 3 ];{}
560;[ 2, 2, 2, 3 ];{}
561;[ 2, 2, 2, 3 ];{}
562;[ 2, 2, 2, 3 ];{}
563;[ 2, 2, 2, 3 ];{}
564;[ 2, 2, 2, 3 ];{}
745;[ 2, 2, 2, 3 ];{}
746;[ 2, 2, 2, 3 ];{}
750;[ 2, 2, 2, 3 ];{}
751;[ 2, 2, 2, 3 ];{}
752;[ 2, 2, 2, 3 ];{}
754;[ 2, 2, 2, 3 ];{}
755;[ 2, 2, 2, 3 ];{}
756;[ 2, 2, 2, 3 ];{}
759;[ 2, 2, 2, 3 ];{}
760;[ 2, 2, 2, 3 ];{}
761;[ 2, 2, 2, 3 ];{}
762;[ 2, 2, 2, 3 ];{}
764;[ 2, 2, 2, 3 ];{}
765;[ 2, 2, 2, 3 ];{}
766;[ 2, 2, 2, 3 ];{}
767;[ 2, 2, 2, 3 ];{}
771;[ 2, 2, 2, 3 ];{}
772;[ 2, 2, 2, 3 ];{}
773;[ 2, 2, 2, 3 ];{}
774;[ 2, 2, 2, 3 ];{}
778;[ 2, 2, 2, 3 ];{}
779;[ 2, 2, 2, 3 ];{}
780;[ 2, 2, 2, 3 ];{}
781;[ 2, 2, 2, 3 ];{}
784;[ 2, 2, 2, 3 ];{}
785;[ 2, 2, 2, 3 ];{}
786;[ 2, 2, 2, 3 ];{}
787;[ 2, 2, 2, 3 ];{}
788;[ 2, 2, 2, 3 ];{}
789;[ 2, 2, 2, 3 ];{}
790;[ 2, 2, 2, 3 ];{}
791;[ 2, 2, 2, 3 ];{}
792;[ 2, 2, 2, 3 ];{}
793;[ 2, 2, 2, 3 ];{}
794;[ 2, 2, 2, 3 ];{}
795;[ 2, 2, 2, 3 ];{}
800;[ 2, 2, 2, 3 ];{}
805;[ 2, 2, 2, 3 ];{}
806;[ 2, 2, 2, 3 ];{}
808;[ 2, 2, 2, 3 ];{}
809;[ 2, 2, 2, 3 ];{}
810;[ 2, 2, 2, 3 ];{}
811;[ 2, 2, 2, 3 ];{}
812;[ 2, 2, 2, 3 ];{}
813;[ 2, 2, 2, 3 ];{}
814;[ 2, 2, 2, 3 ];{}
815;[ 2, 2, 2, 3 ];{}
816;[ 2, 2, 2, 3 ];{}
817;[ 2, 2, 2, 3 ];{}
819;[ 2, 2, 2, 3 ];{}
820;[ 2, 2, 2, 3 ];{}
821;[ 2, 2, 2, 3 ];{}
822;[ 2, 2, 2, 3 ];{}
823;[ 2, 2, 2, 3 ];{}
825;[ 2, 2, 2, 3 ];{}
826;[ 2, 2, 2, 3 ];{}
827;[ 2, 2, 2, 3 ];{}
829;[ 2, 2, 2, 3 ];{}
854;[ 2, 2, 2, 3 ];{}
854;[ 2, 3, 12 ];{}
854;[ 2, 4, 6 ];{}
855;[ 2, 2, 2, 3 ];{}
855;[ 2, 3, 12 ];{}
855;[ 2, 4, 6 ];{}
856;[ 2, 2, 2, 3 ];{}
856;[ 2, 3, 12 ];{}
856;[ 2, 4, 6 ];{}
857;[ 2, 2, 2, 3 ];{}
857;[ 2, 3, 12 ];{}
857;[ 2, 4, 6 ];{}
858;[ 2, 2, 2, 3 ];{}
858;[ 2, 4, 6 ];{}
859;[ 2, 2, 2, 3 ];{}
859;[ 2, 4, 6 ];{}
860;[ 2, 2, 2, 3 ];{}
860;[ 2, 4, 6 ];{}
861;[ 2, 2, 2, 3 ];{}
861;[ 2, 4, 6 ];{}
862;[ 2, 2, 2, 3 ];{}
862;[ 2, 3, 12 ];{}
862;[ 2, 4, 6 ];{}
865;[ 2, 2, 2, 3 ];{}
865;[ 2, 3, 12 ];{}
865;[ 2, 4, 6 ];{}
867;[ 2, 2, 2, 3 ];{}
867;[ 2, 4, 6 ];{}
868;[ 2, 2, 2, 3 ];{}
868;[ 2, 4, 6 ];{}
880;[ 2, 2, 2, 3 ];{}
880;[ 2, 3, 12 ];{}
880;[ 2, 4, 6 ];{}
882;[ 2, 2, 2, 3 ];{}
882;[ 2, 3, 12 ];{}
882;[ 2, 4, 6 ];{}
883;[ 2, 2, 2, 3 ];{}
883;[ 2, 4, 6 ];{}
884;[ 2, 2, 2, 3 ];{}
884;[ 2, 4, 6 ];{}
885;[ 2, 2, 2, 3 ];{}
885;[ 2, 4, 6 ];{}
886;[ 2, 2, 2, 3 ];{}
886;[ 2, 3, 12 ];{}
886;[ 2, 4, 6 ];{}
887;[ 2, 2, 2, 3 ];{}
887;[ 2, 3, 12 ];{}
887;[ 2, 4, 6 ];{}
888;[ 2, 2, 2, 3 ];{}
888;[ 2, 3, 12 ];{}
888;[ 2, 4, 6 ];{}
890;[ 2, 2, 2, 3 ];{}
890;[ 2, 4, 6 ];{}
891;[ 2, 3, 12 ];{}
893;[ 2, 3, 12 ];{}
894;[ 2, 3, 12 ];{}
896;[ 2, 3, 12 ];{}
897;[ 2, 3, 12 ];{}
898;[ 2, 3, 12 ];{}
899;[ 2, 3, 12 ];{}
901;[ 2, 3, 12 ];{}
