10;[ 2, 2, 2, 3 ];{}
104;[ 2, 2, 2, 3 ];{}
104;[ 2, 3, 10 ];{}
104;[ 2, 3, 20 ];{}
104;[ 2, 4, 5 ];{}
107;[ 2, 2, 2, 3 ];{}
107;[ 2, 3, 10 ];{}
107;[ 2, 4, 5 ];{}
109;[ 2, 2, 2, 3 ];{}
109;[ 2, 3, 10 ];{}
109;[ 2, 4, 5 ];{}
110;[ 2, 2, 2, 3 ];{}
110;[ 2, 3, 10 ];{}
110;[ 2, 3, 20 ];{}
110;[ 2, 4, 5 ];{}
114;[ 2, 2, 2, 3 ];{}
114;[ 2, 3, 10 ];{}
114;[ 2, 4, 5 ];{}
115;[ 2, 2, 2, 3 ];{}
115;[ 2, 3, 10 ];{}
115;[ 2, 3, 20 ];{}
115;[ 2, 4, 5 ];{}
116;[ 2, 2, 2, 3 ];{}
116;[ 2, 3, 10 ];{}
116;[ 2, 4, 5 ];{}
117;[ 2, 2, 2, 3 ];{}
117;[ 2, 3, 10 ];{}
117;[ 2, 3, 20 ];{}
117;[ 2, 4, 5 ];{}
12;[ 2, 2, 2, 3 ];{}
13;[ 2, 2, 2, 3 ];{}
130;[ 2, 2, 2, 3 ];{}
130;[ 2, 3, 20 ];{}
131;[ 2, 2, 2, 3 ];{}
131;[ 2, 3, 10 ];{}
131;[ 2, 3, 20 ];{}
131;[ 2, 4, 5 ];{}
136;[ 2, 2, 2, 3 ];{}
136;[ 2, 3, 20 ];{}
137;[ 2, 2, 2, 3 ];{}
137;[ 2, 3, 10 ];{}
137;[ 2, 4, 5 ];{}
140;[ 2, 2, 2, 3 ];{}
140;[ 2, 3, 10 ];{}
140;[ 2, 4, 5 ];{}
141;[ 2, 2, 2, 3 ];{}
141;[ 2, 3, 10 ];{}
141;[ 2, 4, 5 ];{}
142;[ 2, 2, 2, 3 ];{}
142;[ 2, 3, 10 ];{}
142;[ 2, 3, 20 ];{}
142;[ 2, 4, 5 ];{}
143;[ 2, 2, 2, 3 ];{}
143;[ 2, 3, 10 ];{}
143;[ 2, 4, 5 ];{}
144;[ 2, 2, 2, 3 ];{}
144;[ 2, 3, 10 ];{}
144;[ 2, 3, 20 ];{}
144;[ 2, 4, 5 ];{}
147;[ 2, 2, 2, 3 ];{}
147;[ 2, 3, 10 ];{}
147;[ 2, 4, 5 ];{}
149;[ 2, 2, 2, 3 ];{}
149;[ 2, 3, 10 ];{}
149;[ 2, 3, 20 ];{}
149;[ 2, 4, 5 ];{}
150;[ 2, 2, 2, 3 ];{}
150;[ 2, 3, 10 ];{}
150;[ 2, 4, 5 ];{}
151;[ 2, 2, 2, 3 ];{}
151;[ 2, 3, 10 ];{}
151;[ 2, 3, 20 ];{}
151;[ 2, 4, 5 ];{}
154;[ 2, 2, 2, 3 ];{}
154;[ 2, 3, 10 ];{}
154;[ 2, 4, 5 ];{}
156;[ 2, 2, 2, 3 ];{}
156;[ 2, 3, 10 ];{}
156;[ 2, 4, 5 ];{}
157;[ 2, 2, 2, 3 ];{}
157;[ 2, 3, 10 ];{}
157;[ 2, 3, 20 ];{}
157;[ 2, 4, 5 ];{}
158;[ 2, 2, 2, 3 ];{}
158;[ 2, 3, 10 ];{}
158;[ 2, 3, 20 ];{}
158;[ 2, 4, 5 ];{}
160;[ 2, 2, 2, 3 ];{}
160;[ 2, 3, 10 ];{}
160;[ 2, 3, 20 ];{}
160;[ 2, 4, 5 ];{}
162;[ 2, 2, 2, 3 ];{}
162;[ 2, 3, 10 ];{}
162;[ 2, 4, 5 ];{}
233;[ 2, 2, 2, 3 ];{}
233;[ 2, 3, 20 ];{}
235;[ 2, 2, 2, 3 ];{}
235;[ 2, 3, 20 ];{}
236;[ 2, 2, 2, 3 ];{}
236;[ 2, 3, 10 ];{}
236;[ 2, 3, 20 ];{}
236;[ 2, 4, 5 ];{}
238;[ 2, 2, 2, 3 ];{}
238;[ 2, 3, 10 ];{}
238;[ 2, 3, 20 ];{}
238;[ 2, 4, 5 ];{}
240;[ 2, 2, 2, 3 ];{}
240;[ 2, 3, 10 ];{}
240;[ 2, 4, 5 ];{}
242;[ 2, 2, 2, 3 ];{}
242;[ 2, 3, 10 ];{}
242;[ 2, 4, 5 ];{}
260;[ 2, 2, 2, 3 ];{}
260;[ 2, 4, 5 ];{}
262;[ 2, 2, 2, 3 ];{}
262;[ 2, 4, 5 ];{}
263;[ 2, 2, 2, 3 ];{}
263;[ 2, 3, 10 ];{}
282;[ 2, 2, 2, 3 ];{}
282;[ 2, 3, 10 ];{}
282;[ 2, 4, 5 ];{}
283;[ 2, 2, 2, 3 ];{}
283;[ 2, 3, 10 ];{}
283;[ 2, 3, 20 ];{}
283;[ 2, 4, 5 ];{}
285;[ 2, 2, 2, 3 ];{}
285;[ 2, 3, 10 ];{}
285;[ 2, 3, 20 ];{}
285;[ 2, 4, 5 ];{}
286;[ 2, 2, 2, 3 ];{}
287;[ 2, 2, 2, 3 ];{}
29;[ 2, 2, 2, 3 ];{}
299;[ 2, 2, 2, 3 ];{}
299;[ 2, 3, 10 ];{}
299;[ 2, 4, 5 ];{}
300;[ 2, 2, 2, 3 ];{}
300;[ 2, 3, 10 ];{}
300;[ 2, 4, 5 ];{}
301;[ 2, 2, 2, 3 ];{}
301;[ 2, 3, 10 ];{}
301;[ 2, 4, 5 ];{}
331;[ 2, 2, 2, 3 ];{}
332;[ 2, 2, 2, 3 ];{}
335;[ 2, 2, 2, 3 ];{}
336;[ 2, 2, 2, 3 ];{}
337;[ 2, 2, 2, 3 ];{}
338;[ 2, 2, 2, 3 ];{}
339;[ 2, 2, 2, 3 ];{}
358;[ 2, 2, 2, 3 ];{}
359;[ 2, 2, 2, 3 ];{}
408;[ 2, 2, 2, 3 ];{}
408;[ 2, 3, 10 ];{}
408;[ 2, 4, 5 ];{}
409;[ 2, 2, 2, 3 ];{}
409;[ 2, 3, 10 ];{}
409;[ 2, 3, 20 ];{}
409;[ 2, 4, 5 ];{}
410;[ 2, 2, 2, 3 ];{}
410;[ 2, 3, 10 ];{}
410;[ 2, 4, 5 ];{}
411;[ 2, 2, 2, 3 ];{}
411;[ 2, 3, 10 ];{}
411;[ 2, 3, 20 ];{}
411;[ 2, 4, 5 ];{}
422;[ 2, 2, 2, 3 ];{}
422;[ 2, 3, 10 ];{}
422;[ 2, 4, 5 ];{}
423;[ 2, 2, 2, 3 ];{}
423;[ 2, 3, 10 ];{}
423;[ 2, 3, 20 ];{}
423;[ 2, 4, 5 ];{}
424;[ 2, 2, 2, 3 ];{}
424;[ 2, 3, 10 ];{}
424;[ 2, 4, 5 ];{}
425;[ 2, 2, 2, 3 ];{}
425;[ 2, 3, 10 ];{}
425;[ 2, 3, 20 ];{}
425;[ 2, 4, 5 ];{}
429;[ 2, 2, 2, 3 ];{}
429;[ 2, 3, 10 ];{}
429;[ 2, 4, 5 ];{}
430;[ 2, 2, 2, 3 ];{}
430;[ 2, 3, 10 ];{}
430;[ 2, 3, 20 ];{}
430;[ 2, 4, 5 ];{}
431;[ 2, 2, 2, 3 ];{}
431;[ 2, 3, 10 ];{}
431;[ 2, 4, 5 ];{}
432;[ 2, 2, 2, 3 ];{}
432;[ 2, 3, 10 ];{}
432;[ 2, 3, 20 ];{}
432;[ 2, 4, 5 ];{}
436;[ 2, 2, 2, 3 ];{}
436;[ 2, 3, 10 ];{}
436;[ 2, 4, 5 ];{}
437;[ 2, 2, 2, 3 ];{}
437;[ 2, 3, 10 ];{}
437;[ 2, 3, 20 ];{}
437;[ 2, 4, 5 ];{}
438;[ 2, 2, 2, 3 ];{}
438;[ 2, 3, 10 ];{}
438;[ 2, 4, 5 ];{}
439;[ 2, 2, 2, 3 ];{}
439;[ 2, 3, 10 ];{}
439;[ 2, 3, 20 ];{}
439;[ 2, 4, 5 ];{}
445;[ 2, 2, 2, 3 ];{}
445;[ 2, 3, 10 ];{}
445;[ 2, 4, 5 ];{}
446;[ 2, 2, 2, 3 ];{}
446;[ 2, 3, 10 ];{}
446;[ 2, 3, 20 ];{}
446;[ 2, 4, 5 ];{}
447;[ 2, 2, 2, 3 ];{}
447;[ 2, 3, 10 ];{}
447;[ 2, 3, 20 ];{}
447;[ 2, 4, 5 ];{}
479;[ 2, 2, 2, 3 ];{}
479;[ 2, 3, 10 ];{}
479;[ 2, 3, 20 ];{}
479;[ 2, 4, 5 ];{}
481;[ 2, 2, 2, 3 ];{}
481;[ 2, 3, 10 ];{}
481;[ 2, 3, 20 ];{}
481;[ 2, 4, 5 ];{}
483;[ 2, 2, 2, 3 ];{}
483;[ 2, 3, 10 ];{}
483;[ 2, 4, 5 ];{}
488;[ 2, 2, 2, 3 ];{}
488;[ 2, 4, 5 ];{}
491;[ 2, 2, 2, 3 ];{}
491;[ 2, 3, 10 ];{}
524;[ 2, 2, 2, 3 ];{}
524;[ 2, 3, 10 ];{}
524;[ 2, 4, 5 ];{}
525;[ 2, 2, 2, 3 ];{}
525;[ 2, 3, 10 ];{}
525;[ 2, 4, 5 ];{}
526;[ 2, 2, 2, 3 ];{}
526;[ 2, 3, 10 ];{}
526;[ 2, 3, 20 ];{}
526;[ 2, 4, 5 ];{}
528;[ 2, 2, 2, 3 ];{}
528;[ 2, 3, 10 ];{}
528;[ 2, 3, 20 ];{}
528;[ 2, 4, 5 ];{}
529;[ 2, 2, 2, 3 ];{}
529;[ 2, 3, 10 ];{}
529;[ 2, 4, 5 ];{}
53;[ 2, 2, 2, 3 ];{}
53;[ 2, 3, 10 ];{}
533;[ 2, 2, 2, 3 ];{}
533;[ 2, 3, 10 ];{}
533;[ 2, 3, 20 ];{}
533;[ 2, 4, 5 ];{}
534;[ 2, 2, 2, 3 ];{}
534;[ 2, 3, 10 ];{}
534;[ 2, 3, 20 ];{}
534;[ 2, 4, 5 ];{}
536;[ 2, 2, 2, 3 ];{}
537;[ 2, 2, 2, 3 ];{}
539;[ 2, 2, 2, 3 ];{}
540;[ 2, 2, 2, 3 ];{}
541;[ 2, 2, 2, 3 ];{}
547;[ 2, 2, 2, 3 ];{}
547;[ 2, 3, 10 ];{}
547;[ 2, 4, 5 ];{}
568;[ 2, 2, 2, 3 ];{}
57;[ 2, 2, 2, 3 ];{}
570;[ 2, 2, 2, 3 ];{}
571;[ 2, 2, 2, 3 ];{}
572;[ 2, 2, 2, 3 ];{}
574;[ 2, 2, 2, 3 ];{}
582;[ 2, 2, 2, 3 ];{}
61;[ 2, 2, 2, 3 ];{}
7;[ 2, 2, 2, 3 ];{}
