100;[ 2, 2, 2, 3 ];{}
101;[ 2, 2, 2, 3 ];{}
102;[ 2, 2, 2, 3 ];{}
103;[ 2, 2, 2, 3 ];{}
104;[ 2, 2, 2, 3 ];{}
105;[ 2, 2, 2, 3 ];{}
107;[ 2, 2, 2, 3 ];{}
108;[ 2, 2, 2, 3 ];{}
109;[ 2, 2, 2, 3 ];{}
11;[ 2, 2, 2, 3 ];{}
111;[ 2, 2, 2, 3 ];{}
112;[ 2, 2, 2, 3 ];{}
114;[ 2, 2, 2, 3 ];{}
116;[ 2, 2, 2, 3 ];{}
117;[ 2, 2, 2, 3 ];{}
118;[ 2, 2, 2, 3 ];{}
119;[ 2, 2, 2, 3 ];{}
12;[ 2, 2, 2, 3 ];{}
120;[ 2, 2, 2, 3 ];{}
121;[ 2, 2, 2, 3 ];{}
122;[ 2, 2, 2, 3 ];{}
13;[ 2, 2, 2, 3 ];{}
14;[ 2, 2, 2, 3 ];{}
146;[ 2, 2, 2, 3 ];{}
148;[ 2, 2, 2, 3 ];{}
149;[ 2, 2, 2, 3 ];{}
15;[ 2, 2, 2, 3 ];{}
150;[ 2, 2, 2, 3 ];{}
151;[ 2, 2, 2, 3 ];{}
152;[ 2, 2, 2, 3 ];{}
153;[ 2, 2, 2, 3 ];{}
155;[ 2, 2, 2, 3 ];{}
16;[ 2, 2, 2, 3 ];{}
160;[ 2, 2, 2, 3 ];{}
162;[ 2, 2, 2, 3 ];{}
17;[ 2, 2, 2, 3 ];{}
18;[ 2, 2, 2, 3 ];{}
19;[ 2, 2, 2, 3 ];{}
20;[ 2, 2, 2, 3 ];{}
21;[ 2, 2, 2, 3 ];{}
22;[ 2, 2, 2, 3 ];{}
74;[ 2, 2, 2, 3 ];{}
75;[ 2, 2, 2, 3 ];{}
76;[ 2, 2, 2, 3 ];{}
77;[ 2, 2, 2, 3 ];{}
90;[ 2, 2, 2, 3 ];{}
91;[ 2, 2, 2, 3 ];{}
96;[ 2, 2, 2, 3 ];{}
97;[ 2, 2, 2, 3 ];{}
98;[ 2, 2, 2, 3 ];{}
99;[ 2, 2, 2, 3 ];{}
