100;[ 2, 2, 2, 3 ];{}
100;[ 2, 3, 14 ];{}
100;[ 2, 4, 7 ];{}
102;[ 2, 2, 2, 3 ];{}
102;[ 2, 3, 14 ];{}
102;[ 2, 4, 7 ];{}
12;[ 2, 2, 2, 3 ];{}
15;[ 2, 2, 2, 3 ];{}
155;[ 2, 2, 2, 3 ];{}
155;[ 2, 3, 14 ];{}
155;[ 2, 4, 7 ];{}
156;[ 2, 2, 2, 3 ];{}
156;[ 2, 3, 14 ];{}
156;[ 2, 4, 7 ];{}
157;[ 2, 2, 2, 3 ];{}
157;[ 2, 3, 14 ];{}
157;[ 2, 4, 7 ];{}
158;[ 2, 2, 2, 3 ];{}
158;[ 2, 3, 14 ];{}
158;[ 2, 4, 7 ];{}
162;[ 2, 2, 2, 3 ];{}
162;[ 2, 3, 14 ];{}
162;[ 2, 4, 7 ];{}
163;[ 2, 2, 2, 3 ];{}
163;[ 2, 3, 14 ];{}
163;[ 2, 4, 7 ];{}
164;[ 2, 2, 2, 3 ];{}
164;[ 2, 3, 14 ];{}
164;[ 2, 4, 7 ];{}
165;[ 2, 2, 2, 3 ];{}
165;[ 2, 3, 14 ];{}
165;[ 2, 4, 7 ];{}
168;[ 2, 2, 2, 3 ];{}
168;[ 2, 3, 14 ];{}
168;[ 2, 4, 7 ];{}
169;[ 2, 2, 2, 3 ];{}
169;[ 2, 3, 14 ];{}
169;[ 2, 4, 7 ];{}
17;[ 2, 2, 2, 3 ];{}
170;[ 2, 2, 2, 3 ];{}
170;[ 2, 3, 14 ];{}
170;[ 2, 4, 7 ];{}
18;[ 2, 2, 2, 3 ];{}
204;[ 2, 2, 2, 3 ];{}
204;[ 2, 3, 14 ];{}
204;[ 2, 4, 7 ];{}
206;[ 2, 2, 2, 3 ];{}
206;[ 2, 3, 14 ];{}
206;[ 2, 4, 7 ];{}
208;[ 2, 2, 2, 3 ];{}
208;[ 2, 3, 14 ];{}
208;[ 2, 4, 7 ];{}
216;[ 2, 2, 2, 3 ];{}
216;[ 2, 3, 14 ];{}
216;[ 2, 4, 7 ];{}
225;[ 2, 2, 2, 3 ];{}
233;[ 2, 2, 2, 3 ];{}
233;[ 2, 3, 14 ];{}
233;[ 2, 4, 7 ];{}
234;[ 2, 2, 2, 3 ];{}
234;[ 2, 3, 14 ];{}
234;[ 2, 4, 7 ];{}
236;[ 2, 2, 2, 3 ];{}
236;[ 2, 4, 7 ];{}
237;[ 2, 2, 2, 3 ];{}
239;[ 2, 2, 2, 3 ];{}
242;[ 2, 2, 2, 3 ];{}
242;[ 2, 3, 14 ];{}
242;[ 2, 4, 7 ];{}
243;[ 2, 2, 2, 3 ];{}
243;[ 2, 3, 14 ];{}
243;[ 2, 4, 7 ];{}
264;[ 2, 2, 2, 3 ];{}
265;[ 2, 2, 2, 3 ];{}
266;[ 2, 2, 2, 3 ];{}
278;[ 2, 2, 2, 3 ];{}
38;[ 2, 2, 2, 3 ];{}
45;[ 2, 2, 2, 3 ];{}
45;[ 2, 3, 14 ];{}
45;[ 2, 4, 7 ];{}
49;[ 2, 2, 2, 3 ];{}
55;[ 2, 2, 2, 3 ];{}
76;[ 2, 2, 2, 3 ];{}
76;[ 2, 3, 14 ];{}
76;[ 2, 4, 7 ];{}
78;[ 2, 2, 2, 3 ];{}
78;[ 2, 3, 14 ];{}
78;[ 2, 4, 7 ];{}
80;[ 2, 2, 2, 3 ];{}
80;[ 2, 3, 14 ];{}
80;[ 2, 4, 7 ];{}
98;[ 2, 2, 2, 3 ];{}
98;[ 2, 3, 14 ];{}
98;[ 2, 4, 7 ];{}
