1116388;[ 2, 4, 5 ];{}
1116389;[ 2, 4, 5 ];{}
1116390;[ 2, 4, 5 ];{}
1116391;[ 2, 4, 5 ];{}
1116392;[ 2, 4, 5 ];{}
1116393;[ 2, 4, 5 ];{}
1116394;[ 2, 4, 5 ];{}
1116395;[ 2, 4, 5 ];{}
1116396;[ 2, 4, 5 ];{}
1116397;[ 2, 4, 5 ];{}
1116398;[ 2, 4, 5 ];{}
1116415;[ 2, 4, 5 ];{}
1116416;[ 2, 4, 5 ];{}
1116417;[ 2, 4, 5 ];{}
1116418;[ 2, 4, 5 ];{}
1116419;[ 2, 4, 5 ];{}
1116420;[ 2, 4, 5 ];{}
1116421;[ 2, 4, 5 ];{}
1116422;[ 2, 4, 5 ];{}
1116423;[ 2, 4, 5 ];{}
1116424;[ 2, 4, 5 ];{}
1116425;[ 2, 4, 5 ];{}
1116426;[ 2, 4, 5 ];{}
1116427;[ 2, 4, 5 ];{}
1116428;[ 2, 4, 5 ];{}
1116429;[ 2, 4, 5 ];{}
1116430;[ 2, 4, 5 ];{}
1116431;[ 2, 4, 5 ];{}
1116432;[ 2, 4, 5 ];{}
1116433;[ 2, 4, 5 ];{}
1116434;[ 2, 4, 5 ];{}
1116435;[ 2, 4, 5 ];{}
1116436;[ 2, 4, 5 ];{}
1116437;[ 2, 4, 5 ];{}
1116438;[ 2, 4, 5 ];{}
