100;[ 2, 3, 8 ];{}
101;[ 2, 3, 8 ];{}
102;[ 2, 3, 8 ];{}
103;[ 2, 3, 8 ];{}
104;[ 2, 3, 8 ];{}
105;[ 2, 3, 8 ];{}
106;[ 2, 3, 8 ];{}
117;[ 2, 3, 8 ];{}
118;[ 2, 3, 8 ];{}
119;[ 2, 3, 8 ];{}
120;[ 2, 3, 8 ];{}
121;[ 2, 3, 8 ];{}
122;[ 2, 3, 8 ];{}
123;[ 2, 3, 8 ];{}
124;[ 2, 3, 8 ];{}
131;[ 2, 3, 8 ];{}
132;[ 2, 3, 8 ];{}
133;[ 2, 3, 8 ];{}
134;[ 2, 3, 8 ];{}
135;[ 2, 3, 8 ];{}
1357;[ 2, 3, 8 ];{}
1358;[ 2, 3, 8 ];{}
1359;[ 2, 3, 8 ];{}
136;[ 2, 3, 8 ];{}
1360;[ 2, 3, 8 ];{}
1361;[ 2, 3, 8 ];{}
1362;[ 2, 3, 8 ];{}
1363;[ 2, 3, 8 ];{}
1364;[ 2, 3, 8 ];{}
1369;[ 2, 3, 8 ];{}
137;[ 2, 3, 8 ];{}
1370;[ 2, 3, 8 ];{}
1371;[ 2, 3, 8 ];{}
1372;[ 2, 3, 8 ];{}
1373;[ 2, 3, 8 ];{}
1374;[ 2, 3, 8 ];{}
1375;[ 2, 3, 8 ];{}
1376;[ 2, 3, 8 ];{}
1377;[ 2, 3, 8 ];{}
1378;[ 2, 3, 8 ];{}
1379;[ 2, 3, 8 ];{}
138;[ 2, 3, 8 ];{}
1380;[ 2, 3, 8 ];{}
1381;[ 2, 3, 8 ];{}
1382;[ 2, 3, 8 ];{}
1383;[ 2, 3, 8 ];{}
1384;[ 2, 3, 8 ];{}
1389;[ 2, 3, 8 ];{}
139;[ 2, 3, 8 ];{}
1390;[ 2, 3, 8 ];{}
1391;[ 2, 3, 8 ];{}
1392;[ 2, 3, 8 ];{}
1395;[ 2, 3, 8 ];{}
1396;[ 2, 3, 8 ];{}
1397;[ 2, 3, 8 ];{}
1398;[ 2, 3, 8 ];{}
1399;[ 2, 3, 8 ];{}
140;[ 2, 3, 8 ];{}
1400;[ 2, 3, 8 ];{}
1401;[ 2, 3, 8 ];{}
1402;[ 2, 3, 8 ];{}
1409;[ 2, 3, 8 ];{}
141;[ 2, 3, 8 ];{}
1410;[ 2, 3, 8 ];{}
1411;[ 2, 3, 8 ];{}
1412;[ 2, 3, 8 ];{}
1413;[ 2, 3, 8 ];{}
1414;[ 2, 3, 8 ];{}
1415;[ 2, 3, 8 ];{}
1416;[ 2, 3, 8 ];{}
1417;[ 2, 3, 8 ];{}
1418;[ 2, 3, 8 ];{}
1419;[ 2, 3, 8 ];{}
142;[ 2, 3, 8 ];{}
1420;[ 2, 3, 8 ];{}
1451;[ 2, 3, 8 ];{}
1452;[ 2, 3, 8 ];{}
1453;[ 2, 3, 8 ];{}
1456;[ 2, 3, 8 ];{}
1457;[ 2, 3, 8 ];{}
1458;[ 2, 3, 8 ];{}
1459;[ 2, 3, 8 ];{}
1462;[ 2, 3, 8 ];{}
1463;[ 2, 3, 8 ];{}
1464;[ 2, 3, 8 ];{}
1467;[ 2, 3, 8 ];{}
1468;[ 2, 3, 8 ];{}
1469;[ 2, 3, 8 ];{}
1470;[ 2, 3, 8 ];{}
1473;[ 2, 3, 8 ];{}
1474;[ 2, 3, 8 ];{}
1475;[ 2, 3, 8 ];{}
1478;[ 2, 3, 8 ];{}
1479;[ 2, 3, 8 ];{}
1480;[ 2, 3, 8 ];{}
1481;[ 2, 3, 8 ];{}
149;[ 2, 3, 8 ];{}
150;[ 2, 3, 8 ];{}
151;[ 2, 3, 8 ];{}
152;[ 2, 3, 8 ];{}
153;[ 2, 3, 8 ];{}
154;[ 2, 3, 8 ];{}
155;[ 2, 3, 8 ];{}
156;[ 2, 3, 8 ];{}
157;[ 2, 3, 8 ];{}
158;[ 2, 3, 8 ];{}
159;[ 2, 3, 8 ];{}
160;[ 2, 3, 8 ];{}
167;[ 2, 3, 8 ];{}
168;[ 2, 3, 8 ];{}
169;[ 2, 3, 8 ];{}
170;[ 2, 3, 8 ];{}
171;[ 2, 3, 8 ];{}
1715;[ 2, 3, 8 ];{}
1718;[ 2, 3, 8 ];{}
1719;[ 2, 3, 8 ];{}
172;[ 2, 3, 8 ];{}
1722;[ 2, 3, 8 ];{}
1723;[ 2, 3, 8 ];{}
1724;[ 2, 3, 8 ];{}
173;[ 2, 3, 8 ];{}
1737;[ 2, 3, 8 ];{}
1738;[ 2, 3, 8 ];{}
1739;[ 2, 3, 8 ];{}
174;[ 2, 3, 8 ];{}
1740;[ 2, 3, 8 ];{}
1741;[ 2, 3, 8 ];{}
1742;[ 2, 3, 8 ];{}
1743;[ 2, 3, 8 ];{}
1744;[ 2, 3, 8 ];{}
175;[ 2, 3, 8 ];{}
176;[ 2, 3, 8 ];{}
177;[ 2, 3, 8 ];{}
1779;[ 2, 3, 8 ];{}
178;[ 2, 3, 8 ];{}
1800;[ 2, 3, 9 ];{}
1801;[ 2, 3, 9 ];{}
1802;[ 2, 3, 9 ];{}
1803;[ 2, 3, 9 ];{}
1804;[ 2, 3, 9 ];{}
1805;[ 2, 3, 9 ];{}
1806;[ 2, 3, 9 ];{}
1807;[ 2, 3, 9 ];{}
1808;[ 2, 3, 9 ];{}
1809;[ 2, 3, 9 ];{}
1810;[ 2, 3, 9 ];{}
1811;[ 2, 3, 9 ];{}
1889;[ 2, 3, 9 ];{}
1890;[ 2, 3, 9 ];{}
1891;[ 2, 3, 9 ];{}
1893;[ 2, 3, 9 ];{}
1894;[ 2, 3, 9 ];{}
1895;[ 2, 3, 9 ];{}
1896;[ 2, 3, 9 ];{}
1897;[ 2, 3, 9 ];{}
1898;[ 2, 3, 9 ];{}
1900;[ 2, 3, 9 ];{}
1966;[ 2, 3, 8 ];{}
1967;[ 2, 3, 8 ];{}
1968;[ 2, 3, 8 ];{}
1969;[ 2, 3, 8 ];{}
1971;[ 2, 3, 8 ];{}
1972;[ 2, 3, 8 ];{}
1973;[ 2, 3, 8 ];{}
1974;[ 2, 3, 8 ];{}
1978;[ 2, 3, 8 ];{}
1979;[ 2, 3, 8 ];{}
1980;[ 2, 3, 8 ];{}
1983;[ 2, 3, 8 ];{}
1984;[ 2, 3, 8 ];{}
1985;[ 2, 3, 8 ];{}
1988;[ 2, 3, 8 ];{}
1989;[ 2, 3, 8 ];{}
1990;[ 2, 3, 8 ];{}
2132;[ 2, 3, 8 ];{}
2133;[ 2, 3, 8 ];{}
2134;[ 2, 3, 8 ];{}
2135;[ 2, 3, 8 ];{}
2138;[ 2, 3, 8 ];{}
2139;[ 2, 3, 8 ];{}
2140;[ 2, 3, 8 ];{}
2141;[ 2, 3, 8 ];{}
226;[ 2, 3, 9 ];{}
227;[ 2, 3, 9 ];{}
228;[ 2, 3, 9 ];{}
230;[ 2, 3, 9 ];{}
231;[ 2, 3, 9 ];{}
232;[ 2, 3, 9 ];{}
233;[ 2, 3, 9 ];{}
234;[ 2, 3, 9 ];{}
235;[ 2, 3, 9 ];{}
237;[ 2, 3, 9 ];{}
2705;[ 2, 3, 9 ];{}
2765;[ 2, 3, 8 ];{}
2766;[ 2, 3, 8 ];{}
2767;[ 2, 3, 8 ];{}
2768;[ 2, 3, 8 ];{}
2769;[ 2, 3, 8 ];{}
2770;[ 2, 3, 8 ];{}
2771;[ 2, 3, 8 ];{}
2772;[ 2, 3, 8 ];{}
2773;[ 2, 3, 8 ];{}
2774;[ 2, 3, 8 ];{}
2775;[ 2, 3, 8 ];{}
2776;[ 2, 3, 8 ];{}
2788;[ 2, 3, 8 ];{}
2789;[ 2, 3, 8 ];{}
2790;[ 2, 3, 8 ];{}
2791;[ 2, 3, 8 ];{}
2792;[ 2, 3, 8 ];{}
2793;[ 2, 3, 8 ];{}
2794;[ 2, 3, 8 ];{}
2804;[ 2, 3, 8 ];{}
2805;[ 2, 3, 8 ];{}
2806;[ 2, 3, 8 ];{}
2807;[ 2, 3, 8 ];{}
2808;[ 2, 3, 8 ];{}
2809;[ 2, 3, 8 ];{}
2810;[ 2, 3, 8 ];{}
2867;[ 2, 3, 8 ];{}
2868;[ 2, 3, 8 ];{}
2869;[ 2, 3, 8 ];{}
2876;[ 2, 3, 8 ];{}
2877;[ 2, 3, 8 ];{}
2878;[ 2, 3, 8 ];{}
2879;[ 2, 3, 8 ];{}
2889;[ 2, 3, 8 ];{[ $.1 * $.2^2 * $.3 * $.4 * $.6^2 * $.8, $.2^2 * $.3 * $.7^2, $.1 * $.2 * $.4 * $.5 * $.6 * $.7^2 * $.8^2 ]:[ $.1 * $.6^2 * $.7^2, $.2^2 * $.4 * $.7, $.1 * $.2^2 * $.3 * $.6 * $.7^2 ]}
2890;[ 2, 3, 8 ];{}
2891;[ 2, 3, 8 ];{}
2892;[ 2, 3, 8 ];{}
2901;[ 2, 3, 8 ];{}
2902;[ 2, 3, 8 ];{}
2903;[ 2, 3, 8 ];{}
2904;[ 2, 3, 8 ];{}
2905;[ 2, 3, 8 ];{}
2906;[ 2, 3, 8 ];{}
2907;[ 2, 3, 8 ];{}
3081;[ 2, 3, 8 ];{}
3082;[ 2, 3, 8 ];{}
3084;[ 2, 3, 8 ];{}
3085;[ 2, 3, 8 ];{}
3152;[ 2, 3, 8 ];{}
3153;[ 2, 3, 8 ];{}
3154;[ 2, 3, 8 ];{}
3155;[ 2, 3, 8 ];{}
3158;[ 2, 3, 8 ];{}
3159;[ 2, 3, 8 ];{}
3160;[ 2, 3, 8 ];{}
3164;[ 2, 3, 8 ];{}
3165;[ 2, 3, 8 ];{}
3166;[ 2, 3, 8 ];{}
3167;[ 2, 3, 8 ];{}
3170;[ 2, 3, 8 ];{}
3171;[ 2, 3, 8 ];{}
3172;[ 2, 3, 8 ];{}
3175;[ 2, 3, 8 ];{}
3176;[ 2, 3, 8 ];{}
3177;[ 2, 3, 8 ];{}
3282;[ 2, 3, 8 ];{}
3283;[ 2, 3, 8 ];{}
3488;[ 2, 3, 8 ];{}
3509;[ 2, 3, 8 ];{}
3514;[ 2, 3, 8 ];{}
3515;[ 2, 3, 8 ];{}
3516;[ 2, 3, 8 ];{}
3517;[ 2, 3, 8 ];{}
3518;[ 2, 3, 8 ];{}
3519;[ 2, 3, 8 ];{}
3520;[ 2, 3, 8 ];{}
3521;[ 2, 3, 8 ];{}
3522;[ 2, 3, 8 ];{}
3523;[ 2, 3, 8 ];{}
3544;[ 2, 3, 9 ];{}
446;[ 2, 3, 8 ];{}
449;[ 2, 3, 8 ];{}
450;[ 2, 3, 8 ];{}
451;[ 2, 3, 8 ];{}
454;[ 2, 3, 8 ];{}
455;[ 2, 3, 8 ];{}
461;[ 2, 3, 8 ];{}
464;[ 2, 3, 8 ];{}
465;[ 2, 3, 8 ];{}
466;[ 2, 3, 8 ];{}
469;[ 2, 3, 8 ];{}
470;[ 2, 3, 8 ];{}
471;[ 2, 3, 8 ];{}
474;[ 2, 3, 8 ];{}
475;[ 2, 3, 8 ];{}
476;[ 2, 3, 8 ];{}
479;[ 2, 3, 8 ];{}
480;[ 2, 3, 8 ];{}
523;[ 2, 3, 8 ];{}
524;[ 2, 3, 8 ];{}
525;[ 2, 3, 8 ];{}
526;[ 2, 3, 8 ];{}
527;[ 2, 3, 8 ];{}
528;[ 2, 3, 8 ];{}
529;[ 2, 3, 8 ];{}
530;[ 2, 3, 8 ];{}
531;[ 2, 3, 8 ];{}
532;[ 2, 3, 8 ];{}
533;[ 2, 3, 8 ];{}
534;[ 2, 3, 8 ];{}
535;[ 2, 3, 8 ];{}
536;[ 2, 3, 8 ];{}
537;[ 2, 3, 8 ];{}
538;[ 2, 3, 8 ];{}
539;[ 2, 3, 8 ];{}
540;[ 2, 3, 8 ];{}
541;[ 2, 3, 8 ];{}
542;[ 2, 3, 8 ];{}
543;[ 2, 3, 8 ];{}
544;[ 2, 3, 8 ];{}
545;[ 2, 3, 8 ];{}
546;[ 2, 3, 8 ];{}
547;[ 2, 3, 8 ];{}
548;[ 2, 3, 8 ];{}
549;[ 2, 3, 8 ];{}
550;[ 2, 3, 8 ];{}
657;[ 2, 3, 8 ];{}
658;[ 2, 3, 8 ];{}
659;[ 2, 3, 8 ];{}
700;[ 2, 3, 8 ];{}
701;[ 2, 3, 8 ];{}
703;[ 2, 3, 8 ];{}
704;[ 2, 3, 8 ];{}
705;[ 2, 3, 8 ];{}
706;[ 2, 3, 8 ];{}
707;[ 2, 3, 8 ];{}
708;[ 2, 3, 8 ];{}
709;[ 2, 3, 8 ];{}
710;[ 2, 3, 8 ];{}
711;[ 2, 3, 8 ];{}
712;[ 2, 3, 8 ];{}
713;[ 2, 3, 8 ];{}
714;[ 2, 3, 8 ];{}
715;[ 2, 3, 8 ];{}
716;[ 2, 3, 8 ];{}
717;[ 2, 3, 8 ];{}
718;[ 2, 3, 8 ];{}
719;[ 2, 3, 8 ];{}
720;[ 2, 3, 8 ];{}
721;[ 2, 3, 8 ];{}
722;[ 2, 3, 8 ];{}
723;[ 2, 3, 8 ];{}
724;[ 2, 3, 8 ];{}
725;[ 2, 3, 8 ];{}
726;[ 2, 3, 8 ];{}
739;[ 2, 3, 8 ];{}
740;[ 2, 3, 8 ];{}
741;[ 2, 3, 8 ];{}
742;[ 2, 3, 8 ];{}
82;[ 2, 3, 8 ];{}
83;[ 2, 3, 8 ];{}
84;[ 2, 3, 8 ];{}
85;[ 2, 3, 8 ];{}
86;[ 2, 3, 8 ];{}
87;[ 2, 3, 8 ];{}
88;[ 2, 3, 8 ];{}
95;[ 2, 3, 8 ];{}
96;[ 2, 3, 8 ];{}
97;[ 2, 3, 8 ];{}
98;[ 2, 3, 8 ];{}
99;[ 2, 3, 8 ];{}
