13;[ 2, 3, 10 ];{}
13;[ 2, 3, 12 ];{}
13;[ 2, 4, 5 ];{}
13;[ 2, 4, 6 ];{}
13;[ 3, 3, 4 ];{}
133;[ 2, 3, 10 ];{[ (1, 11)(2, 4)(3, 10)(5, 12)(8, 9), (1, 4, 7)(2, 10, 6)(3, 9, 8)(5, 11, 12), (1, 7, 2, 6, 3, 9, 10, 4, 11, 12) ]:[ (1, 11)(2, 7)(3, 4)(6, 8)(9, 12), (1, 3, 4)(2, 7, 6)(5, 12, 10)(8, 11, 9), (1, 3, 11, 6, 2, 8, 12, 5, 10, 9) ]}
133;[ 2, 3, 12 ];{[ (1, 5)(2, 10)(3, 9)(4, 6)(8, 12), (1, 2, 9)(3, 5, 8)(4, 7, 12)(6, 10, 11), (1, 3, 12, 7, 6, 11, 2, 5, 9, 10, 4, 8) ]:[ (1, 5)(4, 9)(6, 11)(7, 12)(8, 10), (1, 4, 6)(2, 5, 12)(3, 9, 10)(7, 8, 11), (1, 11, 10, 4, 5, 2, 7, 6, 9, 3, 8, 12) ]}
133;[ 2, 4, 5 ];{[ (1, 3)(2, 12)(4, 10)(6, 9)(8, 11), (1, 10, 4, 2)(3, 7, 5, 8)(6, 11, 12, 9), (1, 12, 8, 5, 7)(2, 10, 3, 11, 9) ]:[ (1, 6)(3, 10)(4, 11)(7, 9)(8, 12), (1, 5, 8, 6)(2, 4, 11, 3)(7, 12, 9, 10), (2, 10, 7, 3, 4)(5, 6, 12, 9, 8) ]}
133;[ 2, 4, 6 ];{[ (1, 3)(5, 8)(6, 7)(9, 12)(10, 11), (1, 8, 11, 9, 2, 5)(3, 6, 4, 10, 12, 7), (1, 8, 3, 6)(2, 12, 11, 5)(4, 7, 9, 10) ]}
134;[ 2, 3, 10 ];{}
136;[ 2, 4, 5 ];{}
136;[ 2, 4, 6 ];{}
137;[ 2, 3, 10 ];{}
157;[ 2, 3, 10 ];{}
