10;[ 2, 3, 12 ];{}
10069;[ 2, 3, 12 ];{}
10070;[ 2, 3, 12 ];{}
10071;[ 2, 3, 12 ];{}
10072;[ 2, 3, 12 ];{}
10073;[ 2, 3, 12 ];{}
10080;[ 2, 3, 12 ];{}
10081;[ 2, 3, 12 ];{}
10082;[ 2, 3, 12 ];{}
10083;[ 2, 3, 12 ];{}
10084;[ 2, 3, 12 ];{}
10085;[ 2, 3, 12 ];{}
10092;[ 3, 3, 4 ];{}
10093;[ 3, 3, 4 ];{}
10094;[ 3, 3, 4 ];{}
10095;[ 3, 3, 4 ];{}
10096;[ 3, 3, 4 ];{}
10097;[ 3, 3, 4 ];{}
11;[ 2, 3, 12 ];{}
11289;[ 2, 3, 12 ];{}
11289;[ 2, 4, 6 ];{[ (1, 3, 2, 4)(5, 6, 7, 8)(9, 10, 11, 12), (1, 8)(2, 3)(6, 7)(9, 10)(11, 12), (1, 7, 5, 8, 4, 2)(10, 12) ]}
11290;[ 2, 3, 12 ];{}
11290;[ 2, 4, 6 ];{}
11291;[ 2, 3, 12 ];{}
11291;[ 2, 4, 6 ];{}
11292;[ 2, 3, 12 ];{}
11292;[ 2, 4, 6 ];{}
11293;[ 2, 3, 12 ];{}
11293;[ 2, 4, 6 ];{}
11295;[ 2, 3, 12 ];{}
11295;[ 2, 4, 6 ];{}
11296;[ 2, 4, 6 ];{}
11297;[ 2, 3, 12 ];{}
11297;[ 2, 4, 6 ];{}
11298;[ 2, 3, 12 ];{}
11298;[ 2, 4, 6 ];{}
11300;[ 2, 3, 12 ];{}
11300;[ 2, 4, 6 ];{}
11301;[ 2, 3, 12 ];{}
11301;[ 2, 4, 6 ];{}
11302;[ 2, 3, 12 ];{}
11302;[ 2, 4, 6 ];{}
11303;[ 2, 3, 12 ];{}
11303;[ 2, 4, 6 ];{}
11304;[ 2, 3, 12 ];{}
11304;[ 2, 4, 6 ];{}
11305;[ 2, 4, 6 ];{}
11307;[ 2, 3, 12 ];{}
11308;[ 2, 3, 12 ];{}
11309;[ 3, 3, 4 ];{}
11423;[ 2, 4, 6 ];{}
11424;[ 2, 4, 6 ];{}
11425;[ 2, 4, 6 ];{}
11426;[ 2, 4, 6 ];{}
11427;[ 2, 4, 6 ];{}
11428;[ 2, 4, 6 ];{}
11492;[ 2, 3, 12 ];{}
11494;[ 2, 3, 12 ];{}
11497;[ 2, 3, 12 ];{}
11499;[ 2, 3, 12 ];{}
11614;[ 2, 3, 12 ];{}
11616;[ 2, 3, 12 ];{}
11686;[ 2, 3, 7 ];{}
11686;[ 2, 4, 6 ];{}
11686;[ 3, 3, 4 ];{}
11696;[ 2, 4, 6 ];{}
11703;[ 2, 4, 6 ];{}
1437;[ 2, 3, 12 ];{}
1438;[ 2, 3, 12 ];{}
1439;[ 2, 3, 12 ];{}
1449;[ 2, 3, 12 ];{}
1451;[ 2, 3, 12 ];{}
1454;[ 2, 3, 12 ];{}
1455;[ 2, 3, 12 ];{[ $.1 * $.4 * $.5, $.2 * $.3 * $.4 * $.5 * $.6 * $.7, $.1 * $.2^2 * $.3 * $.4 * $.5^5 ]:[ $.1 * $.3 * $.5^3 * $.6, $.1 * $.2 * $.3 * $.4 * $.6 * $.7 * $.8, $.2^2 * $.5^3 ]}
1456;[ 2, 3, 12 ];{}
1457;[ 2, 3, 12 ];{}
1469;[ 2, 3, 12 ];{}
1471;[ 2, 3, 12 ];{}
388;[ 2, 3, 12 ];{}
389;[ 2, 3, 12 ];{}
390;[ 2, 3, 12 ];{}
393;[ 3, 3, 4 ];{}
394;[ 2, 3, 12 ];{}
394;[ 3, 3, 4 ];{}
4350;[ 2, 3, 12 ];{}
4355;[ 2, 3, 12 ];{}
4357;[ 2, 3, 12 ];{}
4361;[ 2, 3, 12 ];{}
4362;[ 2, 3, 12 ];{}
4365;[ 2, 3, 12 ];{}
6319;[ 2, 4, 6 ];{}
6320;[ 2, 4, 6 ];{}
6325;[ 2, 3, 12 ];{}
6325;[ 2, 4, 6 ];{}
6326;[ 2, 3, 12 ];{}
6326;[ 2, 4, 6 ];{}
6327;[ 2, 3, 12 ];{}
6327;[ 2, 4, 6 ];{}
6328;[ 2, 3, 12 ];{}
6328;[ 2, 4, 6 ];{}
6331;[ 2, 3, 12 ];{}
6331;[ 2, 4, 6 ];{}
6332;[ 2, 3, 12 ];{}
6332;[ 2, 4, 6 ];{}
6333;[ 2, 3, 12 ];{}
6333;[ 2, 4, 6 ];{}
6334;[ 2, 3, 12 ];{}
6334;[ 2, 4, 6 ];{}
6335;[ 2, 3, 12 ];{}
6335;[ 2, 4, 6 ];{}
6336;[ 2, 3, 12 ];{}
6336;[ 2, 4, 6 ];{}
6337;[ 2, 3, 12 ];{}
6337;[ 2, 4, 6 ];{}
6338;[ 2, 3, 12 ];{}
6338;[ 2, 4, 6 ];{}
6342;[ 2, 3, 12 ];{}
6342;[ 2, 4, 6 ];{}
6344;[ 2, 3, 12 ];{}
6344;[ 2, 4, 6 ];{}
6345;[ 2, 3, 12 ];{}
6345;[ 2, 4, 6 ];{}
6347;[ 2, 3, 12 ];{}
6347;[ 2, 4, 6 ];{}
6349;[ 2, 3, 12 ];{}
6349;[ 2, 4, 6 ];{}
6350;[ 2, 3, 12 ];{}
6350;[ 2, 4, 6 ];{}
6351;[ 2, 3, 12 ];{}
6351;[ 2, 4, 6 ];{}
6353;[ 2, 3, 12 ];{}
6353;[ 2, 4, 6 ];{}
6354;[ 2, 3, 12 ];{}
6354;[ 2, 4, 6 ];{}
6356;[ 2, 3, 12 ];{}
6356;[ 2, 4, 6 ];{}
6358;[ 2, 4, 6 ];{}
6359;[ 2, 4, 6 ];{}
6360;[ 2, 3, 12 ];{}
6360;[ 2, 4, 6 ];{}
6363;[ 2, 3, 12 ];{}
6363;[ 2, 4, 6 ];{}
6365;[ 2, 4, 6 ];{}
6366;[ 2, 4, 6 ];{}
6371;[ 2, 3, 12 ];{}
6371;[ 2, 4, 6 ];{}
6372;[ 2, 3, 12 ];{}
6372;[ 2, 4, 6 ];{}
6373;[ 2, 3, 12 ];{}
6373;[ 2, 4, 6 ];{}
6374;[ 2, 3, 12 ];{}
6374;[ 2, 4, 6 ];{}
6377;[ 2, 3, 12 ];{}
6377;[ 2, 4, 6 ];{}
6378;[ 2, 3, 12 ];{}
6378;[ 2, 4, 6 ];{}
6379;[ 2, 3, 12 ];{}
6379;[ 2, 4, 6 ];{}
6380;[ 2, 3, 12 ];{}
6380;[ 2, 4, 6 ];{}
6381;[ 2, 3, 12 ];{}
6381;[ 2, 4, 6 ];{}
6382;[ 2, 3, 12 ];{}
6382;[ 2, 4, 6 ];{}
6383;[ 2, 3, 12 ];{}
6383;[ 2, 4, 6 ];{}
6384;[ 2, 3, 12 ];{}
6384;[ 2, 4, 6 ];{}
6392;[ 2, 4, 6 ];{}
6442;[ 2, 4, 6 ];{}
6445;[ 2, 3, 12 ];{}
6445;[ 2, 4, 6 ];{}
6446;[ 2, 3, 12 ];{}
6446;[ 2, 4, 6 ];{}
6447;[ 2, 3, 12 ];{}
6447;[ 2, 4, 6 ];{}
6448;[ 2, 3, 12 ];{}
6448;[ 2, 4, 6 ];{}
6451;[ 2, 3, 12 ];{}
6451;[ 2, 4, 6 ];{}
6452;[ 2, 3, 12 ];{}
6452;[ 2, 4, 6 ];{}
6453;[ 2, 4, 6 ];{}
6454;[ 2, 4, 6 ];{}
6455;[ 2, 3, 12 ];{}
6455;[ 2, 4, 6 ];{}
6458;[ 2, 3, 12 ];{}
6458;[ 2, 4, 6 ];{}
6459;[ 2, 3, 12 ];{}
6459;[ 2, 4, 6 ];{}
6460;[ 2, 3, 12 ];{}
6460;[ 2, 4, 6 ];{}
6463;[ 2, 3, 12 ];{}
6463;[ 2, 4, 6 ];{}
6464;[ 2, 3, 12 ];{}
6464;[ 2, 4, 6 ];{}
6471;[ 2, 3, 12 ];{}
6471;[ 2, 4, 6 ];{}
6472;[ 2, 3, 12 ];{}
6472;[ 2, 4, 6 ];{}
6473;[ 2, 3, 12 ];{}
6473;[ 2, 4, 6 ];{}
6474;[ 2, 3, 12 ];{}
6474;[ 2, 4, 6 ];{}
6475;[ 2, 4, 6 ];{}
6478;[ 2, 4, 6 ];{}
6481;[ 2, 3, 12 ];{}
6481;[ 2, 4, 6 ];{}
6484;[ 2, 3, 12 ];{}
6484;[ 2, 4, 6 ];{}
6485;[ 2, 3, 12 ];{}
6485;[ 2, 4, 6 ];{}
6486;[ 2, 3, 12 ];{}
6486;[ 2, 4, 6 ];{}
6487;[ 2, 3, 12 ];{}
6487;[ 2, 4, 6 ];{}
6488;[ 2, 3, 12 ];{}
6488;[ 2, 4, 6 ];{}
6869;[ 2, 3, 12 ];{}
6870;[ 2, 3, 12 ];{}
6871;[ 2, 3, 12 ];{}
6872;[ 2, 3, 12 ];{}
6875;[ 2, 3, 12 ];{}
6876;[ 2, 3, 12 ];{}
6885;[ 2, 3, 12 ];{}
6886;[ 2, 3, 12 ];{}
6887;[ 2, 3, 12 ];{}
6890;[ 2, 3, 12 ];{}
6891;[ 2, 3, 12 ];{}
6892;[ 2, 3, 12 ];{}
6899;[ 2, 3, 12 ];{}
6900;[ 2, 3, 12 ];{}
6901;[ 2, 3, 12 ];{}
6904;[ 2, 3, 12 ];{}
6905;[ 2, 3, 12 ];{}
6906;[ 2, 3, 12 ];{}
6909;[ 2, 3, 12 ];{}
6912;[ 2, 3, 12 ];{}
6913;[ 2, 3, 12 ];{}
6914;[ 2, 3, 12 ];{}
6915;[ 2, 3, 12 ];{}
6916;[ 2, 3, 12 ];{}
6925;[ 2, 3, 12 ];{}
6926;[ 2, 3, 12 ];{}
6927;[ 2, 3, 12 ];{}
6928;[ 2, 3, 12 ];{}
6931;[ 2, 3, 12 ];{}
6932;[ 2, 3, 12 ];{}
6943;[ 2, 3, 12 ];{}
6944;[ 2, 3, 12 ];{}
6945;[ 2, 3, 12 ];{}
6948;[ 2, 3, 12 ];{}
6949;[ 2, 3, 12 ];{}
6950;[ 2, 3, 12 ];{}
6957;[ 2, 3, 12 ];{}
6958;[ 2, 3, 12 ];{}
6959;[ 2, 3, 12 ];{}
6962;[ 2, 3, 12 ];{}
6963;[ 2, 3, 12 ];{}
6964;[ 2, 3, 12 ];{}
6967;[ 2, 3, 12 ];{}
6970;[ 2, 3, 12 ];{}
6971;[ 2, 3, 12 ];{}
6972;[ 2, 3, 12 ];{}
6973;[ 2, 3, 12 ];{}
6974;[ 2, 3, 12 ];{}
80;[ 2, 3, 12 ];{}
81;[ 2, 3, 12 ];{}
814;[ 2, 3, 7 ];{[ (1, 3)(2, 5)(4, 9)(6, 12)(7, 8)(11, 14), (1, 3, 14, 4, 13, 7, 12)(2, 5, 11, 6, 10, 8, 9), (1, 6, 14)(2, 4, 11)(7, 13, 9)(8, 10, 12) ]:[ (3, 6)(4, 5)(7, 14)(8, 11)(9, 12)(10, 13), (1, 11, 8, 6, 10, 9, 3)(2, 14, 7, 4, 13, 12, 5), (1, 6, 11)(2, 4, 14)(3, 12, 10)(5, 9, 13) ]}
814;[ 2, 4, 6 ];{}
814;[ 3, 3, 4 ];{}
815;[ 2, 3, 12 ];{}
815;[ 3, 3, 4 ];{}
816;[ 2, 3, 12 ];{}
816;[ 3, 3, 4 ];{}
82;[ 2, 3, 12 ];{}
827;[ 2, 4, 6 ];{}
828;[ 2, 4, 6 ];{}
83;[ 2, 3, 12 ];{}
9;[ 2, 3, 12 ];{}
