1022;[ 2, 4, 5 ];{}
1023;[ 2, 4, 5 ];{}
1024;[ 2, 4, 5 ];{}
1025;[ 2, 4, 5 ];{}
1026;[ 2, 4, 5 ];{}
1027;[ 2, 4, 5 ];{}
1028;[ 2, 4, 5 ];{}
1029;[ 2, 4, 5 ];{}
1030;[ 2, 4, 5 ];{}
1031;[ 2, 4, 5 ];{}
1032;[ 2, 4, 5 ];{}
1033;[ 2, 4, 5 ];{}
1130;[ 2, 4, 5 ];{}
1132;[ 2, 4, 5 ];{}
1133;[ 2, 4, 5 ];{}
1134;[ 2, 4, 5 ];{}
1137;[ 2, 4, 5 ];{}
1138;[ 2, 4, 5 ];{}
1139;[ 2, 4, 5 ];{}
1141;[ 2, 4, 5 ];{}
1195;[ 2, 4, 5 ];{}
1196;[ 2, 4, 5 ];{}
1197;[ 2, 4, 5 ];{}
1198;[ 2, 4, 5 ];{}
1199;[ 2, 4, 5 ];{}
1200;[ 2, 4, 5 ];{}
1201;[ 2, 4, 5 ];{}
1426;[ 2, 4, 5 ];{}
1427;[ 2, 4, 5 ];{}
1428;[ 2, 4, 5 ];{}
1429;[ 2, 4, 5 ];{}
1463;[ 2, 4, 5 ];{}
1464;[ 2, 4, 5 ];{}
1465;[ 2, 4, 5 ];{}
1466;[ 2, 4, 5 ];{}
1467;[ 2, 4, 5 ];{}
1468;[ 2, 4, 5 ];{}
1469;[ 2, 4, 5 ];{}
1470;[ 2, 4, 5 ];{}
1471;[ 2, 4, 5 ];{}
1474;[ 2, 4, 5 ];{}
1476;[ 2, 4, 5 ];{}
1477;[ 2, 4, 5 ];{}
1523;[ 2, 4, 5 ];{}
1524;[ 2, 4, 5 ];{}
1525;[ 2, 4, 5 ];{}
1530;[ 2, 4, 5 ];{}
1903;[ 2, 4, 5 ];{}
1904;[ 2, 4, 5 ];{}
1905;[ 2, 4, 5 ];{}
1906;[ 2, 4, 5 ];{}
1926;[ 2, 4, 5 ];{}
1927;[ 2, 4, 5 ];{}
1928;[ 2, 4, 5 ];{}
2533;[ 2, 4, 5 ];{}
258;[ 2, 4, 5 ];{}
4571;[ 2, 4, 5 ];{}
4577;[ 2, 4, 5 ];{}
4591;[ 2, 4, 5 ];{}
4593;[ 2, 4, 5 ];{}
4594;[ 2, 4, 5 ];{}
4597;[ 2, 4, 5 ];{}
4598;[ 2, 4, 5 ];{}
4599;[ 2, 4, 5 ];{}
4602;[ 2, 4, 5 ];{}
4604;[ 2, 4, 5 ];{}
4605;[ 2, 4, 5 ];{}
4606;[ 2, 4, 5 ];{}
4607;[ 2, 4, 5 ];{}
4608;[ 2, 4, 5 ];{}
4609;[ 2, 4, 5 ];{}
4610;[ 2, 4, 5 ];{}
4611;[ 2, 4, 5 ];{}
4612;[ 2, 4, 5 ];{}
4613;[ 2, 4, 5 ];{}
4628;[ 2, 4, 5 ];{}
4630;[ 2, 4, 5 ];{}
4631;[ 2, 4, 5 ];{}
4632;[ 2, 4, 5 ];{}
4633;[ 2, 4, 5 ];{}
4635;[ 2, 4, 5 ];{}
4636;[ 2, 4, 5 ];{}
4637;[ 2, 4, 5 ];{}
4638;[ 2, 4, 5 ];{}
4639;[ 2, 4, 5 ];{}
4641;[ 2, 4, 5 ];{}
4642;[ 2, 4, 5 ];{}
4643;[ 2, 4, 5 ];{}
4644;[ 2, 4, 5 ];{}
4646;[ 2, 4, 5 ];{}
4647;[ 2, 4, 5 ];{}
4648;[ 2, 4, 5 ];{}
4649;[ 2, 4, 5 ];{}
4848;[ 2, 4, 5 ];{}
4849;[ 2, 4, 5 ];{}
4850;[ 2, 4, 5 ];{}
4851;[ 2, 4, 5 ];{}
4852;[ 2, 4, 5 ];{}
4853;[ 2, 4, 5 ];{}
4854;[ 2, 4, 5 ];{}
4855;[ 2, 4, 5 ];{}
4856;[ 2, 4, 5 ];{}
4859;[ 2, 4, 5 ];{}
4861;[ 2, 4, 5 ];{}
4862;[ 2, 4, 5 ];{}
4863;[ 2, 4, 5 ];{}
4864;[ 2, 4, 5 ];{}
4865;[ 2, 4, 5 ];{}
4866;[ 2, 4, 5 ];{}
4867;[ 2, 4, 5 ];{}
4868;[ 2, 4, 5 ];{}
4869;[ 2, 4, 5 ];{}
4870;[ 2, 4, 5 ];{}
4871;[ 2, 4, 5 ];{}
4874;[ 2, 4, 5 ];{}
4876;[ 2, 4, 5 ];{}
4877;[ 2, 4, 5 ];{}
4878;[ 2, 4, 5 ];{}
4879;[ 2, 4, 5 ];{}
4880;[ 2, 4, 5 ];{}
4881;[ 2, 4, 5 ];{}
4882;[ 2, 4, 5 ];{}
4883;[ 2, 4, 5 ];{}
4884;[ 2, 4, 5 ];{}
4885;[ 2, 4, 5 ];{}
4886;[ 2, 4, 5 ];{}
4889;[ 2, 4, 5 ];{}
4891;[ 2, 4, 5 ];{}
4892;[ 2, 4, 5 ];{}
4893;[ 2, 4, 5 ];{}
4894;[ 2, 4, 5 ];{}
4895;[ 2, 4, 5 ];{}
4896;[ 2, 4, 5 ];{}
4897;[ 2, 4, 5 ];{}
4898;[ 2, 4, 5 ];{}
4899;[ 2, 4, 5 ];{}
4900;[ 2, 4, 5 ];{}
4901;[ 2, 4, 5 ];{}
4904;[ 2, 4, 5 ];{}
4906;[ 2, 4, 5 ];{}
4907;[ 2, 4, 5 ];{}
5395;[ 2, 4, 5 ];{}
5397;[ 2, 4, 5 ];{}
5398;[ 2, 4, 5 ];{}
5399;[ 2, 4, 5 ];{}
5400;[ 2, 4, 5 ];{}
5401;[ 2, 4, 5 ];{}
5402;[ 2, 4, 5 ];{}
5403;[ 2, 4, 5 ];{}
5405;[ 2, 4, 5 ];{}
5841;[ 2, 4, 5 ];{}
5842;[ 2, 4, 5 ];{}
5843;[ 2, 4, 5 ];{}
5844;[ 2, 4, 5 ];{}
5845;[ 2, 4, 5 ];{}
5847;[ 2, 4, 5 ];{}
5848;[ 2, 4, 5 ];{}
5877;[ 2, 4, 5 ];{}
5906;[ 2, 4, 5 ];{}
5932;[ 2, 4, 5 ];{}
