106;[ 2, 3, 12 ];{}
107;[ 2, 3, 12 ];{}
108;[ 2, 3, 12 ];{}
112;[ 2, 3, 12 ];{}
113;[ 2, 3, 12 ];{}
114;[ 2, 3, 12 ];{}
115;[ 2, 3, 12 ];{}
116;[ 2, 3, 12 ];{}
117;[ 2, 3, 12 ];{}
125;[ 2, 3, 12 ];{}
128;[ 2, 3, 12 ];{}
130;[ 2, 3, 12 ];{}
131;[ 2, 3, 12 ];{}
135;[ 2, 3, 12 ];{}
135;[ 3, 3, 4 ];{}
136;[ 2, 3, 12 ];{}
136;[ 2, 3, 9 ];{}
136;[ 3, 3, 4 ];{}
137;[ 2, 3, 12 ];{}
137;[ 2, 3, 9 ];{}
137;[ 3, 3, 4 ];{}
138;[ 2, 3, 12 ];{}
138;[ 2, 3, 9 ];{}
138;[ 3, 3, 4 ];{}
139;[ 2, 3, 12 ];{}
139;[ 2, 3, 9 ];{}
139;[ 3, 3, 4 ];{}
140;[ 2, 3, 12 ];{}
140;[ 2, 3, 9 ];{}
140;[ 3, 3, 4 ];{}
142;[ 2, 3, 12 ];{}
143;[ 2, 3, 12 ];{}
147;[ 2, 3, 12 ];{}
149;[ 2, 3, 12 ];{}
154;[ 2, 3, 12 ];{}
155;[ 2, 3, 12 ];{}
157;[ 2, 3, 12 ];{}
161;[ 2, 3, 12 ];{}
162;[ 2, 3, 12 ];{}
164;[ 2, 3, 12 ];{}
168;[ 2, 3, 12 ];{}
170;[ 2, 3, 12 ];{}
171;[ 2, 3, 12 ];{}
172;[ 2, 3, 12 ];{}
173;[ 2, 3, 12 ];{}
177;[ 2, 3, 12 ];{}
178;[ 2, 3, 12 ];{}
179;[ 2, 3, 12 ];{}
183;[ 2, 3, 12 ];{}
184;[ 2, 3, 12 ];{}
185;[ 2, 3, 12 ];{}
189;[ 2, 3, 12 ];{}
191;[ 2, 3, 12 ];{}
195;[ 2, 3, 12 ];{}
196;[ 2, 3, 12 ];{}
197;[ 2, 3, 12 ];{}
198;[ 2, 3, 12 ];{}
202;[ 2, 3, 12 ];{}
203;[ 2, 3, 12 ];{}
204;[ 2, 3, 12 ];{}
208;[ 2, 3, 12 ];{}
209;[ 2, 3, 12 ];{}
210;[ 2, 3, 12 ];{}
214;[ 2, 3, 12 ];{}
216;[ 2, 3, 12 ];{}
220;[ 2, 3, 12 ];{}
223;[ 2, 3, 12 ];{}
226;[ 2, 3, 12 ];{}
228;[ 2, 3, 12 ];{}
229;[ 2, 3, 12 ];{}
237;[ 2, 3, 12 ];{}
240;[ 2, 3, 12 ];{}
242;[ 2, 3, 12 ];{}
243;[ 2, 3, 12 ];{}
244;[ 2, 3, 12 ];{}
247;[ 2, 3, 12 ];{}
249;[ 2, 3, 12 ];{}
250;[ 2, 3, 12 ];{}
251;[ 2, 3, 12 ];{}
251;[ 2, 4, 6 ];{}
254;[ 2, 3, 12 ];{}
254;[ 2, 4, 6 ];{}
256;[ 2, 4, 6 ];{}
257;[ 2, 4, 6 ];{}
261;[ 2, 3, 12 ];{}
261;[ 2, 4, 6 ];{}
262;[ 2, 3, 12 ];{}
262;[ 2, 4, 6 ];{}
263;[ 2, 3, 12 ];{}
263;[ 2, 4, 6 ];{}
264;[ 2, 3, 12 ];{}
264;[ 2, 4, 6 ];{}
277;[ 2, 3, 12 ];{}
277;[ 2, 4, 6 ];{}
278;[ 2, 3, 12 ];{}
278;[ 2, 4, 6 ];{}
283;[ 2, 3, 12 ];{}
283;[ 2, 4, 6 ];{}
284;[ 2, 3, 12 ];{}
284;[ 2, 4, 6 ];{}
287;[ 2, 4, 6 ];{}
288;[ 2, 4, 6 ];{}
289;[ 2, 3, 12 ];{}
289;[ 2, 4, 6 ];{}
290;[ 2, 3, 12 ];{}
290;[ 2, 4, 6 ];{}
291;[ 2, 3, 12 ];{}
291;[ 2, 4, 6 ];{}
294;[ 2, 3, 12 ];{}
294;[ 2, 4, 6 ];{}
296;[ 2, 3, 12 ];{}
296;[ 2, 4, 6 ];{}
297;[ 2, 3, 12 ];{}
297;[ 2, 4, 6 ];{}
298;[ 2, 3, 12 ];{}
298;[ 2, 4, 6 ];{}
301;[ 2, 3, 12 ];{}
301;[ 2, 4, 6 ];{}
303;[ 2, 3, 12 ];{}
303;[ 2, 4, 6 ];{}
304;[ 2, 4, 6 ];{}
305;[ 2, 3, 12 ];{}
305;[ 2, 4, 6 ];{}
307;[ 2, 3, 12 ];{}
307;[ 2, 4, 6 ];{}
309;[ 2, 3, 12 ];{}
309;[ 2, 4, 6 ];{}
314;[ 2, 3, 12 ];{}
315;[ 2, 3, 12 ];{}
317;[ 2, 3, 12 ];{}
318;[ 2, 3, 12 ];{}
323;[ 2, 3, 12 ];{}
324;[ 2, 3, 12 ];{}
326;[ 2, 3, 12 ];{}
327;[ 2, 3, 12 ];{}
334;[ 2, 3, 12 ];{}
334;[ 3, 3, 4 ];{}
335;[ 2, 3, 12 ];{}
335;[ 3, 3, 4 ];{}
337;[ 2, 3, 12 ];{}
337;[ 2, 3, 9 ];{}
337;[ 3, 3, 4 ];{}
338;[ 2, 3, 12 ];{}
338;[ 3, 3, 4 ];{}
342;[ 2, 3, 12 ];{}
344;[ 2, 3, 12 ];{}
345;[ 2, 3, 12 ];{}
347;[ 2, 3, 12 ];{}
351;[ 2, 3, 12 ];{}
353;[ 2, 3, 12 ];{}
374;[ 2, 3, 12 ];{}
377;[ 2, 3, 12 ];{}
380;[ 2, 3, 12 ];{}
382;[ 2, 3, 12 ];{}
383;[ 2, 3, 12 ];{}
385;[ 2, 3, 12 ];{}
388;[ 2, 3, 12 ];{}
391;[ 2, 3, 12 ];{}
393;[ 2, 3, 12 ];{}
404;[ 2, 3, 12 ];{}
404;[ 2, 4, 6 ];{}
406;[ 2, 3, 12 ];{}
406;[ 2, 4, 6 ];{}
407;[ 2, 3, 12 ];{}
407;[ 2, 4, 6 ];{}
409;[ 2, 3, 12 ];{}
409;[ 2, 4, 6 ];{}
411;[ 2, 4, 6 ];{}
413;[ 2, 3, 12 ];{}
413;[ 2, 4, 6 ];{}
439;[ 2, 3, 9 ];{}
440;[ 2, 3, 9 ];{}
442;[ 2, 3, 9 ];{}
444;[ 2, 3, 12 ];{}
446;[ 2, 3, 12 ];{}
447;[ 2, 3, 12 ];{}
448;[ 2, 3, 12 ];{}
449;[ 2, 3, 12 ];{}
451;[ 2, 3, 12 ];{[ $.1 * $.3^2 * $.5^2, $.1 * $.2 * $.3 * $.5^5 * $.7, $.2^2 * $.3 * $.4 * $.5^3 * $.6 * $.7 ]:[ $.1 * $.3 * $.4 * $.5^2 * $.6, $.1 * $.2^2 * $.3^2 * $.4 * $.5 * $.7, $.2 * $.3^2 * $.4 ]}
452;[ 2, 3, 12 ];{}
453;[ 2, 3, 12 ];{}
481;[ 2, 3, 12 ];{}
481;[ 2, 4, 6 ];{}
482;[ 2, 3, 12 ];{}
482;[ 2, 4, 6 ];{}
484;[ 2, 3, 12 ];{}
484;[ 2, 4, 6 ];{}
495;[ 2, 3, 12 ];{}
496;[ 2, 3, 12 ];{}
497;[ 2, 3, 12 ];{}
501;[ 2, 4, 6 ];{}
502;[ 2, 4, 6 ];{}
503;[ 2, 3, 12 ];{}
503;[ 2, 4, 6 ];{}
604;[ 2, 3, 12 ];{}
605;[ 2, 3, 12 ];{}
606;[ 2, 3, 12 ];{}
607;[ 2, 3, 12 ];{}
611;[ 2, 3, 12 ];{}
612;[ 2, 3, 12 ];{}
613;[ 2, 3, 12 ];{}
614;[ 2, 3, 12 ];{}
617;[ 2, 3, 12 ];{}
618;[ 2, 3, 12 ];{}
619;[ 2, 3, 12 ];{}
623;[ 2, 3, 12 ];{}
624;[ 2, 3, 12 ];{}
625;[ 2, 3, 12 ];{}
626;[ 2, 3, 12 ];{}
629;[ 2, 3, 12 ];{}
630;[ 2, 3, 12 ];{}
631;[ 2, 3, 12 ];{}
638;[ 2, 3, 12 ];{}
640;[ 2, 3, 12 ];{}
642;[ 2, 3, 12 ];{}
643;[ 2, 3, 12 ];{}
645;[ 2, 3, 12 ];{}
647;[ 2, 3, 12 ];{}
648;[ 2, 3, 12 ];{}
650;[ 2, 3, 12 ];{}
652;[ 2, 3, 12 ];{}
653;[ 2, 3, 12 ];{}
655;[ 2, 3, 12 ];{}
657;[ 2, 3, 12 ];{}
665;[ 2, 3, 12 ];{}
666;[ 2, 3, 12 ];{}
667;[ 2, 3, 12 ];{}
668;[ 2, 3, 12 ];{}
672;[ 2, 3, 12 ];{}
673;[ 2, 3, 12 ];{}
674;[ 2, 3, 12 ];{}
675;[ 2, 3, 12 ];{}
684;[ 2, 3, 12 ];{}
685;[ 2, 3, 12 ];{}
686;[ 2, 3, 12 ];{}
687;[ 2, 3, 12 ];{}
690;[ 2, 3, 12 ];{}
691;[ 2, 3, 12 ];{}
692;[ 2, 3, 12 ];{}
696;[ 2, 4, 6 ];{}
697;[ 2, 4, 6 ];{}
698;[ 2, 3, 12 ];{}
698;[ 2, 4, 6 ];{}
699;[ 2, 3, 12 ];{}
699;[ 2, 4, 6 ];{}
710;[ 2, 4, 6 ];{}
711;[ 2, 3, 12 ];{}
711;[ 2, 4, 6 ];{}
712;[ 2, 3, 12 ];{}
712;[ 2, 4, 6 ];{}
713;[ 2, 3, 12 ];{}
713;[ 2, 4, 6 ];{}
717;[ 2, 4, 6 ];{}
718;[ 2, 3, 12 ];{}
718;[ 2, 4, 6 ];{}
719;[ 2, 3, 12 ];{}
719;[ 2, 4, 6 ];{}
720;[ 2, 3, 12 ];{}
720;[ 2, 4, 6 ];{}
724;[ 2, 3, 12 ];{}
724;[ 2, 4, 6 ];{}
725;[ 2, 4, 6 ];{}
726;[ 2, 3, 12 ];{}
726;[ 2, 4, 6 ];{}
727;[ 2, 3, 12 ];{}
727;[ 2, 4, 6 ];{}
733;[ 2, 3, 12 ];{}
733;[ 2, 4, 6 ];{}
734;[ 2, 3, 12 ];{}
734;[ 2, 4, 6 ];{}
735;[ 2, 3, 12 ];{}
735;[ 2, 4, 6 ];{}
751;[ 2, 3, 12 ];{}
753;[ 2, 3, 12 ];{}
755;[ 2, 3, 12 ];{}
761;[ 2, 3, 12 ];{}
763;[ 2, 3, 12 ];{}
765;[ 2, 3, 12 ];{}
771;[ 2, 3, 12 ];{}
771;[ 2, 4, 6 ];{}
773;[ 2, 3, 12 ];{}
773;[ 2, 4, 6 ];{}
775;[ 2, 4, 6 ];{}
779;[ 2, 3, 9 ];{[ (1, 4)(2, 6)(5, 8)(7, 9), (1, 3, 6)(4, 8, 7), (1, 2, 6, 3, 4, 9, 7, 5, 8) ]:[ (1, 5)(2, 3)(4, 6)(7, 9), (1, 8, 9)(2, 4, 7), (1, 7, 6, 4, 3, 2, 9, 8, 5) ]}
780;[ 2, 3, 9 ];{[ (1, 8, 5, 6, 7, 9, 2, 3, 4)(10, 12, 11), (1, 6, 9)(2, 5, 3)(4, 8, 7)(10, 11, 12), (1, 7)(3, 8)(4, 6)(5, 9) ]}
781;[ 2, 3, 12 ];{}
781;[ 3, 3, 4 ];{}
785;[ 3, 3, 4 ];{}
787;[ 2, 3, 12 ];{}
788;[ 2, 3, 12 ];{}
789;[ 2, 3, 12 ];{}
790;[ 2, 3, 12 ];{}
791;[ 2, 3, 12 ];{}
794;[ 2, 3, 12 ];{}
795;[ 2, 3, 12 ];{}
796;[ 2, 3, 12 ];{}
797;[ 2, 3, 12 ];{}
820;[ 2, 3, 12 ];{}
821;[ 2, 3, 12 ];{}
823;[ 2, 4, 6 ];{}
824;[ 2, 4, 6 ];{}
825;[ 2, 4, 6 ];{}
827;[ 2, 3, 12 ];{}
827;[ 2, 4, 6 ];{}
828;[ 2, 3, 12 ];{}
828;[ 2, 4, 6 ];{}
830;[ 2, 3, 12 ];{}
832;[ 2, 3, 12 ];{}
832;[ 2, 4, 6 ];{}
833;[ 2, 3, 12 ];{}
833;[ 2, 4, 6 ];{}
843;[ 2, 3, 12 ];{}
845;[ 2, 3, 12 ];{}
847;[ 2, 4, 6 ];{}
85;[ 2, 4, 6 ];{}
97;[ 2, 3, 12 ];{}
98;[ 2, 3, 12 ];{}
99;[ 2, 3, 12 ];{}
