408544626;[ 2, 3, 8 ];{}
408544627;[ 2, 3, 8 ];{}
408544628;[ 2, 3, 8 ];{}
408544629;[ 2, 3, 8 ];{}
408544630;[ 2, 3, 8 ];{}
408544631;[ 2, 3, 8 ];{}
408544632;[ 2, 3, 8 ];{}
408544633;[ 2, 3, 8 ];{}
408544634;[ 2, 3, 8 ];{}
408544635;[ 2, 3, 8 ];{}
408544636;[ 2, 3, 8 ];{}
408544637;[ 2, 3, 8 ];{[ $.1 * $.2 * $.3 * $.4 * $.8 * $.9 * $.10, $.1 * $.2^2 * $.4 * $.7 * $.9, $.2^2 * $.7 * $.10 ]}
408544689;[ 2, 3, 8 ];{}
408544691;[ 2, 3, 8 ];{}
408544692;[ 2, 3, 8 ];{}
408544693;[ 2, 3, 8 ];{}
408544694;[ 2, 3, 8 ];{}
408544695;[ 2, 3, 8 ];{}
408544696;[ 2, 3, 8 ];{}
408544697;[ 2, 3, 8 ];{}
408544698;[ 2, 3, 8 ];{}
408544699;[ 2, 3, 8 ];{}
408544700;[ 2, 3, 8 ];{}
408544701;[ 2, 3, 8 ];{}
408544702;[ 2, 3, 8 ];{}
408544703;[ 2, 3, 8 ];{}
408544704;[ 2, 3, 8 ];{}
408544705;[ 2, 3, 8 ];{}
408544706;[ 2, 3, 8 ];{}
408544707;[ 2, 3, 8 ];{}
408544708;[ 2, 3, 8 ];{}
408544709;[ 2, 3, 8 ];{}
408544710;[ 2, 3, 8 ];{}
408544711;[ 2, 3, 8 ];{}
408544712;[ 2, 3, 8 ];{}
408544713;[ 2, 3, 8 ];{}
408544714;[ 2, 3, 8 ];{}
408544716;[ 2, 3, 8 ];{}
408544717;[ 2, 3, 8 ];{}
408544719;[ 2, 3, 8 ];{}
408544720;[ 2, 3, 8 ];{}
408544721;[ 2, 3, 8 ];{}
408544722;[ 2, 3, 8 ];{}
408544723;[ 2, 3, 8 ];{}
408544724;[ 2, 3, 8 ];{}
408544725;[ 2, 3, 8 ];{}
408544726;[ 2, 3, 8 ];{}
408544727;[ 2, 3, 8 ];{}
408544728;[ 2, 3, 8 ];{}
408544729;[ 2, 3, 8 ];{}
408544730;[ 2, 3, 8 ];{}
408544731;[ 2, 3, 8 ];{}
408544732;[ 2, 3, 8 ];{}
408544733;[ 2, 3, 8 ];{}
408544734;[ 2, 3, 8 ];{}
408544735;[ 2, 3, 8 ];{}
408544736;[ 2, 3, 8 ];{}
408544737;[ 2, 3, 8 ];{}
408544746;[ 2, 3, 8 ];{}
408544747;[ 2, 3, 8 ];{}
408544748;[ 2, 3, 8 ];{}
408544749;[ 2, 3, 8 ];{}
408544750;[ 2, 3, 8 ];{}
408544751;[ 2, 3, 8 ];{}
408544752;[ 2, 3, 8 ];{}
408544753;[ 2, 3, 8 ];{}
408544754;[ 2, 3, 8 ];{}
408544763;[ 2, 3, 8 ];{}
408544764;[ 2, 3, 8 ];{}
408544765;[ 2, 3, 8 ];{}
408544766;[ 2, 3, 8 ];{}
408544767;[ 2, 3, 8 ];{}
408544768;[ 2, 3, 8 ];{}
408544769;[ 2, 3, 8 ];{}
408544778;[ 2, 3, 8 ];{}
408544779;[ 2, 3, 8 ];{}
408544780;[ 2, 3, 8 ];{}
408544781;[ 2, 3, 8 ];{}
408544782;[ 2, 3, 8 ];{}
408544783;[ 2, 3, 8 ];{}
408544784;[ 2, 3, 8 ];{}
408544785;[ 2, 3, 8 ];{}
408544786;[ 2, 3, 8 ];{}
408544795;[ 2, 3, 8 ];{}
408544796;[ 2, 3, 8 ];{}
408544797;[ 2, 3, 8 ];{}
408544798;[ 2, 3, 8 ];{}
408544799;[ 2, 3, 8 ];{}
408544800;[ 2, 3, 8 ];{}
408544801;[ 2, 3, 8 ];{}
408544802;[ 2, 3, 8 ];{}
408544805;[ 2, 3, 8 ];{}
408544806;[ 2, 3, 8 ];{}
408544809;[ 2, 3, 8 ];{}
408544810;[ 2, 3, 8 ];{}
408544815;[ 2, 3, 8 ];{}
408544816;[ 2, 3, 8 ];{}
408544818;[ 2, 3, 8 ];{}
408544819;[ 2, 3, 8 ];{}
408544821;[ 2, 3, 8 ];{}
408544822;[ 2, 3, 8 ];{}
408544823;[ 2, 3, 8 ];{}
408544824;[ 2, 3, 8 ];{}
408544825;[ 2, 3, 8 ];{}
408544826;[ 2, 3, 8 ];{}
408544827;[ 2, 3, 8 ];{}
408544828;[ 2, 3, 8 ];{}
408544829;[ 2, 3, 8 ];{}
408544830;[ 2, 3, 8 ];{}
408544831;[ 2, 3, 8 ];{}
408544832;[ 2, 3, 8 ];{}
408544833;[ 2, 3, 8 ];{}
408544834;[ 2, 3, 8 ];{}
408544835;[ 2, 3, 8 ];{}
408544836;[ 2, 3, 8 ];{}
408544837;[ 2, 3, 8 ];{}
408544838;[ 2, 3, 8 ];{}
408544839;[ 2, 3, 8 ];{}
408544840;[ 2, 3, 8 ];{}
408544841;[ 2, 3, 8 ];{}
408544842;[ 2, 3, 8 ];{}
408544843;[ 2, 3, 8 ];{}
408544844;[ 2, 3, 8 ];{}
408544845;[ 2, 3, 8 ];{}
408544846;[ 2, 3, 8 ];{}
408544847;[ 2, 3, 8 ];{}
408544848;[ 2, 3, 8 ];{}
408544849;[ 2, 3, 8 ];{}
408544850;[ 2, 3, 8 ];{}
408544855;[ 2, 3, 8 ];{}
408544856;[ 2, 3, 8 ];{}
408544857;[ 2, 3, 8 ];{}
408544858;[ 2, 3, 8 ];{}
408544859;[ 2, 3, 8 ];{}
408544860;[ 2, 3, 8 ];{}
408544865;[ 2, 3, 8 ];{}
408544866;[ 2, 3, 8 ];{}
408544867;[ 2, 3, 8 ];{}
408544868;[ 2, 3, 8 ];{}
408544869;[ 2, 3, 8 ];{}
408544870;[ 2, 3, 8 ];{}
408544872;[ 2, 3, 8 ];{}
408544874;[ 2, 3, 8 ];{}
408544875;[ 2, 3, 8 ];{}
408544877;[ 2, 3, 8 ];{}
408544878;[ 2, 3, 8 ];{}
408544880;[ 2, 3, 8 ];{}
408544881;[ 2, 3, 8 ];{}
408544882;[ 2, 3, 8 ];{}
408544885;[ 2, 3, 8 ];{}
408544886;[ 2, 3, 8 ];{}
408544887;[ 2, 3, 8 ];{}
408544888;[ 2, 3, 8 ];{}
408544889;[ 2, 3, 8 ];{}
408544890;[ 2, 3, 8 ];{}
408544891;[ 2, 3, 8 ];{}
408544892;[ 2, 3, 8 ];{}
408544897;[ 2, 3, 8 ];{}
408544898;[ 2, 3, 8 ];{}
408544899;[ 2, 3, 8 ];{}
408544900;[ 2, 3, 8 ];{}
408544901;[ 2, 3, 8 ];{}
408544902;[ 2, 3, 8 ];{}
408544907;[ 2, 3, 8 ];{}
408544908;[ 2, 3, 8 ];{}
408544909;[ 2, 3, 8 ];{}
408544910;[ 2, 3, 8 ];{}
408544911;[ 2, 3, 8 ];{}
408544912;[ 2, 3, 8 ];{}
408544913;[ 2, 3, 8 ];{}
408544915;[ 2, 3, 8 ];{}
408544916;[ 2, 3, 8 ];{}
408544919;[ 2, 3, 8 ];{}
408544920;[ 2, 3, 8 ];{}
408544922;[ 2, 3, 8 ];{}
408544924;[ 2, 3, 8 ];{}
408544925;[ 2, 3, 8 ];{}
408544931;[ 2, 3, 8 ];{}
408544932;[ 2, 3, 8 ];{}
408544933;[ 2, 3, 8 ];{}
408544934;[ 2, 3, 8 ];{}
408544935;[ 2, 3, 8 ];{}
408544936;[ 2, 3, 8 ];{}
408544941;[ 2, 3, 8 ];{}
408544942;[ 2, 3, 8 ];{}
408544943;[ 2, 3, 8 ];{}
408544944;[ 2, 3, 8 ];{}
408544946;[ 2, 3, 8 ];{}
408544947;[ 2, 3, 8 ];{}
408544948;[ 2, 3, 8 ];{}
408544949;[ 2, 3, 8 ];{}
408544950;[ 2, 3, 8 ];{}
408544951;[ 2, 3, 8 ];{}
408544956;[ 2, 3, 8 ];{}
408544957;[ 2, 3, 8 ];{}
408544958;[ 2, 3, 8 ];{}
408544959;[ 2, 3, 8 ];{}
408544960;[ 2, 3, 8 ];{}
408544966;[ 2, 3, 8 ];{}
408544967;[ 2, 3, 8 ];{}
408544968;[ 2, 3, 8 ];{}
408544969;[ 2, 3, 8 ];{}
408544970;[ 2, 3, 8 ];{}
408544974;[ 2, 3, 8 ];{}
408544975;[ 2, 3, 8 ];{}
408544979;[ 2, 3, 8 ];{}
408544980;[ 2, 3, 8 ];{}
408544985;[ 2, 3, 8 ];{}
408544986;[ 2, 3, 8 ];{}
408544987;[ 2, 3, 8 ];{}
408544988;[ 2, 3, 8 ];{}
408544989;[ 2, 3, 8 ];{}
408544990;[ 2, 3, 8 ];{}
408544995;[ 2, 3, 8 ];{}
408544996;[ 2, 3, 8 ];{}
408544997;[ 2, 3, 8 ];{}
408544998;[ 2, 3, 8 ];{}
408544999;[ 2, 3, 8 ];{}
408545002;[ 2, 3, 8 ];{}
408545003;[ 2, 3, 8 ];{}
408545004;[ 2, 3, 8 ];{}
408545007;[ 2, 3, 8 ];{}
408545008;[ 2, 3, 8 ];{}
408545009;[ 2, 3, 8 ];{}
408545010;[ 2, 3, 8 ];{}
408545011;[ 2, 3, 8 ];{}
408545012;[ 2, 3, 8 ];{}
408545015;[ 2, 3, 8 ];{}
408545016;[ 2, 3, 8 ];{}
408545017;[ 2, 3, 8 ];{}
408545020;[ 2, 3, 8 ];{}
408545021;[ 2, 3, 8 ];{}
408545022;[ 2, 3, 8 ];{}
408545027;[ 2, 3, 8 ];{}
408545028;[ 2, 3, 8 ];{}
408545029;[ 2, 3, 8 ];{}
408545030;[ 2, 3, 8 ];{}
408545035;[ 2, 3, 8 ];{}
408545036;[ 2, 3, 8 ];{}
408545037;[ 2, 3, 8 ];{}
408545038;[ 2, 3, 8 ];{}
408545043;[ 2, 3, 8 ];{}
408545044;[ 2, 3, 8 ];{}
408545045;[ 2, 3, 8 ];{}
408545046;[ 2, 3, 8 ];{}
408545051;[ 2, 3, 8 ];{}
408545052;[ 2, 3, 8 ];{}
408545053;[ 2, 3, 8 ];{}
408545054;[ 2, 3, 8 ];{}
408545059;[ 2, 3, 8 ];{}
408545060;[ 2, 3, 8 ];{}
408545061;[ 2, 3, 8 ];{}
408545062;[ 2, 3, 8 ];{}
408545065;[ 2, 3, 8 ];{}
408545066;[ 2, 3, 8 ];{}
408545067;[ 2, 3, 8 ];{}
408545070;[ 2, 3, 8 ];{}
408545071;[ 2, 3, 8 ];{}
408545072;[ 2, 3, 8 ];{}
408545073;[ 2, 3, 8 ];{}
408545074;[ 2, 3, 8 ];{}
408545075;[ 2, 3, 8 ];{}
408545076;[ 2, 3, 8 ];{}
408545077;[ 2, 3, 8 ];{}
408545078;[ 2, 3, 8 ];{}
408545079;[ 2, 3, 8 ];{}
408545080;[ 2, 3, 8 ];{}
408545081;[ 2, 3, 8 ];{}
408545082;[ 2, 3, 8 ];{}
408545083;[ 2, 3, 8 ];{}
408545084;[ 2, 3, 8 ];{}
408545085;[ 2, 3, 8 ];{}
408545086;[ 2, 3, 8 ];{}
408545087;[ 2, 3, 8 ];{}
408545088;[ 2, 3, 8 ];{}
408545089;[ 2, 3, 8 ];{}
408545090;[ 2, 3, 8 ];{}
408545095;[ 2, 3, 8 ];{}
408545096;[ 2, 3, 8 ];{}
408545097;[ 2, 3, 8 ];{}
408545102;[ 2, 3, 8 ];{}
408545103;[ 2, 3, 8 ];{}
408545104;[ 2, 3, 8 ];{}
408545105;[ 2, 3, 8 ];{}
408545106;[ 2, 3, 8 ];{}
408545107;[ 2, 3, 8 ];{}
408545108;[ 2, 3, 8 ];{}
408545155;[ 2, 3, 8 ];{}
408545172;[ 2, 3, 8 ];{}
408545173;[ 2, 3, 8 ];{}
408545174;[ 2, 3, 8 ];{}
408545175;[ 2, 3, 8 ];{}
408545176;[ 2, 3, 8 ];{}
408545177;[ 2, 3, 8 ];{}
408545178;[ 2, 3, 8 ];{}
408545179;[ 2, 3, 8 ];{}
408545182;[ 2, 3, 8 ];{}
408545183;[ 2, 3, 8 ];{}
408545186;[ 2, 3, 8 ];{}
408545187;[ 2, 3, 8 ];{}
408545188;[ 2, 3, 8 ];{}
408545189;[ 2, 3, 8 ];{}
408545190;[ 2, 3, 8 ];{}
408545191;[ 2, 3, 8 ];{}
408545193;[ 2, 3, 8 ];{}
408545333;[ 2, 3, 8 ];{}
408545334;[ 2, 3, 8 ];{}
408545335;[ 2, 3, 8 ];{}
408545336;[ 2, 3, 8 ];{}
408545337;[ 2, 3, 8 ];{}
408545338;[ 2, 3, 8 ];{}
408545339;[ 2, 3, 8 ];{}
408545340;[ 2, 3, 8 ];{}
408545341;[ 2, 3, 8 ];{}
408545342;[ 2, 3, 8 ];{}
408545343;[ 2, 3, 8 ];{}
408545344;[ 2, 3, 8 ];{}
408545345;[ 2, 3, 8 ];{}
408545346;[ 2, 3, 8 ];{}
408545347;[ 2, 3, 8 ];{}
408545348;[ 2, 3, 8 ];{}
408545349;[ 2, 3, 8 ];{}
408545350;[ 2, 3, 8 ];{}
408545351;[ 2, 3, 8 ];{}
408545352;[ 2, 3, 8 ];{}
408545353;[ 2, 3, 8 ];{}
408545354;[ 2, 3, 8 ];{}
408545355;[ 2, 3, 8 ];{}
408545356;[ 2, 3, 8 ];{}
408545357;[ 2, 3, 8 ];{}
408545358;[ 2, 3, 8 ];{}
408545359;[ 2, 3, 8 ];{}
408545360;[ 2, 3, 8 ];{}
408545361;[ 2, 3, 8 ];{}
408545362;[ 2, 3, 8 ];{}
408545363;[ 2, 3, 8 ];{}
408545364;[ 2, 3, 8 ];{}
408545367;[ 2, 3, 8 ];{}
408545368;[ 2, 3, 8 ];{}
408545370;[ 2, 3, 8 ];{}
408545371;[ 2, 3, 8 ];{}
408545372;[ 2, 3, 8 ];{}
408545373;[ 2, 3, 8 ];{}
408545374;[ 2, 3, 8 ];{}
408545375;[ 2, 3, 8 ];{}
408545376;[ 2, 3, 8 ];{}
408545377;[ 2, 3, 8 ];{}
408545378;[ 2, 3, 8 ];{}
408545379;[ 2, 3, 8 ];{}
408545380;[ 2, 3, 8 ];{}
408545381;[ 2, 3, 8 ];{}
408545382;[ 2, 3, 8 ];{}
408545383;[ 2, 3, 8 ];{}
408545384;[ 2, 3, 8 ];{}
408545385;[ 2, 3, 8 ];{}
408545386;[ 2, 3, 8 ];{}
408545387;[ 2, 3, 8 ];{}
408545388;[ 2, 3, 8 ];{}
408545389;[ 2, 3, 8 ];{}
408545390;[ 2, 3, 8 ];{}
408545391;[ 2, 3, 8 ];{}
408545392;[ 2, 3, 8 ];{}
408545393;[ 2, 3, 8 ];{}
408545394;[ 2, 3, 8 ];{}
408545395;[ 2, 3, 8 ];{}
408545396;[ 2, 3, 8 ];{}
408545397;[ 2, 3, 8 ];{}
408545398;[ 2, 3, 8 ];{}
408545399;[ 2, 3, 8 ];{}
408545400;[ 2, 3, 8 ];{}
408545401;[ 2, 3, 8 ];{}
408545402;[ 2, 3, 8 ];{}
408545410;[ 2, 3, 8 ];{}
408545432;[ 2, 3, 8 ];{}
408545433;[ 2, 3, 8 ];{}
408545559;[ 2, 3, 8 ];{}
408545560;[ 2, 3, 8 ];{}
408545563;[ 2, 3, 8 ];{}
408545564;[ 2, 3, 8 ];{}
408545568;[ 2, 3, 8 ];{}
408545571;[ 2, 3, 8 ];{}
408545575;[ 2, 3, 8 ];{}
408545623;[ 2, 3, 8 ];{}
408545624;[ 2, 3, 8 ];{}
408545627;[ 2, 3, 8 ];{}
408545628;[ 2, 3, 8 ];{}
408545656;[ 2, 3, 8 ];{}
408545657;[ 2, 3, 8 ];{}
408545658;[ 2, 3, 8 ];{}
408545659;[ 2, 3, 8 ];{}
408545660;[ 2, 3, 8 ];{}
408545661;[ 2, 3, 8 ];{}
408545662;[ 2, 3, 8 ];{}
408545663;[ 2, 3, 8 ];{}
408545664;[ 2, 3, 8 ];{}
408545665;[ 2, 3, 8 ];{}
408545666;[ 2, 3, 8 ];{}
408545667;[ 2, 3, 8 ];{}
408546005;[ 2, 3, 8 ];{}
408546006;[ 2, 3, 8 ];{}
408546007;[ 2, 3, 8 ];{}
408546008;[ 2, 3, 8 ];{}
408546010;[ 2, 3, 8 ];{}
408546014;[ 2, 3, 8 ];{}
408546015;[ 2, 3, 8 ];{}
408546016;[ 2, 3, 8 ];{}
408546020;[ 2, 3, 8 ];{}
408546021;[ 2, 3, 8 ];{}
408546023;[ 2, 3, 8 ];{}
408546024;[ 2, 3, 8 ];{}
408546032;[ 2, 3, 8 ];{}
408546033;[ 2, 3, 8 ];{}
408546035;[ 2, 3, 8 ];{}
408546036;[ 2, 3, 8 ];{}
408546038;[ 2, 3, 8 ];{}
408546039;[ 2, 3, 8 ];{}
408546040;[ 2, 3, 8 ];{}
408546041;[ 2, 3, 8 ];{}
408546046;[ 2, 3, 8 ];{}
408546047;[ 2, 3, 8 ];{}
408546048;[ 2, 3, 8 ];{}
408546049;[ 2, 3, 8 ];{}
408546050;[ 2, 3, 8 ];{}
408546051;[ 2, 3, 8 ];{}
408546052;[ 2, 3, 8 ];{}
408546053;[ 2, 3, 8 ];{}
408546057;[ 2, 3, 8 ];{}
408546058;[ 2, 3, 8 ];{}
408546059;[ 2, 3, 8 ];{}
408546060;[ 2, 3, 8 ];{}
408546061;[ 2, 3, 8 ];{}
408546062;[ 2, 3, 8 ];{}
408546063;[ 2, 3, 8 ];{}
408546064;[ 2, 3, 8 ];{}
408546080;[ 2, 3, 8 ];{}
408546081;[ 2, 3, 8 ];{}
408546082;[ 2, 3, 8 ];{}
408546083;[ 2, 3, 8 ];{}
408546088;[ 2, 3, 8 ];{}
408546089;[ 2, 3, 8 ];{}
408546090;[ 2, 3, 8 ];{}
408546091;[ 2, 3, 8 ];{}
408546092;[ 2, 3, 8 ];{}
408546093;[ 2, 3, 8 ];{}
408546094;[ 2, 3, 8 ];{}
408546095;[ 2, 3, 8 ];{}
408546096;[ 2, 3, 8 ];{}
408546097;[ 2, 3, 8 ];{}
408546098;[ 2, 3, 8 ];{}
408546099;[ 2, 3, 8 ];{}
408546100;[ 2, 3, 8 ];{}
408546101;[ 2, 3, 8 ];{}
408546102;[ 2, 3, 8 ];{}
408546103;[ 2, 3, 8 ];{}
408546104;[ 2, 3, 8 ];{}
408546105;[ 2, 3, 8 ];{}
408546106;[ 2, 3, 8 ];{}
408546107;[ 2, 3, 8 ];{}
408546108;[ 2, 3, 8 ];{}
408546109;[ 2, 3, 8 ];{}
408546110;[ 2, 3, 8 ];{}
408546111;[ 2, 3, 8 ];{}
408546112;[ 2, 3, 8 ];{}
408546113;[ 2, 3, 8 ];{}
408546114;[ 2, 3, 8 ];{}
408546115;[ 2, 3, 8 ];{}
408546116;[ 2, 3, 8 ];{}
408546117;[ 2, 3, 8 ];{}
408546118;[ 2, 3, 8 ];{}
408546119;[ 2, 3, 8 ];{}
408546120;[ 2, 3, 8 ];{}
408546121;[ 2, 3, 8 ];{}
408546122;[ 2, 3, 8 ];{}
408546123;[ 2, 3, 8 ];{}
408546124;[ 2, 3, 8 ];{}
408546125;[ 2, 3, 8 ];{}
408546126;[ 2, 3, 8 ];{}
408546127;[ 2, 3, 8 ];{}
408546128;[ 2, 3, 8 ];{}
408546129;[ 2, 3, 8 ];{}
408546130;[ 2, 3, 8 ];{}
408546131;[ 2, 3, 8 ];{}
408546132;[ 2, 3, 8 ];{}
408546133;[ 2, 3, 8 ];{}
408546134;[ 2, 3, 8 ];{}
408546135;[ 2, 3, 8 ];{}
408546136;[ 2, 3, 8 ];{}
408546137;[ 2, 3, 8 ];{}
408546138;[ 2, 3, 8 ];{}
408546139;[ 2, 3, 8 ];{}
408546140;[ 2, 3, 8 ];{}
408546141;[ 2, 3, 8 ];{}
408546142;[ 2, 3, 8 ];{}
408546143;[ 2, 3, 8 ];{}
408546144;[ 2, 3, 8 ];{}
408546145;[ 2, 3, 8 ];{}
408546146;[ 2, 3, 8 ];{}
408546147;[ 2, 3, 8 ];{}
408546148;[ 2, 3, 8 ];{}
408546149;[ 2, 3, 8 ];{}
408546150;[ 2, 3, 8 ];{}
408546151;[ 2, 3, 8 ];{}
408546152;[ 2, 3, 8 ];{}
408546153;[ 2, 3, 8 ];{}
408546154;[ 2, 3, 8 ];{}
408546155;[ 2, 3, 8 ];{}
408546156;[ 2, 3, 8 ];{}
408546157;[ 2, 3, 8 ];{}
408546158;[ 2, 3, 8 ];{}
408546159;[ 2, 3, 8 ];{}
408546160;[ 2, 3, 8 ];{}
408546161;[ 2, 3, 8 ];{}
408546162;[ 2, 3, 8 ];{}
408546163;[ 2, 3, 8 ];{}
408546164;[ 2, 3, 8 ];{}
408546165;[ 2, 3, 8 ];{}
408546166;[ 2, 3, 8 ];{}
408546167;[ 2, 3, 8 ];{}
408546168;[ 2, 3, 8 ];{}
408546169;[ 2, 3, 8 ];{}
408546170;[ 2, 3, 8 ];{}
408546171;[ 2, 3, 8 ];{}
408546172;[ 2, 3, 8 ];{}
408546173;[ 2, 3, 8 ];{}
408546174;[ 2, 3, 8 ];{}
408546175;[ 2, 3, 8 ];{}
408546176;[ 2, 3, 8 ];{}
408546177;[ 2, 3, 8 ];{}
408546178;[ 2, 3, 8 ];{}
408546179;[ 2, 3, 8 ];{}
408546180;[ 2, 3, 8 ];{}
408546181;[ 2, 3, 8 ];{}
408546182;[ 2, 3, 8 ];{}
408546183;[ 2, 3, 8 ];{}
408546184;[ 2, 3, 8 ];{}
408546185;[ 2, 3, 8 ];{}
408546186;[ 2, 3, 8 ];{}
408546187;[ 2, 3, 8 ];{}
408546188;[ 2, 3, 8 ];{}
408546189;[ 2, 3, 8 ];{}
408546190;[ 2, 3, 8 ];{}
408546191;[ 2, 3, 8 ];{}
408546192;[ 2, 3, 8 ];{}
408546193;[ 2, 3, 8 ];{}
408546194;[ 2, 3, 8 ];{}
408546195;[ 2, 3, 8 ];{}
408546196;[ 2, 3, 8 ];{}
408546197;[ 2, 3, 8 ];{}
408546198;[ 2, 3, 8 ];{}
408546199;[ 2, 3, 8 ];{}
408546200;[ 2, 3, 8 ];{}
408546201;[ 2, 3, 8 ];{}
408546202;[ 2, 3, 8 ];{}
408546203;[ 2, 3, 8 ];{}
408546204;[ 2, 3, 8 ];{}
408546205;[ 2, 3, 8 ];{}
408546206;[ 2, 3, 8 ];{}
408546207;[ 2, 3, 8 ];{}
408546208;[ 2, 3, 8 ];{}
408546209;[ 2, 3, 8 ];{}
408546210;[ 2, 3, 8 ];{}
408546211;[ 2, 3, 8 ];{}
408546212;[ 2, 3, 8 ];{}
408546213;[ 2, 3, 8 ];{}
408546214;[ 2, 3, 8 ];{}
408546215;[ 2, 3, 8 ];{}
408546507;[ 2, 3, 8 ];{}
408546509;[ 2, 3, 8 ];{}
408546510;[ 2, 3, 8 ];{}
408546511;[ 2, 3, 8 ];{}
408546513;[ 2, 3, 8 ];{}
408546514;[ 2, 3, 8 ];{}
408546515;[ 2, 3, 8 ];{}
408546516;[ 2, 3, 8 ];{}
408546517;[ 2, 3, 8 ];{}
408546519;[ 2, 3, 8 ];{}
408546520;[ 2, 3, 8 ];{}
408546521;[ 2, 3, 8 ];{}
408546523;[ 2, 3, 8 ];{}
408546524;[ 2, 3, 8 ];{}
408546525;[ 2, 3, 8 ];{}
408546526;[ 2, 3, 8 ];{}
408546527;[ 2, 3, 8 ];{}
408546528;[ 2, 3, 8 ];{}
408546529;[ 2, 3, 8 ];{}
408546530;[ 2, 3, 8 ];{}
408546531;[ 2, 3, 8 ];{}
408546532;[ 2, 3, 8 ];{}
408546533;[ 2, 3, 8 ];{}
408546534;[ 2, 3, 8 ];{}
408546535;[ 2, 3, 8 ];{}
408546536;[ 2, 3, 8 ];{}
408546537;[ 2, 3, 8 ];{}
408546538;[ 2, 3, 8 ];{}
408546539;[ 2, 3, 8 ];{}
408546540;[ 2, 3, 8 ];{}
408546541;[ 2, 3, 8 ];{}
408546542;[ 2, 3, 8 ];{}
408546585;[ 2, 3, 8 ];{}
408546586;[ 2, 3, 8 ];{}
408546587;[ 2, 3, 8 ];{}
408546588;[ 2, 3, 8 ];{}
408546589;[ 2, 3, 8 ];{}
408546590;[ 2, 3, 8 ];{}
408546591;[ 2, 3, 8 ];{}
408546592;[ 2, 3, 8 ];{}
408568994;[ 2, 3, 8 ];{}
408568995;[ 2, 3, 8 ];{}
408568996;[ 2, 3, 8 ];{}
408568997;[ 2, 3, 8 ];{}
408568998;[ 2, 3, 8 ];{}
408568999;[ 2, 3, 8 ];{}
408569000;[ 2, 3, 8 ];{}
408569001;[ 2, 3, 8 ];{}
408569002;[ 2, 3, 8 ];{}
408569003;[ 2, 3, 8 ];{}
408569004;[ 2, 3, 8 ];{}
408569005;[ 2, 3, 8 ];{}
408569006;[ 2, 3, 8 ];{}
408569007;[ 2, 3, 8 ];{}
408569008;[ 2, 3, 8 ];{}
408569009;[ 2, 3, 8 ];{}
408569010;[ 2, 3, 8 ];{}
408569011;[ 2, 3, 8 ];{}
408569012;[ 2, 3, 8 ];{}
408569013;[ 2, 3, 8 ];{}
408569014;[ 2, 3, 8 ];{}
408569015;[ 2, 3, 8 ];{}
408569016;[ 2, 3, 8 ];{}
408569017;[ 2, 3, 8 ];{}
408569018;[ 2, 3, 8 ];{}
408569019;[ 2, 3, 8 ];{}
408569020;[ 2, 3, 8 ];{}
408569021;[ 2, 3, 8 ];{}
408569022;[ 2, 3, 8 ];{}
408569023;[ 2, 3, 8 ];{}
408569024;[ 2, 3, 8 ];{}
408569025;[ 2, 3, 8 ];{}
408569026;[ 2, 3, 8 ];{}
408569027;[ 2, 3, 8 ];{}
408569028;[ 2, 3, 8 ];{}
408569029;[ 2, 3, 8 ];{}
408569030;[ 2, 3, 8 ];{}
408569031;[ 2, 3, 8 ];{}
408569032;[ 2, 3, 8 ];{}
408569033;[ 2, 3, 8 ];{}
408569034;[ 2, 3, 8 ];{}
408569035;[ 2, 3, 8 ];{}
408569036;[ 2, 3, 8 ];{}
408569037;[ 2, 3, 8 ];{}
408569038;[ 2, 3, 8 ];{}
408569039;[ 2, 3, 8 ];{}
408569040;[ 2, 3, 8 ];{}
408569041;[ 2, 3, 8 ];{}
408569042;[ 2, 3, 8 ];{}
408569043;[ 2, 3, 8 ];{}
408569044;[ 2, 3, 8 ];{}
408569045;[ 2, 3, 8 ];{}
408569046;[ 2, 3, 8 ];{}
408569047;[ 2, 3, 8 ];{}
408569048;[ 2, 3, 8 ];{}
408569049;[ 2, 3, 8 ];{}
408569050;[ 2, 3, 8 ];{}
408569051;[ 2, 3, 8 ];{}
408569052;[ 2, 3, 8 ];{}
408569053;[ 2, 3, 8 ];{}
408569054;[ 2, 3, 8 ];{}
408569055;[ 2, 3, 8 ];{}
408569056;[ 2, 3, 8 ];{}
408569057;[ 2, 3, 8 ];{}
408569058;[ 2, 3, 8 ];{}
408569059;[ 2, 3, 8 ];{}
408569060;[ 2, 3, 8 ];{}
408569061;[ 2, 3, 8 ];{}
408569062;[ 2, 3, 8 ];{}
408569063;[ 2, 3, 8 ];{}
408569064;[ 2, 3, 8 ];{}
408569065;[ 2, 3, 8 ];{}
408569066;[ 2, 3, 8 ];{}
408569067;[ 2, 3, 8 ];{}
408569068;[ 2, 3, 8 ];{}
408569069;[ 2, 3, 8 ];{}
408569070;[ 2, 3, 8 ];{}
408569071;[ 2, 3, 8 ];{}
408569072;[ 2, 3, 8 ];{}
408569073;[ 2, 3, 8 ];{}
408632505;[ 2, 3, 8 ];{}
408632507;[ 2, 3, 8 ];{}
408632508;[ 2, 3, 8 ];{}
408632509;[ 2, 3, 8 ];{}
408632510;[ 2, 3, 8 ];{}
408632511;[ 2, 3, 8 ];{}
408632512;[ 2, 3, 8 ];{}
408632513;[ 2, 3, 8 ];{}
408632514;[ 2, 3, 8 ];{}
408632515;[ 2, 3, 8 ];{}
408632516;[ 2, 3, 8 ];{}
408632517;[ 2, 3, 8 ];{}
408632518;[ 2, 3, 8 ];{}
408632519;[ 2, 3, 8 ];{}
408632520;[ 2, 3, 8 ];{}
408632521;[ 2, 3, 8 ];{}
408632522;[ 2, 3, 8 ];{}
408632523;[ 2, 3, 8 ];{}
408632524;[ 2, 3, 8 ];{}
408632525;[ 2, 3, 8 ];{}
408632526;[ 2, 3, 8 ];{}
408632527;[ 2, 3, 8 ];{}
408632528;[ 2, 3, 8 ];{}
408632529;[ 2, 3, 8 ];{}
408632530;[ 2, 3, 8 ];{}
408632531;[ 2, 3, 8 ];{}
408632532;[ 2, 3, 8 ];{}
408632533;[ 2, 3, 8 ];{}
408632534;[ 2, 3, 8 ];{}
408632535;[ 2, 3, 8 ];{}
408632536;[ 2, 3, 8 ];{}
408632537;[ 2, 3, 8 ];{}
408632541;[ 2, 3, 8 ];{}
408632543;[ 2, 3, 8 ];{}
408632544;[ 2, 3, 8 ];{}
408632546;[ 2, 3, 8 ];{}
408632547;[ 2, 3, 8 ];{}
408632550;[ 2, 3, 8 ];{}
408632553;[ 2, 3, 8 ];{}
408632556;[ 2, 3, 8 ];{}
408632557;[ 2, 3, 8 ];{}
408632558;[ 2, 3, 8 ];{}
408632561;[ 2, 3, 8 ];{}
408632562;[ 2, 3, 8 ];{}
408632563;[ 2, 3, 8 ];{}
408632565;[ 2, 3, 8 ];{}
408632566;[ 2, 3, 8 ];{}
408632569;[ 2, 3, 8 ];{}
408632570;[ 2, 3, 8 ];{}
408632571;[ 2, 3, 8 ];{}
408632573;[ 2, 3, 8 ];{}
408632574;[ 2, 3, 8 ];{}
408632576;[ 2, 3, 8 ];{}
408632578;[ 2, 3, 8 ];{}
408632580;[ 2, 3, 8 ];{}
408632582;[ 2, 3, 8 ];{}
408632583;[ 2, 3, 8 ];{}
408632584;[ 2, 3, 8 ];{}
408632587;[ 2, 3, 8 ];{}
408632590;[ 2, 3, 8 ];{}
408632592;[ 2, 3, 8 ];{}
408632593;[ 2, 3, 8 ];{}
408632595;[ 2, 3, 8 ];{}
408632596;[ 2, 3, 8 ];{}
408632597;[ 2, 3, 8 ];{}
408632598;[ 2, 3, 8 ];{}
408632600;[ 2, 3, 8 ];{}
408632601;[ 2, 3, 8 ];{}
408632603;[ 2, 3, 8 ];{}
408632605;[ 2, 3, 8 ];{}
408632607;[ 2, 3, 8 ];{}
408632609;[ 2, 3, 8 ];{}
408632610;[ 2, 3, 8 ];{}
408632611;[ 2, 3, 8 ];{}
408632612;[ 2, 3, 8 ];{}
408632613;[ 2, 3, 8 ];{}
408632616;[ 2, 3, 8 ];{}
408632618;[ 2, 3, 8 ];{}
408632619;[ 2, 3, 8 ];{}
408632620;[ 2, 3, 8 ];{}
408632621;[ 2, 3, 8 ];{}
408632623;[ 2, 3, 8 ];{}
408632626;[ 2, 3, 8 ];{}
408632627;[ 2, 3, 8 ];{}
408632629;[ 2, 3, 8 ];{}
408632631;[ 2, 3, 8 ];{}
408632632;[ 2, 3, 8 ];{}
408632634;[ 2, 3, 8 ];{}
408632635;[ 2, 3, 8 ];{}
408632636;[ 2, 3, 8 ];{}
408632639;[ 2, 3, 8 ];{}
408632640;[ 2, 3, 8 ];{}
408632641;[ 2, 3, 8 ];{}
408632642;[ 2, 3, 8 ];{}
408632643;[ 2, 3, 8 ];{}
408632644;[ 2, 3, 8 ];{}
408632645;[ 2, 3, 8 ];{}
408632646;[ 2, 3, 8 ];{}
408632647;[ 2, 3, 8 ];{}
408632648;[ 2, 3, 8 ];{}
408632649;[ 2, 3, 8 ];{}
408632650;[ 2, 3, 8 ];{}
408632651;[ 2, 3, 8 ];{}
408632652;[ 2, 3, 8 ];{}
408632653;[ 2, 3, 8 ];{}
408632654;[ 2, 3, 8 ];{}
408632655;[ 2, 3, 8 ];{}
408632656;[ 2, 3, 8 ];{}
408632657;[ 2, 3, 8 ];{}
408632658;[ 2, 3, 8 ];{}
408632660;[ 2, 3, 8 ];{}
408632662;[ 2, 3, 8 ];{}
408632664;[ 2, 3, 8 ];{}
408632665;[ 2, 3, 8 ];{}
408632666;[ 2, 3, 8 ];{}
408632667;[ 2, 3, 8 ];{}
408632668;[ 2, 3, 8 ];{}
408632669;[ 2, 3, 8 ];{}
408632670;[ 2, 3, 8 ];{}
408632671;[ 2, 3, 8 ];{}
408632672;[ 2, 3, 8 ];{}
408632673;[ 2, 3, 8 ];{}
408632674;[ 2, 3, 8 ];{}
408632675;[ 2, 3, 8 ];{}
408632676;[ 2, 3, 8 ];{}
408632678;[ 2, 3, 8 ];{}
408632680;[ 2, 3, 8 ];{}
408632682;[ 2, 3, 8 ];{}
408632683;[ 2, 3, 8 ];{}
408632684;[ 2, 3, 8 ];{}
408632685;[ 2, 3, 8 ];{}
408632686;[ 2, 3, 8 ];{}
408632687;[ 2, 3, 8 ];{}
408632688;[ 2, 3, 8 ];{}
408632689;[ 2, 3, 8 ];{}
408632690;[ 2, 3, 8 ];{}
408632691;[ 2, 3, 8 ];{}
408632692;[ 2, 3, 8 ];{}
408632693;[ 2, 3, 8 ];{}
408632694;[ 2, 3, 8 ];{}
408632695;[ 2, 3, 8 ];{}
408632696;[ 2, 3, 8 ];{}
408632697;[ 2, 3, 8 ];{}
408632698;[ 2, 3, 8 ];{}
408632699;[ 2, 3, 8 ];{}
408632700;[ 2, 3, 8 ];{}
408632701;[ 2, 3, 8 ];{}
408632702;[ 2, 3, 8 ];{}
408632703;[ 2, 3, 8 ];{}
408632704;[ 2, 3, 8 ];{}
408632705;[ 2, 3, 8 ];{}
408632706;[ 2, 3, 8 ];{}
408632707;[ 2, 3, 8 ];{}
408632708;[ 2, 3, 8 ];{}
408632709;[ 2, 3, 8 ];{}
408632710;[ 2, 3, 8 ];{}
408632711;[ 2, 3, 8 ];{}
408632712;[ 2, 3, 8 ];{}
408632713;[ 2, 3, 8 ];{}
408632714;[ 2, 3, 8 ];{}
408632715;[ 2, 3, 8 ];{}
408632716;[ 2, 3, 8 ];{}
408632717;[ 2, 3, 8 ];{}
408632718;[ 2, 3, 8 ];{}
408632719;[ 2, 3, 8 ];{}
408632720;[ 2, 3, 8 ];{}
408632721;[ 2, 3, 8 ];{}
408632722;[ 2, 3, 8 ];{}
408632723;[ 2, 3, 8 ];{}
408632724;[ 2, 3, 8 ];{}
408632725;[ 2, 3, 8 ];{}
408632726;[ 2, 3, 8 ];{}
408632727;[ 2, 3, 8 ];{}
408632728;[ 2, 3, 8 ];{}
408632729;[ 2, 3, 8 ];{}
408632730;[ 2, 3, 8 ];{}
408632731;[ 2, 3, 8 ];{}
408632732;[ 2, 3, 8 ];{}
408632733;[ 2, 3, 8 ];{}
408632734;[ 2, 3, 8 ];{}
408632735;[ 2, 3, 8 ];{}
408632736;[ 2, 3, 8 ];{}
408632737;[ 2, 3, 8 ];{}
408632738;[ 2, 3, 8 ];{}
408632739;[ 2, 3, 8 ];{}
408632740;[ 2, 3, 8 ];{}
408632741;[ 2, 3, 8 ];{}
408632742;[ 2, 3, 8 ];{}
408632743;[ 2, 3, 8 ];{}
408632744;[ 2, 3, 8 ];{}
408632745;[ 2, 3, 8 ];{}
408632746;[ 2, 3, 8 ];{}
408632747;[ 2, 3, 8 ];{}
408632748;[ 2, 3, 8 ];{}
408632749;[ 2, 3, 8 ];{}
408632750;[ 2, 3, 8 ];{}
408632751;[ 2, 3, 8 ];{}
408632752;[ 2, 3, 8 ];{}
408632753;[ 2, 3, 8 ];{}
408632754;[ 2, 3, 8 ];{}
408632755;[ 2, 3, 8 ];{}
408632756;[ 2, 3, 8 ];{}
408632757;[ 2, 3, 8 ];{}
408632758;[ 2, 3, 8 ];{}
408632759;[ 2, 3, 8 ];{}
408632760;[ 2, 3, 8 ];{}
408632761;[ 2, 3, 8 ];{}
408632762;[ 2, 3, 8 ];{}
408632763;[ 2, 3, 8 ];{}
408632764;[ 2, 3, 8 ];{}
408632765;[ 2, 3, 8 ];{}
408632766;[ 2, 3, 8 ];{}
408632767;[ 2, 3, 8 ];{}
408632768;[ 2, 3, 8 ];{}
408632769;[ 2, 3, 8 ];{}
408632770;[ 2, 3, 8 ];{}
408632771;[ 2, 3, 8 ];{}
408632772;[ 2, 3, 8 ];{}
408632773;[ 2, 3, 8 ];{}
408632774;[ 2, 3, 8 ];{}
408632775;[ 2, 3, 8 ];{}
408632776;[ 2, 3, 8 ];{}
408632777;[ 2, 3, 8 ];{}
408632778;[ 2, 3, 8 ];{}
408632779;[ 2, 3, 8 ];{}
408632780;[ 2, 3, 8 ];{}
408632781;[ 2, 3, 8 ];{}
408632782;[ 2, 3, 8 ];{}
408632783;[ 2, 3, 8 ];{}
408632784;[ 2, 3, 8 ];{}
408632785;[ 2, 3, 8 ];{}
408632786;[ 2, 3, 8 ];{}
408632787;[ 2, 3, 8 ];{}
408632788;[ 2, 3, 8 ];{}
408632789;[ 2, 3, 8 ];{}
408632790;[ 2, 3, 8 ];{}
408632791;[ 2, 3, 8 ];{}
408632792;[ 2, 3, 8 ];{}
408632793;[ 2, 3, 8 ];{}
408632794;[ 2, 3, 8 ];{}
408632795;[ 2, 3, 8 ];{}
408632796;[ 2, 3, 8 ];{}
408632797;[ 2, 3, 8 ];{}
408632798;[ 2, 3, 8 ];{}
408632799;[ 2, 3, 8 ];{}
408632800;[ 2, 3, 8 ];{}
408632801;[ 2, 3, 8 ];{}
408632802;[ 2, 3, 8 ];{}
408632803;[ 2, 3, 8 ];{}
408632804;[ 2, 3, 8 ];{}
408632805;[ 2, 3, 8 ];{}
408632806;[ 2, 3, 8 ];{}
408632807;[ 2, 3, 8 ];{}
408632808;[ 2, 3, 8 ];{}
408632809;[ 2, 3, 8 ];{}
408632810;[ 2, 3, 8 ];{}
408632811;[ 2, 3, 8 ];{}
408632812;[ 2, 3, 8 ];{}
408632813;[ 2, 3, 8 ];{}
408632814;[ 2, 3, 8 ];{}
408632815;[ 2, 3, 8 ];{}
408632816;[ 2, 3, 8 ];{}
408632817;[ 2, 3, 8 ];{}
408632818;[ 2, 3, 8 ];{}
408632819;[ 2, 3, 8 ];{}
408632820;[ 2, 3, 8 ];{}
408632821;[ 2, 3, 8 ];{}
408632822;[ 2, 3, 8 ];{}
408632823;[ 2, 3, 8 ];{}
408632824;[ 2, 3, 8 ];{}
408632825;[ 2, 3, 8 ];{}
408632826;[ 2, 3, 8 ];{}
408632827;[ 2, 3, 8 ];{}
408632828;[ 2, 3, 8 ];{}
408632829;[ 2, 3, 8 ];{}
408632830;[ 2, 3, 8 ];{}
408632831;[ 2, 3, 8 ];{}
408632832;[ 2, 3, 8 ];{}
408632833;[ 2, 3, 8 ];{}
408632834;[ 2, 3, 8 ];{}
408632835;[ 2, 3, 8 ];{}
408632836;[ 2, 3, 8 ];{}
408632837;[ 2, 3, 8 ];{}
408632838;[ 2, 3, 8 ];{}
408632839;[ 2, 3, 8 ];{}
408632840;[ 2, 3, 8 ];{}
408632841;[ 2, 3, 8 ];{}
408632842;[ 2, 3, 8 ];{}
408632843;[ 2, 3, 8 ];{}
408632844;[ 2, 3, 8 ];{}
408632845;[ 2, 3, 8 ];{}
408632846;[ 2, 3, 8 ];{}
408632847;[ 2, 3, 8 ];{}
408632848;[ 2, 3, 8 ];{}
408632849;[ 2, 3, 8 ];{}
408632850;[ 2, 3, 8 ];{}
408632851;[ 2, 3, 8 ];{}
408632852;[ 2, 3, 8 ];{}
408632853;[ 2, 3, 8 ];{}
408632854;[ 2, 3, 8 ];{}
408632855;[ 2, 3, 8 ];{}
408632856;[ 2, 3, 8 ];{}
408632857;[ 2, 3, 8 ];{}
408632858;[ 2, 3, 8 ];{}
408632859;[ 2, 3, 8 ];{}
408632860;[ 2, 3, 8 ];{}
408632861;[ 2, 3, 8 ];{}
408632862;[ 2, 3, 8 ];{}
408632863;[ 2, 3, 8 ];{}
408632864;[ 2, 3, 8 ];{}
408632865;[ 2, 3, 8 ];{}
408632866;[ 2, 3, 8 ];{}
408632867;[ 2, 3, 8 ];{}
408632868;[ 2, 3, 8 ];{}
408632869;[ 2, 3, 8 ];{}
408632870;[ 2, 3, 8 ];{}
408632871;[ 2, 3, 8 ];{}
408632872;[ 2, 3, 8 ];{}
408632873;[ 2, 3, 8 ];{}
408632874;[ 2, 3, 8 ];{}
408632875;[ 2, 3, 8 ];{}
408632876;[ 2, 3, 8 ];{}
408632877;[ 2, 3, 8 ];{}
408632878;[ 2, 3, 8 ];{}
408632879;[ 2, 3, 8 ];{}
408632880;[ 2, 3, 8 ];{}
408632881;[ 2, 3, 8 ];{}
408632882;[ 2, 3, 8 ];{}
408632883;[ 2, 3, 8 ];{}
408632884;[ 2, 3, 8 ];{}
408632885;[ 2, 3, 8 ];{}
408632886;[ 2, 3, 8 ];{}
408632887;[ 2, 3, 8 ];{}
408632888;[ 2, 3, 8 ];{}
408632889;[ 2, 3, 8 ];{}
408632890;[ 2, 3, 8 ];{}
408632891;[ 2, 3, 8 ];{}
408632892;[ 2, 3, 8 ];{}
408632893;[ 2, 3, 8 ];{}
408632894;[ 2, 3, 8 ];{}
408632895;[ 2, 3, 8 ];{}
408632896;[ 2, 3, 8 ];{}
408632897;[ 2, 3, 8 ];{}
408632898;[ 2, 3, 8 ];{}
408632899;[ 2, 3, 8 ];{}
408632900;[ 2, 3, 8 ];{}
408632901;[ 2, 3, 8 ];{}
408632902;[ 2, 3, 8 ];{}
408632903;[ 2, 3, 8 ];{}
408632904;[ 2, 3, 8 ];{}
408632905;[ 2, 3, 8 ];{}
408632906;[ 2, 3, 8 ];{}
408632907;[ 2, 3, 8 ];{}
408632908;[ 2, 3, 8 ];{}
408632909;[ 2, 3, 8 ];{}
408632910;[ 2, 3, 8 ];{}
408632911;[ 2, 3, 8 ];{}
408632912;[ 2, 3, 8 ];{}
408632913;[ 2, 3, 8 ];{}
408632914;[ 2, 3, 8 ];{}
408632915;[ 2, 3, 8 ];{}
408632916;[ 2, 3, 8 ];{}
408632917;[ 2, 3, 8 ];{}
408632918;[ 2, 3, 8 ];{}
408632919;[ 2, 3, 8 ];{}
408632920;[ 2, 3, 8 ];{}
408632921;[ 2, 3, 8 ];{}
408632922;[ 2, 3, 8 ];{}
408632923;[ 2, 3, 8 ];{}
408632924;[ 2, 3, 8 ];{}
408632925;[ 2, 3, 8 ];{}
408632926;[ 2, 3, 8 ];{}
408632927;[ 2, 3, 8 ];{}
408632928;[ 2, 3, 8 ];{}
408632929;[ 2, 3, 8 ];{}
408632930;[ 2, 3, 8 ];{}
408632931;[ 2, 3, 8 ];{}
408632932;[ 2, 3, 8 ];{}
408632933;[ 2, 3, 8 ];{}
408632934;[ 2, 3, 8 ];{}
408632935;[ 2, 3, 8 ];{}
408632936;[ 2, 3, 8 ];{}
408632937;[ 2, 3, 8 ];{}
408632938;[ 2, 3, 8 ];{}
408632939;[ 2, 3, 8 ];{}
408632940;[ 2, 3, 8 ];{}
408632941;[ 2, 3, 8 ];{}
408632942;[ 2, 3, 8 ];{}
408632943;[ 2, 3, 8 ];{}
408632944;[ 2, 3, 8 ];{}
408632945;[ 2, 3, 8 ];{}
408632946;[ 2, 3, 8 ];{}
408632947;[ 2, 3, 8 ];{}
408632948;[ 2, 3, 8 ];{}
408632949;[ 2, 3, 8 ];{}
408632950;[ 2, 3, 8 ];{}
408632951;[ 2, 3, 8 ];{}
408632952;[ 2, 3, 8 ];{}
408632953;[ 2, 3, 8 ];{}
408632954;[ 2, 3, 8 ];{}
408632955;[ 2, 3, 8 ];{}
408632956;[ 2, 3, 8 ];{}
408632957;[ 2, 3, 8 ];{}
408632958;[ 2, 3, 8 ];{}
408632959;[ 2, 3, 8 ];{}
408632960;[ 2, 3, 8 ];{}
408632961;[ 2, 3, 8 ];{}
408632962;[ 2, 3, 8 ];{}
408632963;[ 2, 3, 8 ];{}
408632964;[ 2, 3, 8 ];{}
408632965;[ 2, 3, 8 ];{}
408632966;[ 2, 3, 8 ];{}
408632967;[ 2, 3, 8 ];{}
408632968;[ 2, 3, 8 ];{}
408632969;[ 2, 3, 8 ];{}
408632970;[ 2, 3, 8 ];{}
408632971;[ 2, 3, 8 ];{}
408632972;[ 2, 3, 8 ];{}
408632973;[ 2, 3, 8 ];{}
408632974;[ 2, 3, 8 ];{}
408632975;[ 2, 3, 8 ];{}
408632976;[ 2, 3, 8 ];{}
408632977;[ 2, 3, 8 ];{}
408632978;[ 2, 3, 8 ];{}
408632979;[ 2, 3, 8 ];{}
408632980;[ 2, 3, 8 ];{}
408632981;[ 2, 3, 8 ];{}
408632982;[ 2, 3, 8 ];{}
408632983;[ 2, 3, 8 ];{}
408632984;[ 2, 3, 8 ];{}
408632985;[ 2, 3, 8 ];{}
408632986;[ 2, 3, 8 ];{}
408632987;[ 2, 3, 8 ];{}
408632992;[ 2, 3, 8 ];{}
408632993;[ 2, 3, 8 ];{}
408632994;[ 2, 3, 8 ];{}
408632995;[ 2, 3, 8 ];{}
408632996;[ 2, 3, 8 ];{}
408632997;[ 2, 3, 8 ];{}
408633002;[ 2, 3, 8 ];{}
408633003;[ 2, 3, 8 ];{}
408633004;[ 2, 3, 8 ];{}
408633005;[ 2, 3, 8 ];{}
408633010;[ 2, 3, 8 ];{}
408633011;[ 2, 3, 8 ];{}
408633012;[ 2, 3, 8 ];{}
408633013;[ 2, 3, 8 ];{}
408633014;[ 2, 3, 8 ];{}
408633015;[ 2, 3, 8 ];{}
408633020;[ 2, 3, 8 ];{}
408633021;[ 2, 3, 8 ];{}
408633022;[ 2, 3, 8 ];{}
408633023;[ 2, 3, 8 ];{}
408633028;[ 2, 3, 8 ];{}
408633029;[ 2, 3, 8 ];{}
408633030;[ 2, 3, 8 ];{}
408633031;[ 2, 3, 8 ];{}
408633032;[ 2, 3, 8 ];{}
408633033;[ 2, 3, 8 ];{}
408633038;[ 2, 3, 8 ];{}
408633039;[ 2, 3, 8 ];{}
408633040;[ 2, 3, 8 ];{}
408633041;[ 2, 3, 8 ];{}
408633050;[ 2, 3, 8 ];{}
408633051;[ 2, 3, 8 ];{}
408633052;[ 2, 3, 8 ];{}
408633053;[ 2, 3, 8 ];{}
408633054;[ 2, 3, 8 ];{}
408633055;[ 2, 3, 8 ];{}
408633056;[ 2, 3, 8 ];{}
408633057;[ 2, 3, 8 ];{}
408633058;[ 2, 3, 8 ];{}
408633059;[ 2, 3, 8 ];{}
408633060;[ 2, 3, 8 ];{}
408633061;[ 2, 3, 8 ];{}
408633070;[ 2, 3, 8 ];{}
408633071;[ 2, 3, 8 ];{}
408633072;[ 2, 3, 8 ];{}
408633073;[ 2, 3, 8 ];{}
408633074;[ 2, 3, 8 ];{}
408633075;[ 2, 3, 8 ];{}
408633076;[ 2, 3, 8 ];{}
408633077;[ 2, 3, 8 ];{}
408633086;[ 2, 3, 8 ];{}
408633087;[ 2, 3, 8 ];{}
408633088;[ 2, 3, 8 ];{}
408633089;[ 2, 3, 8 ];{}
408633090;[ 2, 3, 8 ];{}
408633091;[ 2, 3, 8 ];{}
408633092;[ 2, 3, 8 ];{}
408633093;[ 2, 3, 8 ];{}
408633094;[ 2, 3, 8 ];{}
408633095;[ 2, 3, 8 ];{}
408633096;[ 2, 3, 8 ];{}
408633097;[ 2, 3, 8 ];{}
408633106;[ 2, 3, 8 ];{}
408633107;[ 2, 3, 8 ];{}
408633108;[ 2, 3, 8 ];{}
408633109;[ 2, 3, 8 ];{}
408633110;[ 2, 3, 8 ];{}
408633111;[ 2, 3, 8 ];{}
408633112;[ 2, 3, 8 ];{}
408633113;[ 2, 3, 8 ];{}
408633114;[ 2, 3, 8 ];{}
408633118;[ 2, 3, 8 ];{}
408633119;[ 2, 3, 8 ];{}
408633120;[ 2, 3, 8 ];{}
408633121;[ 2, 3, 8 ];{}
408633125;[ 2, 3, 8 ];{}
408633126;[ 2, 3, 8 ];{}
408633127;[ 2, 3, 8 ];{}
408633129;[ 2, 3, 8 ];{}
408633130;[ 2, 3, 8 ];{}
408633134;[ 2, 3, 8 ];{}
408633135;[ 2, 3, 8 ];{}
408633136;[ 2, 3, 8 ];{}
408633137;[ 2, 3, 8 ];{}
408633141;[ 2, 3, 8 ];{}
408633142;[ 2, 3, 8 ];{}
408633143;[ 2, 3, 8 ];{}
408633145;[ 2, 3, 8 ];{}
408633146;[ 2, 3, 8 ];{}
408633147;[ 2, 3, 8 ];{}
408633148;[ 2, 3, 8 ];{}
408633149;[ 2, 3, 8 ];{}
408633150;[ 2, 3, 8 ];{}
408633151;[ 2, 3, 8 ];{}
408633152;[ 2, 3, 8 ];{}
408633153;[ 2, 3, 8 ];{}
408633154;[ 2, 3, 8 ];{}
408633155;[ 2, 3, 8 ];{}
408633156;[ 2, 3, 8 ];{}
408633157;[ 2, 3, 8 ];{}
408633158;[ 2, 3, 8 ];{}
408633159;[ 2, 3, 8 ];{}
408633162;[ 2, 3, 8 ];{}
408633163;[ 2, 3, 8 ];{}
408633164;[ 2, 3, 8 ];{}
408633167;[ 2, 3, 8 ];{}
408633168;[ 2, 3, 8 ];{}
408633169;[ 2, 3, 8 ];{}
408633174;[ 2, 3, 8 ];{}
408633175;[ 2, 3, 8 ];{}
408633176;[ 2, 3, 8 ];{}
408633177;[ 2, 3, 8 ];{}
408633178;[ 2, 3, 8 ];{}
408633179;[ 2, 3, 8 ];{}
408633185;[ 2, 3, 8 ];{}
408633271;[ 2, 3, 8 ];{}
408633274;[ 2, 3, 8 ];{}
408633276;[ 2, 3, 8 ];{}
408633278;[ 2, 3, 8 ];{}
408633280;[ 2, 3, 8 ];{}
408633282;[ 2, 3, 8 ];{}
408633292;[ 2, 3, 8 ];{}
408633300;[ 2, 3, 8 ];{}
408633301;[ 2, 3, 8 ];{}
408633302;[ 2, 3, 8 ];{}
408633303;[ 2, 3, 8 ];{}
408633304;[ 2, 3, 8 ];{}
408633305;[ 2, 3, 8 ];{}
408633306;[ 2, 3, 8 ];{}
408633312;[ 2, 3, 8 ];{}
408633316;[ 2, 3, 8 ];{}
408633317;[ 2, 3, 8 ];{}
408633318;[ 2, 3, 8 ];{}
408633331;[ 2, 3, 8 ];{}
408633336;[ 2, 3, 8 ];{}
408633338;[ 2, 3, 8 ];{}
408633339;[ 2, 3, 8 ];{}
408633340;[ 2, 3, 8 ];{}
408633341;[ 2, 3, 8 ];{}
408633342;[ 2, 3, 8 ];{}
408633349;[ 2, 3, 8 ];{}
408633351;[ 2, 3, 8 ];{}
408633353;[ 2, 3, 8 ];{}
408633354;[ 2, 3, 8 ];{}
408633358;[ 2, 3, 8 ];{}
408633359;[ 2, 3, 8 ];{}
408633360;[ 2, 3, 8 ];{}
408633361;[ 2, 3, 8 ];{}
408633362;[ 2, 3, 8 ];{}
408633363;[ 2, 3, 8 ];{}
408633364;[ 2, 3, 8 ];{}
408633365;[ 2, 3, 8 ];{}
408633366;[ 2, 3, 8 ];{}
408633367;[ 2, 3, 8 ];{}
408633368;[ 2, 3, 8 ];{}
408633369;[ 2, 3, 8 ];{}
408633370;[ 2, 3, 8 ];{}
408633371;[ 2, 3, 8 ];{}
408633372;[ 2, 3, 8 ];{}
408633373;[ 2, 3, 8 ];{}
408633375;[ 2, 3, 8 ];{}
408633376;[ 2, 3, 8 ];{}
408633378;[ 2, 3, 8 ];{}
408633380;[ 2, 3, 8 ];{}
408633382;[ 2, 3, 8 ];{}
408633383;[ 2, 3, 8 ];{}
408633389;[ 2, 3, 8 ];{}
408633393;[ 2, 3, 8 ];{}
408633394;[ 2, 3, 8 ];{}
408633395;[ 2, 3, 8 ];{}
408633402;[ 2, 3, 8 ];{}
408633404;[ 2, 3, 8 ];{}
408633406;[ 2, 3, 8 ];{}
408633407;[ 2, 3, 8 ];{}
408633415;[ 2, 3, 8 ];{}
408633418;[ 2, 3, 8 ];{}
408633423;[ 2, 3, 8 ];{}
408633424;[ 2, 3, 8 ];{}
408633426;[ 2, 3, 8 ];{}
408633427;[ 2, 3, 8 ];{}
408633430;[ 2, 3, 8 ];{}
408633431;[ 2, 3, 8 ];{}
408633432;[ 2, 3, 8 ];{}
408633433;[ 2, 3, 8 ];{}
408633434;[ 2, 3, 8 ];{}
408633435;[ 2, 3, 8 ];{}
408633436;[ 2, 3, 8 ];{}
408633437;[ 2, 3, 8 ];{}
408633438;[ 2, 3, 8 ];{}
408633439;[ 2, 3, 8 ];{}
408633440;[ 2, 3, 8 ];{}
408633441;[ 2, 3, 8 ];{}
408633442;[ 2, 3, 8 ];{}
408633443;[ 2, 3, 8 ];{}
408633444;[ 2, 3, 8 ];{}
408633445;[ 2, 3, 8 ];{}
408633446;[ 2, 3, 8 ];{}
408633447;[ 2, 3, 8 ];{}
408633448;[ 2, 3, 8 ];{}
408633449;[ 2, 3, 8 ];{}
408633450;[ 2, 3, 8 ];{}
408633451;[ 2, 3, 8 ];{}
408633452;[ 2, 3, 8 ];{}
408633453;[ 2, 3, 8 ];{}
408633454;[ 2, 3, 8 ];{}
408633455;[ 2, 3, 8 ];{}
408633456;[ 2, 3, 8 ];{}
408633457;[ 2, 3, 8 ];{}
408633458;[ 2, 3, 8 ];{}
408633459;[ 2, 3, 8 ];{}
408633460;[ 2, 3, 8 ];{}
408633461;[ 2, 3, 8 ];{}
408633462;[ 2, 3, 8 ];{}
408633463;[ 2, 3, 8 ];{}
408633464;[ 2, 3, 8 ];{}
408633465;[ 2, 3, 8 ];{}
408633466;[ 2, 3, 8 ];{}
408633467;[ 2, 3, 8 ];{}
408633468;[ 2, 3, 8 ];{}
408633469;[ 2, 3, 8 ];{}
408633470;[ 2, 3, 8 ];{}
408633471;[ 2, 3, 8 ];{}
408633472;[ 2, 3, 8 ];{}
408633473;[ 2, 3, 8 ];{}
408633474;[ 2, 3, 8 ];{}
408633475;[ 2, 3, 8 ];{}
408633476;[ 2, 3, 8 ];{}
408633477;[ 2, 3, 8 ];{}
408633478;[ 2, 3, 8 ];{}
408633479;[ 2, 3, 8 ];{}
408633480;[ 2, 3, 8 ];{}
408633481;[ 2, 3, 8 ];{}
408633482;[ 2, 3, 8 ];{}
408633483;[ 2, 3, 8 ];{}
408633484;[ 2, 3, 8 ];{}
408633485;[ 2, 3, 8 ];{}
408633486;[ 2, 3, 8 ];{}
408633487;[ 2, 3, 8 ];{}
408633488;[ 2, 3, 8 ];{}
408633489;[ 2, 3, 8 ];{}
408633490;[ 2, 3, 8 ];{}
408633491;[ 2, 3, 8 ];{}
408633492;[ 2, 3, 8 ];{}
408633493;[ 2, 3, 8 ];{}
408633494;[ 2, 3, 8 ];{}
408633495;[ 2, 3, 8 ];{}
408633496;[ 2, 3, 8 ];{}
408633497;[ 2, 3, 8 ];{}
408633498;[ 2, 3, 8 ];{}
408633499;[ 2, 3, 8 ];{}
408633500;[ 2, 3, 8 ];{}
408633501;[ 2, 3, 8 ];{}
408633502;[ 2, 3, 8 ];{}
408633503;[ 2, 3, 8 ];{}
408633504;[ 2, 3, 8 ];{}
408633505;[ 2, 3, 8 ];{}
408633506;[ 2, 3, 8 ];{}
408633507;[ 2, 3, 8 ];{}
408633508;[ 2, 3, 8 ];{}
408633509;[ 2, 3, 8 ];{}
408633510;[ 2, 3, 8 ];{}
408633511;[ 2, 3, 8 ];{}
408633512;[ 2, 3, 8 ];{}
408633513;[ 2, 3, 8 ];{}
408633514;[ 2, 3, 8 ];{}
408633515;[ 2, 3, 8 ];{}
408633516;[ 2, 3, 8 ];{}
408633517;[ 2, 3, 8 ];{}
408633518;[ 2, 3, 8 ];{}
408633519;[ 2, 3, 8 ];{}
408633520;[ 2, 3, 8 ];{}
408633521;[ 2, 3, 8 ];{}
408633522;[ 2, 3, 8 ];{}
408633523;[ 2, 3, 8 ];{}
408633524;[ 2, 3, 8 ];{}
408633525;[ 2, 3, 8 ];{}
408633526;[ 2, 3, 8 ];{}
408633527;[ 2, 3, 8 ];{}
408633528;[ 2, 3, 8 ];{}
408633529;[ 2, 3, 8 ];{}
408633532;[ 2, 3, 8 ];{}
408633533;[ 2, 3, 8 ];{}
408633535;[ 2, 3, 8 ];{}
408633537;[ 2, 3, 8 ];{}
408633538;[ 2, 3, 8 ];{}
408633539;[ 2, 3, 8 ];{}
408633540;[ 2, 3, 8 ];{}
408633541;[ 2, 3, 8 ];{}
408633542;[ 2, 3, 8 ];{}
408633543;[ 2, 3, 8 ];{}
408633544;[ 2, 3, 8 ];{}
408633546;[ 2, 3, 8 ];{}
408633548;[ 2, 3, 8 ];{}
408633549;[ 2, 3, 8 ];{}
408633550;[ 2, 3, 8 ];{}
408633551;[ 2, 3, 8 ];{}
408633553;[ 2, 3, 8 ];{}
408633555;[ 2, 3, 8 ];{}
408633556;[ 2, 3, 8 ];{}
408633557;[ 2, 3, 8 ];{}
408633558;[ 2, 3, 8 ];{}
408633559;[ 2, 3, 8 ];{}
408633560;[ 2, 3, 8 ];{}
408633561;[ 2, 3, 8 ];{}
408633562;[ 2, 3, 8 ];{}
408633564;[ 2, 3, 8 ];{}
408633565;[ 2, 3, 8 ];{}
408633566;[ 2, 3, 8 ];{}
408633567;[ 2, 3, 8 ];{}
408633628;[ 2, 3, 8 ];{}
408633629;[ 2, 3, 8 ];{}
408633630;[ 2, 3, 8 ];{}
408633631;[ 2, 3, 8 ];{}
408633632;[ 2, 3, 8 ];{}
408633633;[ 2, 3, 8 ];{}
408633634;[ 2, 3, 8 ];{}
408633635;[ 2, 3, 8 ];{}
408633636;[ 2, 3, 8 ];{}
408633637;[ 2, 3, 8 ];{}
408633638;[ 2, 3, 8 ];{}
408633639;[ 2, 3, 8 ];{}
408633640;[ 2, 3, 8 ];{}
408633641;[ 2, 3, 8 ];{}
408633642;[ 2, 3, 8 ];{}
408633643;[ 2, 3, 8 ];{}
408640850;[ 2, 3, 8 ];{}
408640851;[ 2, 3, 8 ];{}
408640852;[ 2, 3, 8 ];{}
408640853;[ 2, 3, 8 ];{}
408640854;[ 2, 3, 8 ];{}
408640855;[ 2, 3, 8 ];{}
408640856;[ 2, 3, 8 ];{}
408640857;[ 2, 3, 8 ];{}
408640858;[ 2, 3, 8 ];{}
408640859;[ 2, 3, 8 ];{}
408640860;[ 2, 3, 8 ];{}
408640861;[ 2, 3, 8 ];{}
408640862;[ 2, 3, 8 ];{}
408640863;[ 2, 3, 8 ];{}
408640864;[ 2, 3, 8 ];{}
408640866;[ 2, 3, 8 ];{}
408640867;[ 2, 3, 8 ];{}
408640868;[ 2, 3, 8 ];{}
408640870;[ 2, 3, 8 ];{}
408640871;[ 2, 3, 8 ];{}
408640872;[ 2, 3, 8 ];{}
408640873;[ 2, 3, 8 ];{}
408640874;[ 2, 3, 8 ];{}
408640875;[ 2, 3, 8 ];{}
408640876;[ 2, 3, 8 ];{}
408640877;[ 2, 3, 8 ];{}
408640878;[ 2, 3, 8 ];{}
408640879;[ 2, 3, 8 ];{}
408640880;[ 2, 3, 8 ];{}
408640881;[ 2, 3, 8 ];{}
408640882;[ 2, 3, 8 ];{}
408640883;[ 2, 3, 8 ];{}
408640884;[ 2, 3, 8 ];{}
408640885;[ 2, 3, 8 ];{}
408640886;[ 2, 3, 8 ];{}
408640887;[ 2, 3, 8 ];{}
408640888;[ 2, 3, 8 ];{}
408640889;[ 2, 3, 8 ];{}
408640890;[ 2, 3, 8 ];{}
408640891;[ 2, 3, 8 ];{}
408640892;[ 2, 3, 8 ];{}
408640893;[ 2, 3, 8 ];{}
408640894;[ 2, 3, 8 ];{}
408640895;[ 2, 3, 8 ];{}
408640896;[ 2, 3, 8 ];{}
408640897;[ 2, 3, 8 ];{}
408640898;[ 2, 3, 8 ];{}
408640899;[ 2, 3, 8 ];{}
408640900;[ 2, 3, 8 ];{}
408640901;[ 2, 3, 8 ];{}
408640902;[ 2, 3, 8 ];{}
408640903;[ 2, 3, 8 ];{}
408640904;[ 2, 3, 8 ];{}
408640905;[ 2, 3, 8 ];{}
408640906;[ 2, 3, 8 ];{}
408641033;[ 2, 3, 8 ];{}
408641034;[ 2, 3, 8 ];{}
408641035;[ 2, 3, 8 ];{}
408641036;[ 2, 3, 8 ];{}
408641037;[ 2, 3, 8 ];{}
408641038;[ 2, 3, 8 ];{}
408641040;[ 2, 3, 8 ];{}
408641042;[ 2, 3, 8 ];{}
408641044;[ 2, 3, 8 ];{}
408641046;[ 2, 3, 8 ];{}
408641048;[ 2, 3, 8 ];{}
408641050;[ 2, 3, 8 ];{}
408641051;[ 2, 3, 8 ];{}
408641052;[ 2, 3, 8 ];{}
408641053;[ 2, 3, 8 ];{}
408641054;[ 2, 3, 8 ];{}
408641055;[ 2, 3, 8 ];{}
408641056;[ 2, 3, 8 ];{}
