11375;[ 2, 3, 8 ];{}
11376;[ 2, 3, 8 ];{}
11378;[ 2, 3, 8 ];{}
11380;[ 2, 3, 8 ];{}
11553;[ 2, 3, 8 ];{}
11554;[ 2, 3, 8 ];{}
11555;[ 2, 3, 8 ];{}
11556;[ 2, 3, 8 ];{}
11557;[ 2, 3, 8 ];{}
11558;[ 2, 3, 8 ];{}
11559;[ 2, 3, 8 ];{}
11560;[ 2, 3, 8 ];{}
11561;[ 2, 3, 8 ];{}
11562;[ 2, 3, 8 ];{}
11563;[ 2, 3, 8 ];{}
11564;[ 2, 3, 8 ];{}
11758;[ 2, 3, 8 ];{}
11759;[ 2, 3, 8 ];{}
11760;[ 2, 3, 8 ];{}
12057;[ 2, 3, 8 ];{}
12058;[ 2, 3, 8 ];{}
12059;[ 2, 3, 8 ];{}
12128;[ 2, 3, 8 ];{}
12129;[ 2, 3, 8 ];{}
12130;[ 2, 3, 8 ];{}
12131;[ 2, 3, 8 ];{}
12248;[ 2, 3, 8 ];{}
12249;[ 2, 3, 8 ];{}
12256;[ 2, 3, 8 ];{}
12257;[ 2, 3, 8 ];{}
12258;[ 2, 3, 8 ];{}
12259;[ 2, 3, 8 ];{}
12260;[ 2, 3, 8 ];{}
12261;[ 2, 3, 8 ];{}
12262;[ 2, 3, 8 ];{}
12263;[ 2, 3, 8 ];{}
12264;[ 2, 3, 8 ];{}
12265;[ 2, 3, 8 ];{}
12266;[ 2, 3, 8 ];{}
12267;[ 2, 3, 8 ];{}
12272;[ 2, 3, 8 ];{}
12273;[ 2, 3, 8 ];{}
12274;[ 2, 3, 8 ];{}
12276;[ 2, 3, 8 ];{}
12277;[ 2, 3, 8 ];{}
12279;[ 2, 3, 8 ];{}
12281;[ 2, 3, 8 ];{}
12282;[ 2, 3, 8 ];{}
12283;[ 2, 3, 8 ];{}
12285;[ 2, 3, 8 ];{}
12286;[ 2, 3, 8 ];{}
12288;[ 2, 3, 8 ];{}
12292;[ 2, 3, 8 ];{}
12293;[ 2, 3, 8 ];{}
12294;[ 2, 3, 8 ];{}
12295;[ 2, 3, 8 ];{}
12302;[ 2, 3, 8 ];{}
12303;[ 2, 3, 8 ];{}
12304;[ 2, 3, 8 ];{}
12305;[ 2, 3, 8 ];{}
12306;[ 2, 3, 8 ];{}
12307;[ 2, 3, 8 ];{}
12308;[ 2, 3, 8 ];{}
12309;[ 2, 3, 8 ];{}
12310;[ 2, 3, 8 ];{}
12311;[ 2, 3, 8 ];{}
12312;[ 2, 3, 8 ];{}
12313;[ 2, 3, 8 ];{}
12314;[ 2, 3, 8 ];{}
12315;[ 2, 3, 8 ];{}
12316;[ 2, 3, 8 ];{}
12317;[ 2, 3, 8 ];{}
12326;[ 2, 3, 8 ];{}
12331;[ 2, 3, 8 ];{}
12332;[ 2, 3, 8 ];{}
12333;[ 2, 3, 8 ];{}
12336;[ 2, 3, 8 ];{}
12337;[ 2, 3, 8 ];{}
12338;[ 2, 3, 8 ];{}
12339;[ 2, 3, 8 ];{}
12340;[ 2, 3, 8 ];{}
12341;[ 2, 3, 8 ];{}
12342;[ 2, 3, 8 ];{}
12343;[ 2, 3, 8 ];{}
12350;[ 2, 3, 8 ];{}
12351;[ 2, 3, 8 ];{}
12352;[ 2, 3, 8 ];{}
12353;[ 2, 3, 8 ];{}
12354;[ 2, 3, 8 ];{}
12355;[ 2, 3, 8 ];{}
12356;[ 2, 3, 8 ];{}
12357;[ 2, 3, 8 ];{}
12358;[ 2, 3, 8 ];{}
12359;[ 2, 3, 8 ];{}
12360;[ 2, 3, 8 ];{}
12361;[ 2, 3, 8 ];{}
12365;[ 2, 3, 8 ];{}
12367;[ 2, 3, 8 ];{}
12368;[ 2, 3, 8 ];{}
12370;[ 2, 3, 8 ];{}
12372;[ 2, 3, 8 ];{}
12373;[ 2, 3, 8 ];{}
12374;[ 2, 3, 8 ];{}
12376;[ 2, 3, 8 ];{}
12377;[ 2, 3, 8 ];{}
12379;[ 2, 3, 8 ];{}
12381;[ 2, 3, 8 ];{}
12382;[ 2, 3, 8 ];{}
12383;[ 2, 3, 8 ];{}
12386;[ 2, 3, 8 ];{}
12388;[ 2, 3, 8 ];{}
12389;[ 2, 3, 8 ];{}
12394;[ 2, 3, 8 ];{}
12395;[ 2, 3, 8 ];{}
12397;[ 2, 3, 8 ];{}
12398;[ 2, 3, 8 ];{}
12399;[ 2, 3, 8 ];{}
12401;[ 2, 3, 8 ];{}
12403;[ 2, 3, 8 ];{}
12404;[ 2, 3, 8 ];{}
12406;[ 2, 3, 8 ];{}
12407;[ 2, 3, 8 ];{}
12408;[ 2, 3, 8 ];{}
12409;[ 2, 3, 8 ];{}
12414;[ 2, 3, 8 ];{}
12415;[ 2, 3, 8 ];{}
12416;[ 2, 3, 8 ];{}
12417;[ 2, 3, 8 ];{}
12418;[ 2, 3, 8 ];{}
12423;[ 2, 3, 8 ];{}
12424;[ 2, 3, 8 ];{}
12425;[ 2, 3, 8 ];{}
12428;[ 2, 3, 8 ];{}
12429;[ 2, 3, 8 ];{}
12430;[ 2, 3, 8 ];{}
12431;[ 2, 3, 8 ];{}
12432;[ 2, 3, 8 ];{}
12433;[ 2, 3, 8 ];{}
12434;[ 2, 3, 8 ];{}
12435;[ 2, 3, 8 ];{}
12442;[ 2, 3, 8 ];{}
12443;[ 2, 3, 8 ];{}
12444;[ 2, 3, 8 ];{}
12445;[ 2, 3, 8 ];{}
12446;[ 2, 3, 8 ];{}
12447;[ 2, 3, 8 ];{}
12448;[ 2, 3, 8 ];{}
12449;[ 2, 3, 8 ];{}
12450;[ 2, 3, 8 ];{}
12451;[ 2, 3, 8 ];{}
12452;[ 2, 3, 8 ];{}
12453;[ 2, 3, 8 ];{}
13004;[ 2, 3, 8 ];{}
13005;[ 2, 3, 8 ];{}
13008;[ 2, 3, 8 ];{}
13009;[ 2, 3, 8 ];{}
13010;[ 2, 3, 8 ];{}
13012;[ 2, 3, 8 ];{}
13014;[ 2, 3, 8 ];{}
13016;[ 2, 3, 8 ];{}
13017;[ 2, 3, 8 ];{}
13020;[ 2, 3, 8 ];{}
13021;[ 2, 3, 8 ];{}
13022;[ 2, 3, 8 ];{}
13025;[ 2, 3, 8 ];{}
13026;[ 2, 3, 8 ];{}
13033;[ 2, 3, 8 ];{}
13034;[ 2, 3, 8 ];{}
13035;[ 2, 3, 8 ];{}
13036;[ 2, 3, 8 ];{}
13038;[ 2, 3, 8 ];{}
13040;[ 2, 3, 8 ];{}
13044;[ 2, 3, 8 ];{}
13046;[ 2, 3, 8 ];{}
13047;[ 2, 3, 8 ];{}
13048;[ 2, 3, 8 ];{}
13049;[ 2, 3, 8 ];{}
13050;[ 2, 3, 8 ];{}
13051;[ 2, 3, 8 ];{}
13052;[ 2, 3, 8 ];{}
13053;[ 2, 3, 8 ];{}
13056;[ 2, 3, 8 ];{}
13057;[ 2, 3, 8 ];{}
13058;[ 2, 3, 8 ];{}
13060;[ 2, 3, 8 ];{}
13062;[ 2, 3, 8 ];{}
13063;[ 2, 3, 8 ];{}
13066;[ 2, 3, 8 ];{}
13067;[ 2, 3, 8 ];{}
13068;[ 2, 3, 8 ];{}
13070;[ 2, 3, 8 ];{}
13072;[ 2, 3, 8 ];{}
13075;[ 2, 3, 8 ];{}
13076;[ 2, 3, 8 ];{}
13077;[ 2, 3, 8 ];{}
13080;[ 2, 3, 8 ];{}
13081;[ 2, 3, 8 ];{}
13082;[ 2, 3, 8 ];{}
13085;[ 2, 3, 8 ];{}
13086;[ 2, 3, 8 ];{}
13087;[ 2, 3, 8 ];{}
13090;[ 2, 3, 8 ];{}
13091;[ 2, 3, 8 ];{}
13092;[ 2, 3, 8 ];{}
13095;[ 2, 3, 8 ];{}
13096;[ 2, 3, 8 ];{}
13110;[ 2, 3, 8 ];{}
13111;[ 2, 3, 8 ];{}
13112;[ 2, 3, 8 ];{}
13113;[ 2, 3, 8 ];{}
13114;[ 2, 3, 8 ];{}
13115;[ 2, 3, 8 ];{}
13117;[ 2, 3, 8 ];{}
13119;[ 2, 3, 8 ];{}
13120;[ 2, 3, 8 ];{}
13121;[ 2, 3, 8 ];{}
13123;[ 2, 3, 8 ];{}
13125;[ 2, 3, 8 ];{}
13129;[ 2, 3, 8 ];{}
13133;[ 2, 3, 8 ];{}
13135;[ 2, 3, 8 ];{}
13137;[ 2, 3, 8 ];{}
13138;[ 2, 3, 8 ];{}
13139;[ 2, 3, 8 ];{}
13140;[ 2, 3, 8 ];{}
13141;[ 2, 3, 8 ];{}
13142;[ 2, 3, 8 ];{}
13143;[ 2, 3, 8 ];{}
13144;[ 2, 3, 8 ];{}
13145;[ 2, 3, 8 ];{}
1790;[ 2, 3, 8 ];{}
1791;[ 2, 3, 8 ];{}
1792;[ 2, 3, 8 ];{}
189;[ 2, 3, 8 ];{}
190;[ 2, 3, 8 ];{}
1929;[ 2, 3, 8 ];{}
1930;[ 2, 3, 8 ];{}
1931;[ 2, 3, 8 ];{}
1932;[ 2, 3, 8 ];{}
1933;[ 2, 3, 8 ];{}
1934;[ 2, 3, 8 ];{}
1935;[ 2, 3, 8 ];{}
1936;[ 2, 3, 8 ];{}
21017;[ 2, 3, 8 ];{}
21018;[ 2, 3, 8 ];{}
21019;[ 2, 3, 8 ];{}
21020;[ 2, 3, 8 ];{}
21131;[ 2, 3, 8 ];{}
21132;[ 2, 3, 8 ];{}
21133;[ 2, 3, 8 ];{}
2186;[ 2, 3, 8 ];{}
2187;[ 2, 3, 8 ];{}
2190;[ 2, 3, 8 ];{}
2191;[ 2, 3, 8 ];{}
2192;[ 2, 3, 8 ];{}
2194;[ 2, 3, 8 ];{}
2196;[ 2, 3, 8 ];{}
2198;[ 2, 3, 8 ];{}
2215;[ 2, 3, 8 ];{}
2216;[ 2, 3, 8 ];{}
2217;[ 2, 3, 8 ];{}
2218;[ 2, 3, 8 ];{}
2220;[ 2, 3, 8 ];{}
2222;[ 2, 3, 8 ];{}
2226;[ 2, 3, 8 ];{}
2228;[ 2, 3, 8 ];{}
2229;[ 2, 3, 8 ];{}
2230;[ 2, 3, 8 ];{}
2231;[ 2, 3, 8 ];{}
2232;[ 2, 3, 8 ];{}
23078;[ 2, 3, 8 ];{}
23079;[ 2, 3, 8 ];{}
2715;[ 2, 3, 8 ];{}
2716;[ 2, 3, 8 ];{}
2717;[ 2, 3, 8 ];{}
2834;[ 2, 3, 8 ];{}
2835;[ 2, 3, 8 ];{}
2842;[ 2, 3, 8 ];{}
2843;[ 2, 3, 8 ];{}
2844;[ 2, 3, 8 ];{}
2845;[ 2, 3, 8 ];{}
30128;[ 2, 3, 8 ];{}
30129;[ 2, 3, 8 ];{}
30130;[ 2, 3, 8 ];{}
30131;[ 2, 3, 8 ];{}
30132;[ 2, 3, 8 ];{}
30133;[ 2, 3, 8 ];{}
30134;[ 2, 3, 8 ];{}
30135;[ 2, 3, 8 ];{}
30136;[ 2, 3, 8 ];{}
30137;[ 2, 3, 8 ];{}
30138;[ 2, 3, 8 ];{}
30139;[ 2, 3, 8 ];{}
30140;[ 2, 3, 8 ];{}
30141;[ 2, 3, 8 ];{}
30603;[ 2, 3, 8 ];{}
30604;[ 2, 3, 8 ];{}
30606;[ 2, 3, 8 ];{}
30608;[ 2, 3, 8 ];{}
30610;[ 2, 3, 8 ];{}
30611;[ 2, 3, 8 ];{}
30612;[ 2, 3, 8 ];{}
30613;[ 2, 3, 8 ];{}
30615;[ 2, 3, 8 ];{}
30617;[ 2, 3, 8 ];{}
30619;[ 2, 3, 8 ];{}
30621;[ 2, 3, 8 ];{}
31096;[ 2, 3, 8 ];{[ $.1 * $.2 * $.3 * $.5 * $.6 * $.7, $.1 * $.2^2 * $.4 * $.5 * $.6 * $.8^2, $.2^2 * $.6 * $.8 * $.9^2 ]:[ $.1 * $.2^2 * $.5 * $.6 * $.9, $.1 * $.3 * $.7 * $.8, $.2^2 * $.3 * $.4 * $.5 * $.6 * $.9^2 ]}
31984;[ 2, 3, 8 ];{}
31985;[ 2, 3, 8 ];{}
31990;[ 2, 3, 8 ];{}
31991;[ 2, 3, 8 ];{}
31992;[ 2, 3, 8 ];{}
31993;[ 2, 3, 8 ];{}
31996;[ 2, 3, 8 ];{}
31997;[ 2, 3, 8 ];{}
31998;[ 2, 3, 8 ];{}
31999;[ 2, 3, 8 ];{}
32000;[ 2, 3, 8 ];{}
32001;[ 2, 3, 8 ];{}
32002;[ 2, 3, 8 ];{}
32003;[ 2, 3, 8 ];{}
32007;[ 2, 3, 8 ];{}
32009;[ 2, 3, 8 ];{}
32010;[ 2, 3, 8 ];{}
32012;[ 2, 3, 8 ];{}
32014;[ 2, 3, 8 ];{}
32015;[ 2, 3, 8 ];{}
32016;[ 2, 3, 8 ];{}
32018;[ 2, 3, 8 ];{}
32019;[ 2, 3, 8 ];{}
32021;[ 2, 3, 8 ];{}
32023;[ 2, 3, 8 ];{}
32024;[ 2, 3, 8 ];{}
32025;[ 2, 3, 8 ];{}
32028;[ 2, 3, 8 ];{}
32030;[ 2, 3, 8 ];{}
32031;[ 2, 3, 8 ];{}
32036;[ 2, 3, 8 ];{}
32037;[ 2, 3, 8 ];{}
32038;[ 2, 3, 8 ];{}
32039;[ 2, 3, 8 ];{}
32042;[ 2, 3, 8 ];{}
32043;[ 2, 3, 8 ];{}
32044;[ 2, 3, 8 ];{}
32045;[ 2, 3, 8 ];{}
32046;[ 2, 3, 8 ];{}
32047;[ 2, 3, 8 ];{}
32048;[ 2, 3, 8 ];{}
32049;[ 2, 3, 8 ];{}
32058;[ 2, 3, 8 ];{}
32059;[ 2, 3, 8 ];{}
32064;[ 2, 3, 8 ];{}
32065;[ 2, 3, 8 ];{}
32066;[ 2, 3, 8 ];{}
32067;[ 2, 3, 8 ];{}
32070;[ 2, 3, 8 ];{}
32071;[ 2, 3, 8 ];{}
32072;[ 2, 3, 8 ];{}
32073;[ 2, 3, 8 ];{}
32074;[ 2, 3, 8 ];{}
32075;[ 2, 3, 8 ];{}
32076;[ 2, 3, 8 ];{}
32077;[ 2, 3, 8 ];{}
32082;[ 2, 3, 8 ];{}
32083;[ 2, 3, 8 ];{}
32084;[ 2, 3, 8 ];{}
32086;[ 2, 3, 8 ];{}
32087;[ 2, 3, 8 ];{}
32089;[ 2, 3, 8 ];{}
32091;[ 2, 3, 8 ];{}
32092;[ 2, 3, 8 ];{}
32093;[ 2, 3, 8 ];{}
32095;[ 2, 3, 8 ];{}
32096;[ 2, 3, 8 ];{}
32098;[ 2, 3, 8 ];{}
32099;[ 2, 3, 8 ];{}
32102;[ 2, 3, 8 ];{}
32104;[ 2, 3, 8 ];{}
32105;[ 2, 3, 8 ];{}
32110;[ 2, 3, 8 ];{}
32111;[ 2, 3, 8 ];{}
32112;[ 2, 3, 8 ];{}
32113;[ 2, 3, 8 ];{}
32116;[ 2, 3, 8 ];{}
32117;[ 2, 3, 8 ];{}
32118;[ 2, 3, 8 ];{}
32119;[ 2, 3, 8 ];{}
32120;[ 2, 3, 8 ];{}
32121;[ 2, 3, 8 ];{}
32122;[ 2, 3, 8 ];{}
32123;[ 2, 3, 8 ];{}
32132;[ 2, 3, 8 ];{}
32133;[ 2, 3, 8 ];{}
32136;[ 2, 3, 8 ];{}
32137;[ 2, 3, 8 ];{}
32138;[ 2, 3, 8 ];{}
32141;[ 2, 3, 8 ];{}
32142;[ 2, 3, 8 ];{}
32143;[ 2, 3, 8 ];{}
32144;[ 2, 3, 8 ];{}
32148;[ 2, 3, 8 ];{}
32149;[ 2, 3, 8 ];{}
32150;[ 2, 3, 8 ];{}
32152;[ 2, 3, 8 ];{}
32154;[ 2, 3, 8 ];{}
32155;[ 2, 3, 8 ];{}
32156;[ 2, 3, 8 ];{}
32158;[ 2, 3, 8 ];{}
32160;[ 2, 3, 8 ];{}
32162;[ 2, 3, 8 ];{}
32165;[ 2, 3, 8 ];{}
32166;[ 2, 3, 8 ];{}
32167;[ 2, 3, 8 ];{}
32170;[ 2, 3, 8 ];{}
32171;[ 2, 3, 8 ];{}
32172;[ 2, 3, 8 ];{}
32173;[ 2, 3, 8 ];{}
39098;[ 2, 3, 8 ];{}
39099;[ 2, 3, 8 ];{}
39102;[ 2, 3, 8 ];{}
39103;[ 2, 3, 8 ];{}
39104;[ 2, 3, 8 ];{}
39106;[ 2, 3, 8 ];{}
39108;[ 2, 3, 8 ];{}
39110;[ 2, 3, 8 ];{}
39111;[ 2, 3, 8 ];{}
39114;[ 2, 3, 8 ];{}
39115;[ 2, 3, 8 ];{}
39116;[ 2, 3, 8 ];{}
39119;[ 2, 3, 8 ];{}
39120;[ 2, 3, 8 ];{}
39127;[ 2, 3, 8 ];{}
39128;[ 2, 3, 8 ];{}
39129;[ 2, 3, 8 ];{}
39130;[ 2, 3, 8 ];{}
39132;[ 2, 3, 8 ];{}
39134;[ 2, 3, 8 ];{}
39138;[ 2, 3, 8 ];{}
39140;[ 2, 3, 8 ];{}
39141;[ 2, 3, 8 ];{}
39142;[ 2, 3, 8 ];{}
39143;[ 2, 3, 8 ];{}
39144;[ 2, 3, 8 ];{}
46190;[ 2, 3, 8 ];{}
46192;[ 2, 3, 8 ];{}
46194;[ 2, 3, 8 ];{}
46237;[ 2, 3, 8 ];{}
46238;[ 2, 3, 8 ];{}
46239;[ 2, 3, 8 ];{}
46257;[ 2, 3, 8 ];{}
46258;[ 2, 3, 8 ];{}
46259;[ 2, 3, 8 ];{}
46260;[ 2, 3, 8 ];{}
46261;[ 2, 3, 8 ];{}
46262;[ 2, 3, 8 ];{}
46263;[ 2, 3, 8 ];{}
46264;[ 2, 3, 8 ];{}
46265;[ 2, 3, 8 ];{}
46268;[ 2, 3, 8 ];{}
46269;[ 2, 3, 8 ];{}
46270;[ 2, 3, 8 ];{}
46271;[ 2, 3, 8 ];{}
46272;[ 2, 3, 8 ];{}
46273;[ 2, 3, 8 ];{}
46274;[ 2, 3, 8 ];{}
46275;[ 2, 3, 8 ];{}
46278;[ 2, 3, 8 ];{}
46279;[ 2, 3, 8 ];{}
46280;[ 2, 3, 8 ];{}
46281;[ 2, 3, 8 ];{}
46401;[ 2, 3, 8 ];{}
46402;[ 2, 3, 8 ];{}
46403;[ 2, 3, 8 ];{}
46404;[ 2, 3, 8 ];{}
47491;[ 2, 3, 8 ];{}
47492;[ 2, 3, 8 ];{}
47494;[ 2, 3, 8 ];{}
47496;[ 2, 3, 8 ];{}
47841;[ 2, 3, 8 ];{}
47842;[ 2, 3, 8 ];{}
47843;[ 2, 3, 8 ];{}
47846;[ 2, 3, 8 ];{}
964;[ 2, 3, 8 ];{}
965;[ 2, 3, 8 ];{}
966;[ 2, 3, 8 ];{}
967;[ 2, 3, 8 ];{}
968;[ 2, 3, 8 ];{}
969;[ 2, 3, 8 ];{}
970;[ 2, 3, 8 ];{}
971;[ 2, 3, 8 ];{}
974;[ 2, 3, 8 ];{}
975;[ 2, 3, 8 ];{}
976;[ 2, 3, 8 ];{}
979;[ 2, 3, 8 ];{}
980;[ 2, 3, 8 ];{}
981;[ 2, 3, 8 ];{}
982;[ 2, 3, 8 ];{}
