10;[ 2, 12, 12 ];{}
10;[ 2, 12, 24 ];{}
10;[ 2, 2, 3, 12 ];{}
10;[ 2, 2, 3, 3 ];{}
10;[ 2, 2, 3, 6 ];{}
10;[ 2, 3, 12 ];{}
10;[ 2, 3, 24 ];{}
10;[ 2, 3, 3, 4 ];{}
10;[ 2, 6, 12 ];{}
10;[ 2, 6, 6 ];{}
10;[ 3, 4, 12 ];{}
10;[ 3, 4, 24 ];{}
10;[ 3, 4, 6 ];{}
10;[ 3, 6, 6 ];{}
10;[ 3, 6, 8 ];{}
100;[ 2, 12, 12 ];{}
100;[ 2, 2, 4, 4 ];{[ $.1 * $.3 * $.4 * $.5 * $.6^6, $.1 * $.2 * $.3 * $.4 * $.5^2 * $.6^4, $.1 * $.2 * $.3 * $.5 * $.6^6, $.1 * $.4 * $.6 ]:[ $.1 * $.6^3, $.1 * $.4 * $.5^2 * $.6^6, $.1 * $.2 * $.3 * $.6^6, $.1 * $.2 * $.5 * $.6^3 ]}
100;[ 2, 4, 12 ];{}
100;[ 2, 4, 28 ];{}
100;[ 2, 4, 84 ];{[ $.2 * $.5 * $.6^6, $.1 * $.2 * $.3 * $.5 * $.6^6, $.1 * $.4 ]}
100;[ 3, 4, 12 ];{}
100;[ 3, 4, 4 ];{}
100;[ 4, 4, 4 ];{}
100;[ 4, 4, 6 ];{}
101;[ 2, 12, 12 ];{}
101;[ 2, 2, 2, 12 ];{}
101;[ 2, 2, 2, 14 ];{}
101;[ 2, 2, 2, 2, 2 ];{}
101;[ 2, 2, 2, 21 ];{}
101;[ 2, 2, 2, 28 ];{}
101;[ 2, 2, 2, 3 ];{}
101;[ 2, 2, 2, 4 ];{}
101;[ 2, 2, 2, 42 ];{[ $.2 * $.3, $.2 * $.3 * $.5^2 * $.6^4, $.1 * $.3 * $.5^2 * $.6^2, $.1 * $.3 * $.6^5 ]}
101;[ 2, 2, 2, 6 ];{}
101;[ 2, 2, 2, 7 ];{}
101;[ 2, 2, 2, 8 ];{}
101;[ 2, 2, 2, 84 ];{}
101;[ 2, 2, 3, 12 ];{}
101;[ 2, 2, 3, 3 ];{}
101;[ 2, 2, 3, 4 ];{}
101;[ 2, 2, 3, 6 ];{}
101;[ 2, 2, 3, 7 ];{}
101;[ 2, 2, 3, 8 ];{}
101;[ 2, 2, 4, 4 ];{}
101;[ 2, 2, 4, 6 ];{}
101;[ 2, 3, 3, 4 ];{}
101;[ 2, 3, 42 ];{}
101;[ 2, 3, 84 ];{}
101;[ 2, 4, 12 ];{}
101;[ 2, 4, 14 ];{}
101;[ 2, 4, 21 ];{}
101;[ 2, 4, 28 ];{}
101;[ 2, 4, 42 ];{}
101;[ 2, 4, 8 ];{}
101;[ 2, 4, 84 ];{}
101;[ 2, 6, 12 ];{}
101;[ 2, 6, 14 ];{}
101;[ 2, 6, 6 ];{}
101;[ 2, 6, 7 ];{}
101;[ 2, 6, 8 ];{}
101;[ 2, 7, 42 ];{}
101;[ 2, 7, 8 ];{}
101;[ 2, 8, 21 ];{}
101;[ 2, 8, 42 ];{[ $.1 * $.2 * $.3 * $.4 * $.6^3, $.2 * $.5 * $.6^3, $.1 * $.3 * $.5 * $.6^6 ]}
101;[ 2, 8, 8 ];{}
101;[ 3, 4, 12 ];{}
101;[ 3, 4, 4 ];{}
101;[ 3, 4, 6 ];{}
101;[ 3, 6, 6 ];{}
101;[ 3, 6, 8 ];{}
101;[ 3, 8, 14 ];{}
101;[ 4, 4, 4 ];{}
101;[ 4, 4, 6 ];{}
101;[ 4, 4, 8 ];{}
102;[ 2, 12, 12 ];{}
102;[ 2, 2, 2, 12 ];{}
102;[ 2, 2, 2, 14 ];{}
102;[ 2, 2, 2, 2, 2 ];{}
102;[ 2, 2, 2, 21 ];{}
102;[ 2, 2, 2, 28 ];{}
102;[ 2, 2, 2, 3 ];{}
102;[ 2, 2, 2, 4 ];{}
102;[ 2, 2, 2, 42 ];{}
102;[ 2, 2, 2, 6 ];{}
102;[ 2, 2, 2, 7 ];{}
102;[ 2, 2, 2, 8 ];{}
102;[ 2, 2, 2, 84 ];{}
102;[ 2, 2, 3, 12 ];{}
102;[ 2, 2, 3, 3 ];{}
102;[ 2, 2, 3, 4 ];{}
102;[ 2, 2, 3, 6 ];{}
102;[ 2, 2, 3, 7 ];{}
102;[ 2, 2, 3, 8 ];{}
102;[ 2, 2, 4, 4 ];{}
102;[ 2, 2, 4, 6 ];{}
102;[ 2, 3, 3, 4 ];{}
102;[ 2, 3, 42 ];{}
102;[ 2, 3, 84 ];{}
102;[ 2, 4, 12 ];{}
102;[ 2, 4, 14 ];{}
102;[ 2, 4, 21 ];{}
102;[ 2, 4, 28 ];{}
102;[ 2, 4, 42 ];{}
102;[ 2, 4, 8 ];{}
102;[ 2, 4, 84 ];{}
102;[ 2, 6, 12 ];{}
102;[ 2, 6, 14 ];{}
102;[ 2, 6, 6 ];{}
102;[ 2, 6, 7 ];{}
102;[ 2, 6, 8 ];{}
102;[ 2, 7, 42 ];{}
102;[ 2, 7, 8 ];{}
102;[ 2, 8, 21 ];{}
102;[ 2, 8, 42 ];{}
102;[ 2, 8, 8 ];{}
102;[ 3, 4, 12 ];{}
102;[ 3, 4, 4 ];{}
102;[ 3, 4, 6 ];{}
102;[ 3, 6, 6 ];{}
102;[ 3, 6, 8 ];{}
102;[ 3, 8, 14 ];{}
102;[ 4, 4, 4 ];{}
102;[ 4, 4, 6 ];{}
102;[ 4, 4, 8 ];{}
103;[ 2, 12, 12 ];{}
103;[ 2, 2, 2, 12 ];{}
103;[ 2, 2, 2, 14 ];{}
103;[ 2, 2, 2, 2, 2 ];{}
103;[ 2, 2, 2, 21 ];{}
103;[ 2, 2, 2, 28 ];{}
103;[ 2, 2, 2, 3 ];{}
103;[ 2, 2, 2, 4 ];{}
103;[ 2, 2, 2, 42 ];{}
103;[ 2, 2, 2, 6 ];{}
103;[ 2, 2, 2, 7 ];{}
103;[ 2, 2, 2, 8 ];{}
103;[ 2, 2, 2, 84 ];{}
103;[ 2, 2, 3, 12 ];{}
103;[ 2, 2, 3, 3 ];{}
103;[ 2, 2, 3, 4 ];{}
103;[ 2, 2, 3, 6 ];{}
103;[ 2, 2, 3, 7 ];{}
103;[ 2, 2, 3, 8 ];{}
103;[ 2, 2, 4, 4 ];{}
103;[ 2, 2, 4, 6 ];{}
103;[ 2, 3, 3, 4 ];{}
103;[ 2, 3, 42 ];{}
103;[ 2, 3, 84 ];{}
103;[ 2, 4, 12 ];{}
103;[ 2, 4, 14 ];{}
103;[ 2, 4, 21 ];{}
103;[ 2, 4, 28 ];{}
103;[ 2, 4, 42 ];{}
103;[ 2, 4, 8 ];{}
103;[ 2, 4, 84 ];{}
103;[ 2, 6, 12 ];{}
103;[ 2, 6, 14 ];{}
103;[ 2, 6, 6 ];{}
103;[ 2, 6, 7 ];{}
103;[ 2, 6, 8 ];{}
103;[ 2, 7, 42 ];{}
103;[ 2, 7, 8 ];{}
103;[ 2, 8, 21 ];{}
103;[ 2, 8, 42 ];{}
103;[ 2, 8, 8 ];{}
103;[ 3, 4, 12 ];{}
103;[ 3, 4, 4 ];{}
103;[ 3, 4, 6 ];{}
103;[ 3, 6, 6 ];{}
103;[ 3, 6, 8 ];{}
103;[ 3, 8, 14 ];{}
103;[ 4, 4, 4 ];{}
103;[ 4, 4, 6 ];{}
103;[ 4, 4, 8 ];{}
104;[ 2, 12, 12 ];{}
104;[ 2, 2, 2, 12 ];{}
104;[ 2, 2, 2, 14 ];{}
104;[ 2, 2, 2, 2, 2 ];{}
104;[ 2, 2, 2, 21 ];{}
104;[ 2, 2, 2, 28 ];{}
104;[ 2, 2, 2, 3 ];{}
104;[ 2, 2, 2, 4 ];{}
104;[ 2, 2, 2, 42 ];{}
104;[ 2, 2, 2, 6 ];{}
104;[ 2, 2, 2, 7 ];{}
104;[ 2, 2, 2, 8 ];{}
104;[ 2, 2, 2, 84 ];{}
104;[ 2, 2, 3, 12 ];{}
104;[ 2, 2, 3, 3 ];{}
104;[ 2, 2, 3, 4 ];{}
104;[ 2, 2, 3, 6 ];{}
104;[ 2, 2, 3, 7 ];{}
104;[ 2, 2, 3, 8 ];{}
104;[ 2, 2, 4, 4 ];{}
104;[ 2, 2, 4, 6 ];{}
104;[ 2, 3, 3, 4 ];{}
104;[ 2, 3, 42 ];{}
104;[ 2, 3, 84 ];{}
104;[ 2, 4, 12 ];{}
104;[ 2, 4, 14 ];{}
104;[ 2, 4, 21 ];{}
104;[ 2, 4, 28 ];{}
104;[ 2, 4, 42 ];{}
104;[ 2, 4, 8 ];{}
104;[ 2, 4, 84 ];{}
104;[ 2, 6, 12 ];{}
104;[ 2, 6, 14 ];{}
104;[ 2, 6, 6 ];{}
104;[ 2, 6, 7 ];{}
104;[ 2, 6, 8 ];{}
104;[ 2, 7, 42 ];{}
104;[ 2, 7, 8 ];{}
104;[ 2, 8, 21 ];{}
104;[ 2, 8, 42 ];{}
104;[ 2, 8, 8 ];{}
104;[ 3, 4, 12 ];{}
104;[ 3, 4, 4 ];{}
104;[ 3, 4, 6 ];{}
104;[ 3, 6, 6 ];{}
104;[ 3, 6, 8 ];{}
104;[ 3, 8, 14 ];{}
104;[ 4, 4, 4 ];{}
104;[ 4, 4, 6 ];{}
104;[ 4, 4, 8 ];{}
105;[ 2, 2, 4, 4 ];{}
105;[ 3, 4, 4 ];{}
105;[ 4, 4, 4 ];{}
105;[ 4, 4, 6 ];{}
11;[ 2, 12, 12 ];{}
11;[ 2, 12, 24 ];{}
11;[ 2, 2, 3, 12 ];{}
11;[ 2, 2, 3, 3 ];{}
11;[ 2, 2, 3, 6 ];{}
11;[ 2, 3, 12 ];{}
11;[ 2, 3, 24 ];{}
11;[ 2, 3, 3, 4 ];{}
11;[ 2, 6, 12 ];{}
11;[ 2, 6, 6 ];{}
11;[ 3, 4, 12 ];{}
11;[ 3, 4, 24 ];{}
11;[ 3, 4, 6 ];{}
11;[ 3, 6, 6 ];{}
11;[ 3, 6, 8 ];{}
111;[ 2, 42, 168 ];{[ $.1 * $.2 * $.3^2 * $.4^2 * $.5 * $.6, $.1 * $.3 * $.4^5, $.2 * $.6 ]}
112;[ 2, 42, 168 ];{}
113;[ 2, 42, 168 ];{}
114;[ 2, 2, 2, 14 ];{}
114;[ 2, 2, 2, 2, 2 ];{}
114;[ 2, 2, 2, 3 ];{}
114;[ 2, 2, 2, 4 ];{}
114;[ 2, 2, 2, 6 ];{}
114;[ 2, 2, 2, 7 ];{}
114;[ 2, 2, 2, 8 ];{}
114;[ 2, 2, 3, 3 ];{}
114;[ 2, 2, 3, 4 ];{}
114;[ 2, 2, 3, 6 ];{}
114;[ 2, 2, 3, 7 ];{}
114;[ 2, 2, 3, 8 ];{}
114;[ 2, 2, 4, 4 ];{}
114;[ 2, 2, 4, 6 ];{}
114;[ 2, 3, 14 ];{}
114;[ 2, 3, 3, 3 ];{}
114;[ 2, 3, 3, 4 ];{}
114;[ 2, 3, 8 ];{}
114;[ 2, 4, 14 ];{}
114;[ 2, 4, 6 ];{}
114;[ 2, 4, 7 ];{}
114;[ 2, 4, 8 ];{}
114;[ 2, 6, 14 ];{}
114;[ 2, 6, 6 ];{}
114;[ 2, 6, 7 ];{}
114;[ 2, 6, 8 ];{}
114;[ 2, 7, 7 ];{}
114;[ 2, 7, 8 ];{}
114;[ 2, 8, 8 ];{}
114;[ 3, 3, 14 ];{[ (1, 14, 15, 11, 13, 7, 10, 12, 8, 9, 5, 6, 2, 4)(3, 16), (2, 3, 14)(5, 9, 6)(7, 16, 8)(11, 15, 13), (1, 4, 2)(3, 6, 8)(7, 12, 10)(13, 14, 16) ]}
114;[ 3, 3, 4 ];{}
114;[ 3, 3, 6 ];{}
114;[ 3, 3, 7 ];{}
114;[ 3, 3, 8 ];{[ (1, 14, 15, 3, 12, 8, 9, 16)(2, 6, 4, 11, 7, 13, 10, 5), (1, 8, 2)(4, 6, 11)(5, 10, 13)(7, 12, 14), (1, 5, 7)(2, 12, 11)(3, 15, 14)(8, 16, 9) ]:[ (1, 9, 14, 5, 12, 15, 8, 11)(2, 10, 16, 6, 7, 4, 3, 13), (2, 9, 10)(3, 5, 14)(4, 7, 15)(8, 16, 11), (1, 11, 10)(3, 9, 13)(4, 12, 5)(6, 16, 15) ]}
114;[ 3, 4, 4 ];{}
114;[ 3, 4, 6 ];{}
114;[ 3, 6, 6 ];{}
114;[ 3, 6, 8 ];{[ (1, 5, 10, 12, 11, 4)(2, 7)(3, 15, 13, 16, 9, 6)(8, 14), (1, 7, 9, 11, 12, 2, 15, 5)(3, 6, 10, 14, 16, 13, 4, 8), (2, 10, 9)(3, 14, 5)(4, 15, 7)(8, 11, 16) ]:[ (1, 4, 11, 12, 10, 5)(2, 7)(3, 6, 9, 16, 13, 15)(8, 14), (1, 14, 2, 5, 12, 8, 7, 11)(3, 15, 13, 10, 16, 9, 6, 4), (1, 4, 3)(2, 8, 11)(5, 7, 14)(10, 16, 12) ]}
114;[ 3, 8, 14 ];{[ (1, 7, 9, 11, 12, 2, 15, 5)(3, 6, 10, 14, 16, 13, 4, 8), (1, 3, 4, 8, 13, 15, 2, 12, 16, 10, 14, 6, 9, 7)(5, 11), (3, 5, 9)(4, 8, 13)(6, 10, 14)(11, 15, 16) ]:[ (1, 2, 3, 9, 12, 7, 16, 15)(4, 14, 13, 11, 10, 8, 6, 5), (1, 3, 11, 13, 15, 8, 10, 12, 16, 5, 6, 9, 14, 4)(2, 7), (1, 5, 7)(2, 12, 11)(3, 15, 14)(8, 16, 9) ]}
114;[ 4, 4, 4 ];{}
114;[ 4, 4, 6 ];{}
114;[ 4, 4, 8 ];{}
115;[ 2, 7, 42 ];{}
116;[ 2, 7, 42 ];{}
118;[ 2, 2, 2, 14 ];{}
118;[ 2, 2, 2, 2, 2 ];{}
118;[ 2, 2, 2, 21 ];{}
118;[ 2, 2, 2, 28 ];{}
118;[ 2, 2, 2, 3 ];{}
118;[ 2, 2, 2, 4 ];{}
118;[ 2, 2, 2, 42 ];{}
118;[ 2, 2, 2, 6 ];{}
118;[ 2, 2, 2, 7 ];{}
118;[ 2, 2, 2, 8 ];{}
118;[ 2, 2, 3, 3 ];{}
118;[ 2, 2, 3, 4 ];{}
118;[ 2, 2, 3, 6 ];{}
118;[ 2, 2, 3, 7 ];{}
118;[ 2, 2, 3, 8 ];{}
118;[ 2, 2, 4, 4 ];{}
118;[ 2, 2, 4, 6 ];{}
118;[ 2, 3, 14 ];{}
118;[ 2, 3, 3, 4 ];{}
118;[ 2, 3, 42 ];{}
118;[ 2, 4, 14 ];{}
118;[ 2, 4, 21 ];{}
118;[ 2, 4, 28 ];{}
118;[ 2, 4, 42 ];{}
118;[ 2, 4, 6 ];{}
118;[ 2, 4, 7 ];{}
118;[ 2, 4, 8 ];{}
118;[ 2, 6, 14 ];{}
118;[ 2, 6, 6 ];{}
118;[ 2, 6, 7 ];{}
118;[ 2, 6, 8 ];{}
118;[ 2, 7, 42 ];{}
118;[ 2, 7, 8 ];{}
118;[ 2, 8, 21 ];{}
118;[ 2, 8, 42 ];{}
118;[ 2, 8, 8 ];{}
118;[ 3, 4, 4 ];{}
118;[ 3, 4, 6 ];{}
118;[ 3, 6, 6 ];{}
118;[ 3, 6, 8 ];{}
118;[ 3, 8, 14 ];{}
118;[ 4, 4, 4 ];{}
118;[ 4, 4, 6 ];{}
118;[ 4, 4, 8 ];{}
119;[ 2, 2, 2, 14 ];{}
119;[ 2, 2, 2, 2, 2 ];{}
119;[ 2, 2, 2, 21 ];{}
119;[ 2, 2, 2, 28 ];{}
119;[ 2, 2, 2, 3 ];{}
119;[ 2, 2, 2, 4 ];{}
119;[ 2, 2, 2, 42 ];{}
119;[ 2, 2, 2, 6 ];{}
119;[ 2, 2, 2, 7 ];{}
119;[ 2, 2, 2, 8 ];{[ $.1 * $.3^2 * $.5 * $.6, $.1 * $.2 * $.3 * $.5 * $.6, $.1 * $.3^2, $.1 * $.2^2 * $.3^3 ]}
119;[ 2, 2, 3, 3 ];{}
119;[ 2, 2, 3, 4 ];{}
119;[ 2, 2, 3, 6 ];{}
119;[ 2, 2, 3, 7 ];{}
119;[ 2, 2, 3, 8 ];{}
119;[ 2, 2, 4, 4 ];{}
119;[ 2, 2, 4, 6 ];{}
119;[ 2, 3, 14 ];{}
119;[ 2, 3, 3, 4 ];{}
119;[ 2, 3, 42 ];{}
119;[ 2, 4, 14 ];{}
119;[ 2, 4, 21 ];{}
119;[ 2, 4, 28 ];{}
119;[ 2, 4, 42 ];{}
119;[ 2, 4, 6 ];{}
119;[ 2, 4, 7 ];{}
119;[ 2, 4, 8 ];{}
119;[ 2, 6, 14 ];{}
119;[ 2, 6, 6 ];{}
119;[ 2, 6, 7 ];{}
119;[ 2, 6, 8 ];{}
119;[ 2, 7, 42 ];{}
119;[ 2, 7, 8 ];{}
119;[ 2, 8, 21 ];{[ $.2 * $.3 * $.4 * $.5 * $.6, $.1 * $.5 * $.6, $.1 * $.2^2 * $.3^6 * $.4 ]}
119;[ 2, 8, 42 ];{[ $.2^2 * $.3^4 * $.5 * $.6, $.1 * $.4 * $.6, $.1 * $.2 * $.3^3 * $.6 ]}
119;[ 2, 8, 8 ];{}
119;[ 3, 4, 4 ];{}
119;[ 3, 4, 6 ];{}
119;[ 3, 6, 6 ];{}
119;[ 3, 6, 8 ];{}
119;[ 3, 8, 14 ];{}
119;[ 4, 4, 4 ];{}
119;[ 4, 4, 6 ];{}
119;[ 4, 4, 8 ];{}
120;[ 2, 2, 4, 4 ];{}
120;[ 3, 4, 4 ];{}
120;[ 4, 4, 4 ];{}
120;[ 4, 4, 6 ];{}
121;[ 2, 2, 3, 12 ];{}
121;[ 2, 2, 3, 3 ];{}
121;[ 2, 2, 3, 6 ];{}
121;[ 2, 3, 3, 4 ];{}
123;[ 2, 2, 3, 12 ];{}
123;[ 2, 2, 3, 3 ];{}
123;[ 2, 2, 3, 6 ];{}
123;[ 2, 3, 3, 4 ];{}
124;[ 2, 2, 3, 12 ];{}
124;[ 2, 2, 3, 3 ];{}
124;[ 2, 2, 3, 6 ];{}
124;[ 2, 3, 3, 4 ];{}
125;[ 2, 2, 3, 12 ];{}
125;[ 2, 2, 3, 3 ];{}
125;[ 2, 2, 3, 6 ];{}
125;[ 2, 3, 3, 4 ];{}
126;[ 2, 2, 3, 12 ];{}
126;[ 2, 2, 3, 3 ];{}
126;[ 2, 2, 3, 6 ];{}
126;[ 2, 3, 3, 4 ];{}
127;[ 2, 2, 3, 12 ];{}
127;[ 2, 2, 3, 3 ];{}
127;[ 2, 2, 3, 6 ];{}
127;[ 2, 3, 3, 4 ];{}
128;[ 2, 2, 3, 12 ];{}
128;[ 2, 2, 3, 3 ];{}
128;[ 2, 2, 3, 6 ];{}
128;[ 2, 3, 3, 4 ];{}
13;[ 2, 12, 12 ];{}
13;[ 2, 12, 24 ];{}
13;[ 3, 4, 12 ];{}
13;[ 3, 4, 24 ];{}
130;[ 2, 2, 3, 12 ];{}
130;[ 2, 2, 3, 3 ];{}
130;[ 2, 2, 3, 6 ];{}
130;[ 2, 3, 3, 4 ];{}
131;[ 2, 12, 12 ];{}
131;[ 2, 2, 3, 12 ];{}
131;[ 2, 2, 3, 3 ];{}
131;[ 2, 2, 3, 6 ];{}
131;[ 2, 3, 12 ];{}
131;[ 2, 3, 3, 4 ];{}
131;[ 2, 3, 42 ];{}
131;[ 2, 6, 12 ];{}
131;[ 2, 6, 6 ];{}
131;[ 3, 4, 12 ];{}
131;[ 3, 4, 6 ];{}
131;[ 3, 6, 6 ];{}
132;[ 2, 2, 3, 3 ];{}
132;[ 2, 2, 3, 6 ];{}
132;[ 2, 3, 3, 4 ];{}
132;[ 2, 3, 42 ];{}
132;[ 2, 6, 6 ];{}
132;[ 3, 4, 6 ];{}
132;[ 3, 6, 6 ];{}
133;[ 2, 12, 12 ];{}
133;[ 3, 4, 12 ];{}
134;[ 2, 12, 12 ];{}
134;[ 2, 2, 3, 12 ];{[ $.1 * $.2 * $.4 * $.5^4, $.6, $.2^2 * $.3 * $.4 * $.5^4 * $.6, $.1 * $.4 * $.5^5 * $.6 ]:[ $.1 * $.2^2 * $.3 * $.5^2, $.6, $.2 * $.3 * $.4 * $.5^3, $.1 * $.3 * $.5^4 * $.6 ]}
134;[ 2, 2, 3, 3 ];{[ $.2 * $.4 * $.5^5, $.2^2 * $.3 * $.4 * $.5^4 * $.6, $.1 * $.3 * $.5^2, $.1 * $.3 * $.4 * $.5^2 * $.6 ]}
134;[ 2, 2, 3, 6 ];{[ $.2 * $.4, $.2^2 * $.3 * $.4 * $.5^6, $.1 * $.3 * $.4, $.1 * $.3 * $.5 * $.6 ]:[ $.2^2 * $.5^5, $.2 * $.4 * $.5^3 * $.6, $.1 * $.3 * $.5^6, $.1 * $.3 * $.4 * $.5^4 ]}
134;[ 2, 3, 12 ];{[ $.1 * $.2^2 * $.3 * $.5^3, $.2 * $.3 * $.4 * $.5^6, $.1 * $.3 * $.5^4 ]:[ $.1 * $.2 * $.5^4, $.2^2 * $.3 * $.5^6 * $.6, $.1 * $.3 * $.6 ]}
134;[ 2, 3, 3, 4 ];{[ $.2 * $.3 * $.4 * $.5, $.2^2 * $.3 * $.4 * $.6, $.1 * $.5 * $.6, $.1 * $.3 * $.5^6 ]}
134;[ 2, 6, 12 ];{[ $.1 * $.2 * $.3 * $.5^4, $.2^2 * $.5^3 * $.6, $.1 * $.3 * $.4 * $.5^4 * $.6 ]:[ $.1 * $.2^2 * $.5 * $.6, $.2 * $.3 * $.4 * $.5^3 * $.6, $.1 * $.3 * $.4 ]}
134;[ 2, 6, 6 ];{}
134;[ 3, 4, 12 ];{}
134;[ 3, 4, 6 ];{}
134;[ 3, 6, 6 ];{}
135;[ 2, 2, 3, 3 ];{}
135;[ 2, 2, 3, 6 ];{}
135;[ 2, 3, 3, 4 ];{[ $.1 * $.5^6 * $.6, $.2^2 * $.5^3, $.2 * $.3 * $.5^2, $.1 * $.3 * $.5^6 ]}
135;[ 2, 6, 6 ];{}
135;[ 3, 4, 6 ];{[ $.1 * $.2^2 * $.3 * $.5^6 * $.6, $.2 * $.3 * $.4, $.1 * $.3 * $.5^3 ]:[ $.1 * $.2 * $.3 * $.4 * $.5^6 * $.6, $.2^2 * $.5^5, $.1 * $.4 * $.5^3 ]}
135;[ 3, 6, 6 ];{[ $.1 * $.2 * $.5^3 * $.6, $.2 * $.3 * $.4 * $.5^4, $.1 * $.2 * $.3 * $.5 ]:[ $.2^2 * $.3 * $.4 * $.6, $.1 * $.2^2 * $.4 * $.5^4, $.1 * $.2^2 * $.5 ]}
136;[ 2, 12, 12 ];{}
136;[ 3, 4, 12 ];{[ $.2^2 * $.5 * $.6^3, $.1 * $.3 * $.5 * $.6^5, $.1 * $.2 * $.6 ]:[ $.2 * $.4 * $.5 * $.6^4, $.1 * $.5 * $.6^4, $.1 * $.2^2 * $.3 * $.4 * $.5 ]}
137;[ 2, 2, 2, 12 ];{}
137;[ 2, 2, 2, 14 ];{}
137;[ 2, 2, 2, 2, 2 ];{}
137;[ 2, 2, 2, 21 ];{}
137;[ 2, 2, 2, 28 ];{}
137;[ 2, 2, 2, 3 ];{}
137;[ 2, 2, 2, 4 ];{}
137;[ 2, 2, 2, 42 ];{}
137;[ 2, 2, 2, 6 ];{}
137;[ 2, 2, 2, 7 ];{}
137;[ 2, 2, 2, 84 ];{}
137;[ 2, 2, 3, 12 ];{}
137;[ 2, 2, 3, 3 ];{}
137;[ 2, 2, 3, 4 ];{}
137;[ 2, 2, 3, 6 ];{}
137;[ 2, 2, 3, 7 ];{}
137;[ 2, 2, 4, 4 ];{}
137;[ 2, 2, 4, 6 ];{}
137;[ 2, 3, 3, 4 ];{}
138;[ 2, 2, 2, 12 ];{}
138;[ 2, 2, 2, 14 ];{}
138;[ 2, 2, 2, 2, 2 ];{}
138;[ 2, 2, 2, 21 ];{}
138;[ 2, 2, 2, 28 ];{}
138;[ 2, 2, 2, 3 ];{}
138;[ 2, 2, 2, 4 ];{}
138;[ 2, 2, 2, 42 ];{}
138;[ 2, 2, 2, 6 ];{}
138;[ 2, 2, 2, 7 ];{}
138;[ 2, 2, 2, 84 ];{}
138;[ 2, 2, 3, 12 ];{}
138;[ 2, 2, 3, 3 ];{}
138;[ 2, 2, 3, 4 ];{}
138;[ 2, 2, 3, 6 ];{}
138;[ 2, 2, 3, 7 ];{}
138;[ 2, 2, 4, 4 ];{}
138;[ 2, 2, 4, 6 ];{}
138;[ 2, 3, 3, 4 ];{}
139;[ 2, 2, 2, 12 ];{}
139;[ 2, 2, 2, 14 ];{}
139;[ 2, 2, 2, 2, 2 ];{}
139;[ 2, 2, 2, 21 ];{}
139;[ 2, 2, 2, 28 ];{}
139;[ 2, 2, 2, 3 ];{}
139;[ 2, 2, 2, 4 ];{}
139;[ 2, 2, 2, 42 ];{}
139;[ 2, 2, 2, 6 ];{}
139;[ 2, 2, 2, 7 ];{}
139;[ 2, 2, 2, 84 ];{}
139;[ 2, 2, 3, 12 ];{}
139;[ 2, 2, 3, 3 ];{}
139;[ 2, 2, 3, 4 ];{}
139;[ 2, 2, 3, 6 ];{}
139;[ 2, 2, 3, 7 ];{}
139;[ 2, 2, 4, 4 ];{}
139;[ 2, 2, 4, 6 ];{[ $.1 * $.3 * $.4 * $.5 * $.6^4, $.1 * $.6^4, $.1 * $.2 * $.4 * $.5 * $.6^5, $.1 * $.2 * $.3 * $.4 * $.6^5 ]}
139;[ 2, 3, 3, 4 ];{}
14;[ 2, 12, 12 ];{}
14;[ 3, 4, 12 ];{}
140;[ 2, 2, 2, 12 ];{}
140;[ 2, 2, 2, 14 ];{}
140;[ 2, 2, 2, 2, 2 ];{}
140;[ 2, 2, 2, 21 ];{}
140;[ 2, 2, 2, 28 ];{}
140;[ 2, 2, 2, 3 ];{}
140;[ 2, 2, 2, 4 ];{}
140;[ 2, 2, 2, 42 ];{}
140;[ 2, 2, 2, 6 ];{}
140;[ 2, 2, 2, 7 ];{}
140;[ 2, 2, 2, 84 ];{}
140;[ 2, 2, 3, 12 ];{}
140;[ 2, 2, 3, 3 ];{}
140;[ 2, 2, 3, 4 ];{}
140;[ 2, 2, 3, 6 ];{}
140;[ 2, 2, 3, 7 ];{}
140;[ 2, 2, 4, 4 ];{}
140;[ 2, 2, 4, 6 ];{}
140;[ 2, 3, 3, 4 ];{}
141;[ 2, 2, 2, 12 ];{}
141;[ 2, 2, 2, 14 ];{}
141;[ 2, 2, 2, 2, 2 ];{}
141;[ 2, 2, 2, 21 ];{}
141;[ 2, 2, 2, 28 ];{}
141;[ 2, 2, 2, 3 ];{}
141;[ 2, 2, 2, 4 ];{}
141;[ 2, 2, 2, 42 ];{}
141;[ 2, 2, 2, 6 ];{}
141;[ 2, 2, 2, 7 ];{}
141;[ 2, 2, 2, 84 ];{}
141;[ 2, 2, 3, 12 ];{}
141;[ 2, 2, 3, 3 ];{}
141;[ 2, 2, 3, 4 ];{}
141;[ 2, 2, 3, 6 ];{}
141;[ 2, 2, 3, 7 ];{}
141;[ 2, 2, 4, 4 ];{}
141;[ 2, 2, 4, 6 ];{}
141;[ 2, 3, 3, 4 ];{}
142;[ 2, 2, 2, 12 ];{}
142;[ 2, 2, 2, 14 ];{}
142;[ 2, 2, 2, 2, 2 ];{}
142;[ 2, 2, 2, 21 ];{}
142;[ 2, 2, 2, 28 ];{[ $.2 * $.3 * $.5^2, $.1 * $.2 * $.5 * $.6^6, $.2 * $.4 * $.5^2 * $.6^6, $.1 * $.2 * $.3 * $.4 * $.6^5 ]}
142;[ 2, 2, 2, 3 ];{}
142;[ 2, 2, 2, 4 ];{}
142;[ 2, 2, 2, 42 ];{}
142;[ 2, 2, 2, 6 ];{}
142;[ 2, 2, 2, 7 ];{}
142;[ 2, 2, 2, 84 ];{}
142;[ 2, 2, 3, 12 ];{}
142;[ 2, 2, 3, 3 ];{}
142;[ 2, 2, 3, 4 ];{}
142;[ 2, 2, 3, 6 ];{}
142;[ 2, 2, 3, 7 ];{}
142;[ 2, 2, 4, 4 ];{}
142;[ 2, 2, 4, 6 ];{}
142;[ 2, 3, 3, 4 ];{}
143;[ 2, 2, 2, 12 ];{}
143;[ 2, 2, 2, 14 ];{}
143;[ 2, 2, 2, 2, 2 ];{}
143;[ 2, 2, 2, 21 ];{}
143;[ 2, 2, 2, 28 ];{}
143;[ 2, 2, 2, 3 ];{}
143;[ 2, 2, 2, 4 ];{}
143;[ 2, 2, 2, 42 ];{}
143;[ 2, 2, 2, 6 ];{}
143;[ 2, 2, 2, 7 ];{}
143;[ 2, 2, 2, 84 ];{}
143;[ 2, 2, 3, 12 ];{}
143;[ 2, 2, 3, 3 ];{}
143;[ 2, 2, 3, 4 ];{}
143;[ 2, 2, 3, 6 ];{}
143;[ 2, 2, 3, 7 ];{}
143;[ 2, 2, 4, 4 ];{}
143;[ 2, 2, 4, 6 ];{}
143;[ 2, 3, 3, 4 ];{}
144;[ 2, 2, 2, 12 ];{}
144;[ 2, 2, 2, 14 ];{}
144;[ 2, 2, 2, 2, 2 ];{}
144;[ 2, 2, 2, 21 ];{}
144;[ 2, 2, 2, 28 ];{}
144;[ 2, 2, 2, 3 ];{}
144;[ 2, 2, 2, 4 ];{}
144;[ 2, 2, 2, 42 ];{}
144;[ 2, 2, 2, 6 ];{}
144;[ 2, 2, 2, 7 ];{}
144;[ 2, 2, 2, 84 ];{[ $.2 * $.4 * $.5, $.1 * $.6^4, $.3 * $.5^2 * $.6^3, $.1 * $.2 * $.3 ]}
144;[ 2, 2, 3, 12 ];{}
144;[ 2, 2, 3, 3 ];{}
144;[ 2, 2, 3, 4 ];{}
144;[ 2, 2, 3, 6 ];{}
144;[ 2, 2, 3, 7 ];{}
144;[ 2, 2, 4, 4 ];{}
144;[ 2, 2, 4, 6 ];{}
144;[ 2, 3, 3, 4 ];{}
145;[ 2, 2, 2, 12 ];{}
145;[ 2, 2, 2, 14 ];{}
145;[ 2, 2, 2, 2, 2 ];{}
145;[ 2, 2, 2, 21 ];{}
145;[ 2, 2, 2, 28 ];{}
145;[ 2, 2, 2, 3 ];{}
145;[ 2, 2, 2, 4 ];{}
145;[ 2, 2, 2, 42 ];{}
145;[ 2, 2, 2, 6 ];{}
145;[ 2, 2, 2, 7 ];{}
145;[ 2, 2, 2, 84 ];{}
145;[ 2, 2, 3, 12 ];{}
145;[ 2, 2, 3, 3 ];{}
145;[ 2, 2, 3, 4 ];{}
145;[ 2, 2, 3, 6 ];{}
145;[ 2, 2, 3, 7 ];{}
145;[ 2, 2, 4, 4 ];{}
145;[ 2, 2, 4, 6 ];{}
145;[ 2, 3, 3, 4 ];{}
146;[ 2, 2, 2, 12 ];{[ $.1, $.1 * $.2 * $.5 * $.6^4, $.1 * $.3 * $.4 * $.5^2 * $.6^2, $.1 * $.2 * $.3 * $.6^5 ]}
146;[ 2, 2, 2, 14 ];{}
146;[ 2, 2, 2, 2, 2 ];{}
146;[ 2, 2, 2, 21 ];{}
146;[ 2, 2, 2, 28 ];{}
146;[ 2, 2, 2, 3 ];{}
146;[ 2, 2, 2, 4 ];{}
146;[ 2, 2, 2, 42 ];{}
146;[ 2, 2, 2, 6 ];{}
146;[ 2, 2, 2, 7 ];{}
146;[ 2, 2, 2, 84 ];{}
146;[ 2, 2, 3, 12 ];{}
146;[ 2, 2, 3, 3 ];{}
146;[ 2, 2, 3, 4 ];{}
146;[ 2, 2, 3, 6 ];{}
146;[ 2, 2, 3, 7 ];{}
146;[ 2, 2, 4, 4 ];{}
146;[ 2, 2, 4, 6 ];{[ $.1 * $.4 * $.5 * $.6^3, $.1 * $.2 * $.4 * $.5^2, $.1 * $.3 * $.4 * $.6^3, $.1 * $.2 * $.3 * $.5 * $.6^6 ]}
146;[ 2, 3, 3, 4 ];{}
147;[ 2, 2, 4, 4 ];{}
148;[ 2, 2, 2, 12 ];{[ $.1 * $.4 * $.6^5, $.1 * $.2 * $.4 * $.5 * $.6^3, $.1 * $.3 * $.4 * $.5^2 * $.6^2, $.1 * $.2 * $.3 * $.4 * $.6^4 ]}
148;[ 2, 2, 2, 14 ];{[ $.2 * $.4 * $.5, $.2 * $.3 * $.6^3, $.1 * $.2 * $.5, $.1 * $.2 * $.3 * $.5^2 * $.6^4 ]}
148;[ 2, 2, 2, 2, 2 ];{[ $.2 * $.5, $.1 * $.4 * $.6^6, $.1 * $.2 * $.5^2 * $.6^3, $.1 * $.2 * $.3 * $.5 * $.6, $.1 * $.2 * $.3 * $.4 * $.6^4 ]}
148;[ 2, 2, 2, 21 ];{}
148;[ 2, 2, 2, 28 ];{}
148;[ 2, 2, 2, 3 ];{}
148;[ 2, 2, 2, 4 ];{}
148;[ 2, 2, 2, 42 ];{}
148;[ 2, 2, 2, 6 ];{}
148;[ 2, 2, 2, 7 ];{}
148;[ 2, 2, 2, 84 ];{[ $.3 * $.5 * $.6, $.2 * $.3 * $.4 * $.5^2, $.1 * $.6^5, $.1 * $.2 * $.4 * $.5 * $.6^4 ]}
148;[ 2, 2, 3, 12 ];{}
148;[ 2, 2, 3, 3 ];{}
148;[ 2, 2, 3, 4 ];{}
148;[ 2, 2, 3, 6 ];{}
148;[ 2, 2, 3, 7 ];{}
148;[ 2, 2, 4, 4 ];{}
148;[ 2, 2, 4, 6 ];{[ $.1 * $.3 * $.4 * $.6^3, $.1 * $.5 * $.6^3, $.1 * $.2 * $.6^5, $.1 * $.2 * $.3 * $.5^2 * $.6^5 ]}
148;[ 2, 3, 3, 4 ];{}
149;[ 2, 2, 2, 12 ];{}
149;[ 2, 2, 2, 14 ];{}
149;[ 2, 2, 2, 2, 2 ];{[ $.2 * $.5, $.1 * $.3 * $.4 * $.6^6, $.1 * $.2 * $.6^2, $.1 * $.2 * $.4 * $.5^2 * $.6^6, $.1 * $.2 * $.3 * $.6^3 ]}
149;[ 2, 2, 2, 21 ];{}
149;[ 2, 2, 2, 28 ];{[ $.2 * $.4 * $.5, $.2 * $.3 * $.5 * $.6^4, $.1 * $.2 * $.5^2 * $.6^3, $.1 * $.2 * $.3 * $.5^2 * $.6^6 ]}
149;[ 2, 2, 2, 3 ];{}
149;[ 2, 2, 2, 4 ];{}
149;[ 2, 2, 2, 42 ];{}
149;[ 2, 2, 2, 6 ];{[ $.1 * $.3 * $.4 * $.5 * $.6, $.1, $.1 * $.2 * $.5 * $.6^5, $.1 * $.2 * $.3 * $.4 * $.6^6 ]}
149;[ 2, 2, 2, 7 ];{}
149;[ 2, 2, 2, 84 ];{[ $.3 * $.4 * $.5^2 * $.6^6, $.2 * $.4 * $.5, $.1 * $.6^3, $.1 * $.2 * $.3 * $.4 * $.5^2 * $.6^4 ]}
149;[ 2, 2, 3, 12 ];{}
149;[ 2, 2, 3, 3 ];{}
149;[ 2, 2, 3, 4 ];{}
149;[ 2, 2, 3, 6 ];{}
149;[ 2, 2, 3, 7 ];{}
149;[ 2, 2, 4, 4 ];{}
149;[ 2, 2, 4, 6 ];{}
149;[ 2, 3, 3, 4 ];{}
15;[ 2, 12, 12 ];{}
15;[ 3, 4, 12 ];{}
150;[ 2, 2, 2, 12 ];{}
150;[ 2, 2, 2, 14 ];{}
150;[ 2, 2, 2, 2, 2 ];{}
150;[ 2, 2, 2, 21 ];{}
150;[ 2, 2, 2, 28 ];{}
150;[ 2, 2, 2, 3 ];{}
150;[ 2, 2, 2, 4 ];{}
150;[ 2, 2, 2, 42 ];{}
150;[ 2, 2, 2, 6 ];{}
150;[ 2, 2, 2, 7 ];{}
150;[ 2, 2, 2, 84 ];{[ $.2 * $.5^2, $.1 * $.3 * $.4, $.3 * $.5 * $.6, $.1 * $.2 * $.6 ]}
150;[ 2, 2, 3, 12 ];{}
150;[ 2, 2, 3, 3 ];{}
150;[ 2, 2, 3, 4 ];{}
150;[ 2, 2, 3, 6 ];{}
150;[ 2, 2, 3, 7 ];{}
150;[ 2, 2, 4, 4 ];{}
150;[ 2, 2, 4, 6 ];{[ $.1 * $.3 * $.5 * $.6^3, $.1 * $.6, $.1 * $.2 * $.4 * $.5^2 * $.6^2, $.1 * $.2 * $.3 * $.4 * $.5 * $.6^4 ]}
150;[ 2, 3, 3, 4 ];{}
151;[ 2, 2, 4, 4 ];{}
152;[ 2, 2, 2, 12 ];{}
152;[ 2, 2, 2, 14 ];{}
152;[ 2, 2, 2, 2, 2 ];{}
152;[ 2, 2, 2, 21 ];{}
152;[ 2, 2, 2, 28 ];{}
152;[ 2, 2, 2, 3 ];{}
152;[ 2, 2, 2, 4 ];{}
152;[ 2, 2, 2, 42 ];{}
152;[ 2, 2, 2, 6 ];{}
152;[ 2, 2, 2, 7 ];{}
152;[ 2, 2, 3, 12 ];{}
152;[ 2, 2, 3, 3 ];{}
152;[ 2, 2, 3, 4 ];{}
152;[ 2, 2, 3, 6 ];{}
152;[ 2, 2, 3, 7 ];{}
152;[ 2, 2, 4, 4 ];{}
152;[ 2, 2, 4, 6 ];{}
152;[ 2, 3, 3, 4 ];{}
153;[ 2, 2, 2, 12 ];{}
153;[ 2, 2, 2, 14 ];{}
153;[ 2, 2, 2, 2, 2 ];{}
153;[ 2, 2, 2, 21 ];{}
153;[ 2, 2, 2, 28 ];{}
153;[ 2, 2, 2, 3 ];{}
153;[ 2, 2, 2, 4 ];{}
153;[ 2, 2, 2, 42 ];{}
153;[ 2, 2, 2, 6 ];{}
153;[ 2, 2, 2, 7 ];{}
153;[ 2, 2, 3, 12 ];{}
153;[ 2, 2, 3, 3 ];{}
153;[ 2, 2, 3, 4 ];{}
153;[ 2, 2, 3, 6 ];{}
153;[ 2, 2, 3, 7 ];{}
153;[ 2, 2, 4, 4 ];{}
153;[ 2, 2, 4, 6 ];{}
153;[ 2, 3, 3, 4 ];{}
154;[ 2, 2, 4, 4 ];{}
155;[ 2, 2, 2, 12 ];{}
155;[ 2, 2, 2, 14 ];{}
155;[ 2, 2, 2, 2, 2 ];{}
155;[ 2, 2, 2, 21 ];{}
155;[ 2, 2, 2, 28 ];{}
155;[ 2, 2, 2, 3 ];{}
155;[ 2, 2, 2, 4 ];{}
155;[ 2, 2, 2, 42 ];{}
155;[ 2, 2, 2, 6 ];{}
155;[ 2, 2, 2, 7 ];{}
155;[ 2, 2, 3, 12 ];{}
155;[ 2, 2, 3, 3 ];{}
155;[ 2, 2, 3, 4 ];{}
155;[ 2, 2, 3, 6 ];{}
155;[ 2, 2, 3, 7 ];{}
155;[ 2, 2, 4, 4 ];{}
155;[ 2, 2, 4, 6 ];{}
155;[ 2, 3, 3, 4 ];{}
156;[ 2, 2, 4, 4 ];{}
157;[ 2, 2, 2, 14 ];{}
157;[ 2, 2, 2, 2, 2 ];{}
157;[ 2, 2, 2, 21 ];{}
157;[ 2, 2, 2, 3 ];{}
157;[ 2, 2, 2, 4 ];{}
157;[ 2, 2, 2, 42 ];{}
157;[ 2, 2, 2, 6 ];{}
157;[ 2, 2, 2, 7 ];{}
157;[ 2, 2, 3, 3 ];{}
157;[ 2, 2, 3, 4 ];{}
157;[ 2, 2, 3, 6 ];{}
157;[ 2, 2, 3, 7 ];{}
157;[ 2, 2, 4, 4 ];{}
157;[ 2, 2, 4, 6 ];{}
157;[ 2, 3, 3, 4 ];{}
158;[ 2, 2, 2, 14 ];{}
158;[ 2, 2, 2, 2, 2 ];{}
158;[ 2, 2, 2, 21 ];{}
158;[ 2, 2, 2, 28 ];{}
158;[ 2, 2, 2, 3 ];{}
158;[ 2, 2, 2, 4 ];{}
158;[ 2, 2, 2, 42 ];{}
158;[ 2, 2, 2, 6 ];{[ $.1 * $.3 * $.4 * $.5 * $.6^3, $.1 * $.6^2, $.1 * $.2 * $.4 * $.5^2 * $.6^6, $.1 * $.2 * $.3 * $.5 ]}
158;[ 2, 2, 2, 7 ];{}
158;[ 2, 2, 3, 3 ];{}
158;[ 2, 2, 3, 4 ];{}
158;[ 2, 2, 3, 6 ];{}
158;[ 2, 2, 3, 7 ];{}
158;[ 2, 2, 4, 4 ];{}
158;[ 2, 2, 4, 6 ];{}
158;[ 2, 3, 3, 4 ];{}
159;[ 2, 2, 2, 12 ];{}
159;[ 2, 2, 2, 14 ];{[ $.2 * $.3 * $.4 * $.5^2 * $.6^2, $.2 * $.5, $.1 * $.2 * $.4 * $.5 * $.6^2, $.1 * $.2 * $.3 * $.5^2 ]}
159;[ 2, 2, 2, 2, 2 ];{}
159;[ 2, 2, 2, 21 ];{}
159;[ 2, 2, 2, 3 ];{}
159;[ 2, 2, 2, 4 ];{}
159;[ 2, 2, 2, 42 ];{}
159;[ 2, 2, 2, 6 ];{}
159;[ 2, 2, 2, 7 ];{}
159;[ 2, 2, 3, 12 ];{}
159;[ 2, 2, 3, 3 ];{}
159;[ 2, 2, 3, 4 ];{}
159;[ 2, 2, 3, 6 ];{}
159;[ 2, 2, 3, 7 ];{}
159;[ 2, 2, 4, 4 ];{}
159;[ 2, 2, 4, 6 ];{}
159;[ 2, 3, 3, 4 ];{}
16;[ 2, 12, 12 ];{}
16;[ 3, 4, 12 ];{}
160;[ 2, 2, 2, 12 ];{}
160;[ 2, 2, 2, 14 ];{}
160;[ 2, 2, 2, 2, 2 ];{}
160;[ 2, 2, 2, 21 ];{}
160;[ 2, 2, 2, 28 ];{}
160;[ 2, 2, 2, 3 ];{}
160;[ 2, 2, 2, 4 ];{}
160;[ 2, 2, 2, 42 ];{}
160;[ 2, 2, 2, 6 ];{}
160;[ 2, 2, 2, 7 ];{}
160;[ 2, 2, 3, 12 ];{}
160;[ 2, 2, 3, 3 ];{}
160;[ 2, 2, 3, 4 ];{}
160;[ 2, 2, 3, 6 ];{}
160;[ 2, 2, 3, 7 ];{}
160;[ 2, 2, 4, 4 ];{}
160;[ 2, 2, 4, 6 ];{}
160;[ 2, 3, 3, 4 ];{}
161;[ 2, 2, 2, 14 ];{}
161;[ 2, 2, 2, 2, 2 ];{}
161;[ 2, 2, 2, 21 ];{}
161;[ 2, 2, 2, 28 ];{}
161;[ 2, 2, 2, 3 ];{}
161;[ 2, 2, 2, 4 ];{}
161;[ 2, 2, 2, 42 ];{[ $.2 * $.4 * $.5, $.1 * $.3 * $.6^4, $.3 * $.4 * $.5^2 * $.6^6, $.1 * $.2 * $.6^3 ]}
161;[ 2, 2, 2, 6 ];{}
161;[ 2, 2, 2, 7 ];{}
161;[ 2, 2, 3, 3 ];{}
161;[ 2, 2, 3, 4 ];{}
161;[ 2, 2, 3, 6 ];{}
161;[ 2, 2, 3, 7 ];{}
161;[ 2, 2, 4, 4 ];{}
161;[ 2, 2, 4, 6 ];{[ $.1 * $.3 * $.4 * $.5 * $.6^2, $.1 * $.4 * $.6, $.1 * $.2 * $.4 * $.5 * $.6^5, $.1 * $.2 * $.3 * $.4 * $.6^6 ]:[ $.1 * $.5 * $.6^5, $.1 * $.3 * $.4 * $.6^6, $.1 * $.2 * $.4 * $.5^2 * $.6^4, $.1 * $.2 * $.3 * $.5 * $.6^3 ]}
161;[ 2, 3, 3, 4 ];{}
162;[ 2, 2, 2, 12 ];{}
162;[ 2, 2, 2, 14 ];{}
162;[ 2, 2, 2, 2, 2 ];{}
162;[ 2, 2, 2, 21 ];{}
162;[ 2, 2, 2, 3 ];{}
162;[ 2, 2, 2, 4 ];{}
162;[ 2, 2, 2, 42 ];{[ $.2 * $.3, $.1 * $.4 * $.6^6, $.3 * $.5^2 * $.6^4, $.1 * $.2 * $.5^2 * $.6^3 ]}
162;[ 2, 2, 2, 6 ];{}
162;[ 2, 2, 2, 7 ];{}
162;[ 2, 2, 3, 12 ];{}
162;[ 2, 2, 3, 3 ];{}
162;[ 2, 2, 3, 4 ];{}
162;[ 2, 2, 3, 6 ];{}
162;[ 2, 2, 3, 7 ];{}
162;[ 2, 2, 4, 4 ];{}
162;[ 2, 2, 4, 6 ];{}
162;[ 2, 3, 3, 4 ];{}
163;[ 2, 2, 2, 12 ];{[ $.1 * $.4, $.1 * $.2 * $.5 * $.6^4, $.1 * $.3 * $.5 * $.6, $.1 * $.2 * $.3 * $.4 * $.5^2 * $.6^4 ]}
163;[ 2, 2, 2, 14 ];{}
163;[ 2, 2, 2, 2, 2 ];{[ $.2, $.1 * $.4 * $.6, $.1 * $.2 * $.4 * $.6^2, $.1 * $.2 * $.3 * $.4 * $.5 * $.6^6, $.1 * $.2 * $.3 * $.4 * $.5 * $.6^5 ]}
163;[ 2, 2, 2, 21 ];{}
163;[ 2, 2, 2, 28 ];{[ $.2 * $.5^2, $.1 * $.2 * $.4 * $.5^2 * $.6^2, $.2 * $.3 * $.5 * $.6, $.1 * $.2 * $.3 * $.4 * $.5 * $.6^3 ]}
163;[ 2, 2, 2, 3 ];{}
163;[ 2, 2, 2, 4 ];{}
163;[ 2, 2, 2, 42 ];{[ $.2 * $.4 * $.5^2, $.3 * $.5^2 * $.6^3, $.1 * $.6^2, $.1 * $.2 * $.3 * $.5 * $.6^6 ]}
163;[ 2, 2, 2, 6 ];{}
163;[ 2, 2, 2, 7 ];{}
163;[ 2, 2, 3, 12 ];{}
163;[ 2, 2, 3, 3 ];{}
163;[ 2, 2, 3, 4 ];{}
163;[ 2, 2, 3, 6 ];{}
163;[ 2, 2, 3, 7 ];{}
163;[ 2, 2, 4, 4 ];{}
163;[ 2, 2, 4, 6 ];{[ $.1 * $.3 * $.4 * $.6, $.1 * $.4 * $.5^2 * $.6^5, $.1 * $.2 * $.5, $.1 * $.2 * $.3 * $.4 * $.5^2 * $.6^3 ]}
163;[ 2, 3, 3, 4 ];{}
165;[ 2, 2, 3, 12 ];{}
165;[ 2, 2, 3, 3 ];{}
165;[ 2, 2, 3, 6 ];{}
165;[ 2, 3, 3, 4 ];{}
166;[ 2, 2, 3, 12 ];{}
166;[ 2, 2, 3, 3 ];{}
166;[ 2, 2, 3, 6 ];{}
166;[ 2, 3, 3, 4 ];{}
167;[ 2, 2, 3, 12 ];{}
167;[ 2, 2, 3, 3 ];{}
167;[ 2, 2, 3, 6 ];{}
167;[ 2, 3, 3, 4 ];{}
17;[ 2, 12, 12 ];{[ $.1 * $.6^4, $.2 * $.3 * $.5 * $.6^4, $.1 * $.2 * $.3^2 * $.4 * $.6^5 ]:[ $.1 * $.4 * $.6^2, $.1 * $.2 * $.3 * $.5 * $.6^3, $.2 * $.3^2 * $.5 * $.6^3 ]}
17;[ 3, 4, 12 ];{}
171;[ 2, 12, 12 ];{}
171;[ 3, 4, 12 ];{}
172;[ 2, 2, 3, 3 ];{}
172;[ 2, 2, 3, 6 ];{}
172;[ 2, 3, 3, 4 ];{}
172;[ 2, 6, 6 ];{}
172;[ 3, 4, 6 ];{}
172;[ 3, 6, 6 ];{[ $.2^2 * $.4 * $.6, $.1 * $.2^2 * $.5^6 * $.6, $.1 * $.2^2 * $.3 * $.4 * $.5^4 * $.6 ]:[ $.1 * $.2 * $.3 * $.6, $.2 * $.3 * $.4 * $.5^4, $.1 * $.2 * $.4 * $.5^6 ]}
173;[ 2, 12, 12 ];{}
173;[ 2, 2, 3, 12 ];{}
173;[ 2, 2, 3, 3 ];{}
173;[ 2, 2, 3, 6 ];{}
173;[ 2, 3, 12 ];{}
173;[ 2, 3, 3, 4 ];{}
173;[ 2, 6, 12 ];{}
173;[ 2, 6, 6 ];{}
173;[ 3, 4, 12 ];{}
173;[ 3, 4, 6 ];{}
173;[ 3, 6, 6 ];{}
174;[ 2, 2, 3, 12 ];{}
174;[ 2, 2, 3, 3 ];{}
174;[ 2, 2, 3, 6 ];{}
174;[ 2, 3, 3, 4 ];{}
176;[ 2, 2, 3, 12 ];{}
176;[ 2, 2, 3, 3 ];{}
176;[ 2, 2, 3, 6 ];{}
176;[ 2, 3, 3, 4 ];{}
177;[ 2, 2, 3, 12 ];{}
177;[ 2, 2, 3, 3 ];{}
177;[ 2, 2, 3, 6 ];{}
177;[ 2, 3, 3, 4 ];{}
178;[ 2, 2, 3, 12 ];{}
178;[ 2, 2, 3, 3 ];{}
178;[ 2, 2, 3, 6 ];{}
178;[ 2, 3, 3, 4 ];{}
179;[ 2, 2, 3, 12 ];{}
179;[ 2, 2, 3, 3 ];{}
179;[ 2, 2, 3, 6 ];{}
179;[ 2, 3, 3, 4 ];{}
18;[ 2, 12, 12 ];{}
18;[ 2, 12, 24 ];{}
18;[ 2, 2, 3, 12 ];{}
18;[ 2, 2, 3, 3 ];{}
18;[ 2, 2, 3, 6 ];{}
18;[ 2, 3, 12 ];{}
18;[ 2, 3, 24 ];{}
18;[ 2, 3, 3, 4 ];{}
18;[ 2, 6, 12 ];{}
18;[ 2, 6, 6 ];{}
18;[ 3, 4, 12 ];{}
18;[ 3, 4, 24 ];{}
18;[ 3, 4, 6 ];{}
18;[ 3, 6, 6 ];{}
18;[ 3, 6, 8 ];{}
180;[ 2, 2, 3, 12 ];{}
180;[ 2, 2, 3, 3 ];{}
180;[ 2, 2, 3, 6 ];{}
180;[ 2, 3, 3, 4 ];{}
181;[ 2, 2, 3, 12 ];{}
181;[ 2, 2, 3, 3 ];{}
181;[ 2, 2, 3, 6 ];{}
181;[ 2, 3, 3, 4 ];{}
183;[ 2, 2, 3, 12 ];{}
183;[ 2, 2, 3, 3 ];{}
183;[ 2, 2, 3, 6 ];{}
183;[ 2, 3, 3, 4 ];{}
19;[ 2, 12, 12 ];{}
19;[ 2, 12, 24 ];{}
19;[ 2, 2, 3, 12 ];{}
19;[ 2, 2, 3, 3 ];{}
19;[ 2, 2, 3, 6 ];{}
19;[ 2, 3, 12 ];{}
19;[ 2, 3, 24 ];{}
19;[ 2, 3, 3, 4 ];{}
19;[ 2, 6, 12 ];{}
19;[ 2, 6, 6 ];{}
19;[ 3, 4, 12 ];{}
19;[ 3, 4, 24 ];{}
19;[ 3, 4, 6 ];{}
19;[ 3, 6, 6 ];{}
19;[ 3, 6, 8 ];{}
194;[ 2, 2, 2, 12 ];{}
194;[ 2, 2, 2, 14 ];{}
194;[ 2, 2, 2, 2, 2 ];{}
194;[ 2, 2, 2, 21 ];{}
194;[ 2, 2, 2, 28 ];{}
194;[ 2, 2, 2, 3 ];{}
194;[ 2, 2, 2, 4 ];{}
194;[ 2, 2, 2, 42 ];{}
194;[ 2, 2, 2, 6 ];{}
194;[ 2, 2, 2, 7 ];{}
194;[ 2, 2, 2, 84 ];{}
194;[ 2, 2, 3, 12 ];{}
194;[ 2, 2, 3, 3 ];{}
194;[ 2, 2, 3, 4 ];{}
194;[ 2, 2, 3, 6 ];{}
194;[ 2, 2, 3, 7 ];{}
194;[ 2, 2, 4, 4 ];{}
194;[ 2, 2, 4, 6 ];{}
194;[ 2, 3, 3, 4 ];{}
195;[ 2, 2, 4, 4 ];{[ $.1 * $.2 * $.3 * $.5^2 * $.6^2, $.1 * $.6^3, $.1 * $.2 * $.5^2 * $.6^5, $.1 * $.3 * $.4 * $.5 * $.6^4 ]}
196;[ 2, 2, 2, 12 ];{}
196;[ 2, 2, 2, 14 ];{}
196;[ 2, 2, 2, 2, 2 ];{[ $.4, $.1 * $.3 * $.4 * $.5^2 * $.6^6, $.1 * $.2 * $.4 * $.6, $.1 * $.4 * $.5^2 * $.6, $.1 * $.2 * $.3 * $.5 * $.6^6 ]:[ $.2, $.1 * $.3 * $.6^4, $.1 * $.4 * $.5^2 * $.6, $.1 * $.4 * $.5 * $.6^3, $.1 * $.2 * $.3 * $.5^2 * $.6^6 ]}
196;[ 2, 2, 2, 21 ];{}
196;[ 2, 2, 2, 28 ];{}
196;[ 2, 2, 2, 3 ];{}
196;[ 2, 2, 2, 4 ];{}
196;[ 2, 2, 2, 42 ];{}
196;[ 2, 2, 2, 6 ];{}
196;[ 2, 2, 2, 7 ];{}
196;[ 2, 2, 2, 84 ];{[ $.2 * $.4, $.3 * $.5^2 * $.6^3, $.1 * $.5^2 * $.6^6, $.1 * $.2 * $.3 * $.6^3 ]}
196;[ 2, 2, 3, 12 ];{}
196;[ 2, 2, 3, 3 ];{}
196;[ 2, 2, 3, 4 ];{}
196;[ 2, 2, 3, 6 ];{}
196;[ 2, 2, 3, 7 ];{}
196;[ 2, 2, 4, 4 ];{}
196;[ 2, 2, 4, 6 ];{}
196;[ 2, 3, 3, 4 ];{}
197;[ 2, 2, 2, 12 ];{}
197;[ 2, 2, 2, 14 ];{}
197;[ 2, 2, 2, 2, 2 ];{}
197;[ 2, 2, 2, 21 ];{}
197;[ 2, 2, 2, 28 ];{}
197;[ 2, 2, 2, 3 ];{}
197;[ 2, 2, 2, 4 ];{}
197;[ 2, 2, 2, 42 ];{}
197;[ 2, 2, 2, 6 ];{}
197;[ 2, 2, 2, 7 ];{}
197;[ 2, 2, 2, 84 ];{[ $.3 * $.4, $.2 * $.5^2 * $.6^3, $.1 * $.5 * $.6^4, $.1 * $.2 * $.3 * $.5^2 * $.6 ]}
197;[ 2, 2, 3, 12 ];{}
197;[ 2, 2, 3, 3 ];{}
197;[ 2, 2, 3, 4 ];{}
197;[ 2, 2, 3, 6 ];{}
197;[ 2, 2, 3, 7 ];{}
197;[ 2, 2, 4, 4 ];{[ $.1 * $.2 * $.3 * $.4 * $.6, $.1 * $.4 * $.5 * $.6, $.1 * $.2 * $.5 * $.6^4, $.1 * $.3 * $.6^4 ]}
197;[ 2, 2, 4, 6 ];{}
197;[ 2, 3, 3, 4 ];{}
198;[ 2, 2, 2, 12 ];{}
198;[ 2, 2, 2, 14 ];{}
198;[ 2, 2, 2, 2, 2 ];{[ $.3 * $.4, $.1 * $.4 * $.5 * $.6^4, $.1 * $.3 * $.6^6, $.1 * $.2 * $.5 * $.6^6, $.1 * $.2 * $.5^2 * $.6^4 ]}
198;[ 2, 2, 2, 21 ];{}
198;[ 2, 2, 2, 28 ];{}
198;[ 2, 2, 2, 3 ];{}
198;[ 2, 2, 2, 4 ];{[ $.1 * $.4 * $.6^2, $.1 * $.2 * $.6^4, $.1 * $.3 * $.5^2 * $.6^6, $.1 * $.2 * $.3 * $.5^2 * $.6^4 ]}
198;[ 2, 2, 2, 42 ];{[ $.3, $.1 * $.3 * $.4 * $.5 * $.6, $.2 * $.5 * $.6^6, $.1 * $.2 * $.4 * $.5^2 ]}
198;[ 2, 2, 2, 6 ];{}
198;[ 2, 2, 2, 7 ];{}
198;[ 2, 2, 2, 84 ];{[ $.2 * $.3 * $.4 * $.5 * $.6, $.2, $.1 * $.6^4, $.1 * $.3 * $.5^2 * $.6^3 ]}
198;[ 2, 2, 3, 12 ];{}
198;[ 2, 2, 3, 3 ];{}
198;[ 2, 2, 3, 4 ];{}
198;[ 2, 2, 3, 6 ];{}
198;[ 2, 2, 3, 7 ];{}
198;[ 2, 2, 4, 4 ];{}
198;[ 2, 2, 4, 6 ];{}
198;[ 2, 3, 3, 4 ];{}
199;[ 2, 2, 2, 12 ];{}
199;[ 2, 2, 2, 14 ];{}
199;[ 2, 2, 2, 2, 2 ];{}
199;[ 2, 2, 2, 21 ];{}
199;[ 2, 2, 2, 28 ];{}
199;[ 2, 2, 2, 3 ];{}
199;[ 2, 2, 2, 4 ];{}
199;[ 2, 2, 2, 42 ];{}
199;[ 2, 2, 2, 6 ];{}
199;[ 2, 2, 2, 7 ];{}
199;[ 2, 2, 2, 84 ];{}
199;[ 2, 2, 3, 12 ];{}
199;[ 2, 2, 3, 3 ];{}
199;[ 2, 2, 3, 4 ];{}
199;[ 2, 2, 3, 6 ];{}
199;[ 2, 2, 3, 7 ];{}
199;[ 2, 2, 4, 4 ];{}
199;[ 2, 2, 4, 6 ];{}
199;[ 2, 3, 3, 4 ];{}
20;[ 2, 12, 12 ];{}
20;[ 2, 12, 24 ];{[ $.1 * $.2 * $.3, $.2 * $.3^2 * $.6, $.1 * $.5 * $.6 ]:[ $.2 * $.3 * $.4 * $.5 * $.6^6, $.1 * $.2 * $.3^2 * $.5 * $.6^6, $.1 * $.5 * $.6 ]}
20;[ 2, 2, 3, 12 ];{}
20;[ 2, 2, 3, 3 ];{}
20;[ 2, 2, 3, 6 ];{}
20;[ 2, 3, 12 ];{}
20;[ 2, 3, 24 ];{}
20;[ 2, 3, 3, 4 ];{}
20;[ 2, 6, 12 ];{}
20;[ 2, 6, 6 ];{}
20;[ 3, 4, 12 ];{}
20;[ 3, 4, 24 ];{}
20;[ 3, 4, 6 ];{}
20;[ 3, 6, 6 ];{}
20;[ 3, 6, 8 ];{}
200;[ 2, 2, 2, 12 ];{}
200;[ 2, 2, 2, 14 ];{}
200;[ 2, 2, 2, 2, 2 ];{}
200;[ 2, 2, 2, 21 ];{}
200;[ 2, 2, 2, 28 ];{}
200;[ 2, 2, 2, 3 ];{}
200;[ 2, 2, 2, 4 ];{}
200;[ 2, 2, 2, 42 ];{}
200;[ 2, 2, 2, 6 ];{}
200;[ 2, 2, 2, 7 ];{}
200;[ 2, 2, 2, 84 ];{}
200;[ 2, 2, 3, 12 ];{}
200;[ 2, 2, 3, 3 ];{}
200;[ 2, 2, 3, 4 ];{}
200;[ 2, 2, 3, 6 ];{}
200;[ 2, 2, 3, 7 ];{}
200;[ 2, 2, 4, 4 ];{}
200;[ 2, 2, 4, 6 ];{}
200;[ 2, 3, 3, 4 ];{}
201;[ 2, 2, 2, 12 ];{}
201;[ 2, 2, 2, 14 ];{}
201;[ 2, 2, 2, 2, 2 ];{}
201;[ 2, 2, 2, 21 ];{}
201;[ 2, 2, 2, 28 ];{}
201;[ 2, 2, 2, 3 ];{}
201;[ 2, 2, 2, 4 ];{[ $.1 * $.3 * $.4 * $.6^2, $.1 * $.4 * $.5 * $.6^5, $.1 * $.2 * $.4 * $.5^2 * $.6, $.1 * $.2 * $.3 * $.5 * $.6^5 ]}
201;[ 2, 2, 2, 42 ];{}
201;[ 2, 2, 2, 6 ];{}
201;[ 2, 2, 2, 7 ];{}
201;[ 2, 2, 2, 84 ];{}
201;[ 2, 2, 3, 12 ];{}
201;[ 2, 2, 3, 3 ];{}
201;[ 2, 2, 3, 4 ];{}
201;[ 2, 2, 3, 6 ];{}
201;[ 2, 2, 3, 7 ];{}
201;[ 2, 2, 4, 4 ];{}
201;[ 2, 2, 4, 6 ];{}
201;[ 2, 3, 3, 4 ];{}
202;[ 2, 2, 4, 4 ];{}
203;[ 2, 2, 2, 14 ];{}
203;[ 2, 2, 2, 2, 2 ];{}
203;[ 2, 2, 2, 21 ];{}
203;[ 2, 2, 2, 3 ];{}
203;[ 2, 2, 2, 4 ];{}
203;[ 2, 2, 2, 42 ];{[ $.3 * $.4 * $.5 * $.6^4, $.2 * $.3, $.1 * $.2 * $.5 * $.6, $.1 * $.4 * $.6^4 ]}
203;[ 2, 2, 2, 6 ];{}
203;[ 2, 2, 2, 7 ];{}
203;[ 2, 2, 3, 3 ];{}
203;[ 2, 2, 3, 4 ];{}
203;[ 2, 2, 3, 6 ];{}
203;[ 2, 2, 3, 7 ];{}
203;[ 2, 2, 4, 4 ];{[ $.1 * $.4 * $.5, $.1 * $.2 * $.6^6, $.1 * $.2 * $.3 * $.6^5, $.1 * $.3 * $.5 * $.6^6 ]}
203;[ 2, 2, 4, 6 ];{}
203;[ 2, 3, 3, 4 ];{}
208;[ 2, 2, 2, 2, 2 ];{[ (1, 6)(2, 3)(4, 5)(7, 8), (1, 8)(2, 5)(3, 7), (1, 2)(3, 8)(4, 7), (2, 3)(4, 6)(5, 7), (1, 4)(2, 6)(3, 7) ]:[ (1, 7)(2, 6)(3, 5)(4, 8), (1, 5)(2, 7)(3, 4)(6, 8), (1, 6)(2, 3)(4, 5)(7, 8), (1, 2)(3, 8)(4, 7), (1, 8)(2, 4)(3, 6) ]}
208;[ 2, 2, 2, 3 ];{[ (1, 4)(2, 7)(3, 8)(5, 6), (1, 2)(3, 5)(6, 7), (1, 8)(2, 4)(3, 6), (1, 3, 2)(5, 8, 7) ]}
208;[ 2, 2, 2, 4 ];{[ (1, 6)(2, 3)(4, 5)(7, 8), (1, 3)(2, 8)(5, 6), (2, 8)(3, 4)(6, 7), (1, 2, 3, 5)(4, 6, 8, 7) ]}
208;[ 2, 2, 2, 6 ];{[ (1, 4)(2, 3)(5, 8)(6, 7), (1, 5)(2, 8)(3, 7)(4, 6), (2, 6)(3, 8)(4, 5), (1, 8, 6, 5, 7, 2) ]:[ (2, 4)(3, 5)(7, 8), (1, 3)(4, 6)(7, 8), (2, 6)(3, 8)(4, 5), (1, 5, 6, 4, 3, 8) ]}
208;[ 2, 2, 2, 7 ];{[ (1, 4)(2, 7)(3, 8)(5, 6), (2, 5)(4, 7)(6, 8), (1, 5)(2, 6)(7, 8), (1, 7, 5, 4, 2, 3, 8) ]}
208;[ 2, 2, 2, 8 ];{[ (1, 3)(2, 6)(4, 7)(5, 8), (1, 3)(2, 5)(4, 8)(6, 7), (1, 8)(2, 4)(3, 6), (1, 7, 2, 5, 6, 3, 4, 8) ]:[ (1, 6)(2, 4)(3, 7)(5, 8), (1, 7)(2, 5)(3, 8)(4, 6), (3, 7)(4, 8)(5, 6), (1, 3, 6, 4, 7, 5, 2, 8) ]:[ (1, 7)(3, 4)(5, 8), (1, 2)(3, 5)(6, 7), (1, 7)(2, 3)(6, 8), (1, 6, 5, 4, 3, 7, 2, 8) ]:[ (2, 5)(4, 7)(6, 8), (1, 7)(2, 3)(6, 8), (1, 6)(2, 7)(4, 8), (1, 6, 4, 8, 7, 3, 5, 2) ]}
208;[ 2, 2, 3, 3 ];{[ (2, 7)(3, 6)(5, 8), (1, 4)(2, 8)(5, 7), (1, 7, 4)(2, 5, 3), (2, 6, 3)(4, 8, 7) ]}
208;[ 2, 2, 3, 4 ];{[ (1, 4)(3, 5)(6, 8), (1, 8)(2, 4)(3, 6), (1, 6, 3, 8)(2, 7, 4, 5), (1, 4, 7)(2, 3, 5) ]}
208;[ 2, 2, 3, 6 ];{[ (1, 7)(2, 6)(3, 5)(4, 8), (1, 7)(2, 3)(6, 8), (1, 4, 8, 3, 6, 7), (1, 7, 4)(2, 5, 3) ]}
208;[ 2, 2, 3, 7 ];{[ (1, 2)(3, 5)(6, 7), (1, 5)(3, 6)(4, 7), (1, 8, 7, 5, 2, 4, 6), (1, 5, 4)(3, 7, 8) ]}
208;[ 2, 2, 3, 8 ];{[ (1, 8)(2, 6)(3, 4)(5, 7), (1, 3)(2, 8)(5, 6), (1, 5, 2, 4, 8, 6, 3, 7), (1, 5, 4)(3, 7, 8) ]:[ (1, 7)(2, 8)(3, 6)(4, 5), (2, 8)(3, 4)(6, 7), (1, 7, 6, 5, 4, 8, 3, 2), (1, 2, 5)(3, 8, 6) ]}
208;[ 2, 2, 4, 4 ];{[ (2, 5)(4, 7)(6, 8), (2, 5)(4, 7)(6, 8), (1, 4, 2, 8)(3, 5, 6, 7), (1, 8, 2, 4)(3, 7, 6, 5) ]}
208;[ 2, 2, 4, 6 ];{[ (1, 4)(2, 5)(3, 6)(7, 8), (1, 2)(3, 5)(6, 7), (1, 3, 7, 8)(2, 4, 5, 6), (1, 7, 2, 8, 3, 5) ]}
208;[ 2, 3, 3, 4 ];{}
208;[ 2, 3, 8 ];{[ (1, 2)(3, 8)(4, 7), (1, 7, 4, 3, 8, 2, 6, 5), (1, 5, 6)(2, 3, 7) ]:[ (1, 8)(2, 4)(3, 6), (1, 5, 3, 7, 4, 2, 6, 8), (3, 5, 8)(4, 7, 6) ]}
208;[ 2, 4, 6 ];{[ (1, 6)(2, 5)(3, 4), (1, 8, 5, 2)(3, 4, 7, 6), (1, 5, 8, 6, 7, 3) ]}
208;[ 2, 4, 7 ];{}
208;[ 2, 4, 8 ];{[ (1, 5)(2, 6)(7, 8), (1, 2, 3, 8, 4, 5, 6, 7), (1, 8, 3, 6)(2, 5, 4, 7) ]:[ (1, 2)(3, 5)(6, 7), (1, 4, 8, 7, 5, 6, 2, 3), (1, 5, 6, 3)(2, 7, 8, 4) ]}
208;[ 2, 6, 6 ];{[ (1, 3)(2, 6)(4, 7)(5, 8), (1, 7, 4, 6, 2, 8), (1, 5, 8, 6, 7, 3) ]}
208;[ 2, 6, 7 ];{[ (1, 6)(3, 8)(5, 7), (2, 4, 7, 5, 6, 3, 8), (1, 6, 7, 4, 2, 3) ]}
208;[ 2, 6, 8 ];{[ (1, 3)(2, 4)(5, 7)(6, 8), (1, 3, 4, 2, 7, 6, 5, 8), (1, 6, 5, 8, 7, 4) ]:[ (1, 5)(2, 7)(3, 4)(6, 8), (1, 5, 6, 2, 8, 3, 4, 7), (1, 2, 8, 7, 3, 6) ]}
208;[ 2, 7, 8 ];{[ (1, 5)(3, 6)(4, 7), (1, 2, 7, 4, 8, 6, 5, 3), (1, 6, 8, 7, 2, 5, 3) ]:[ (1, 2)(4, 6)(5, 8), (1, 4, 6, 5, 3, 2, 8, 7), (1, 7, 5, 4, 2, 3, 8) ]}
208;[ 2, 8, 8 ];{[ (1, 5)(2, 8)(3, 7)(4, 6), (1, 6, 8, 5, 7, 4, 3, 2), (1, 8, 4, 3, 6, 5, 2, 7) ]:[ (1, 3)(2, 4)(5, 7)(6, 8), (1, 6, 4, 8, 7, 3, 5, 2), (1, 4, 8, 2, 7, 6, 3, 5) ]}
208;[ 3, 4, 4 ];{}
208;[ 3, 4, 6 ];{}
208;[ 3, 6, 6 ];{[ (1, 8, 5, 3, 2, 6), (1, 6, 7, 4, 2, 3), (1, 5, 8)(2, 4, 7) ]}
208;[ 3, 6, 8 ];{[ (3, 4, 5, 7, 8, 6), (1, 8, 7, 6, 4, 3, 2, 5), (1, 4, 8)(2, 6, 5) ]:[ (2, 5, 6, 7, 8, 3), (1, 4, 2, 3, 7, 8, 6, 5), (1, 2, 4)(6, 7, 8) ]:[ (1, 2, 4, 3, 7, 5), (1, 2, 4, 6, 5, 7, 3, 8), (1, 8, 4)(2, 5, 6) ]:[ (1, 8, 3, 4, 6, 5), (1, 4, 7, 6, 2, 5, 3, 8), (2, 4, 5)(3, 6, 7) ]}
208;[ 4, 4, 4 ];{}
208;[ 4, 4, 6 ];{}
208;[ 4, 4, 8 ];{}
209;[ 2, 2, 2, 14 ];{[ (2, 3)(5, 7)(8, 9), (1, 4)(2, 5)(8, 9), (3, 6)(4, 5)(8, 9), (1, 4, 3, 6, 2, 7, 5)(8, 9) ]:[ (1, 5)(2, 4), (3, 4)(5, 6), (2, 5)(3, 7)(8, 9), (1, 5, 4, 3, 7, 2, 6)(8, 9) ]}
209;[ 2, 2, 2, 2, 2 ];{}
209;[ 2, 2, 2, 3 ];{}
209;[ 2, 2, 2, 4 ];{}
209;[ 2, 2, 2, 6 ];{}
209;[ 2, 2, 2, 7 ];{[ (1, 3)(4, 7), (1, 5)(2, 4)(8, 9), (1, 6)(5, 7)(8, 9), (1, 6, 5, 4, 2, 7, 3) ]}
209;[ 2, 2, 3, 3 ];{[ (1, 7)(3, 4)(8, 9), (2, 7)(3, 5)(8, 9), (1, 4, 2)(3, 7, 6), (2, 3, 6)(4, 7, 5) ]}
209;[ 2, 2, 3, 4 ];{[ (1, 5)(6, 7), (1, 4)(2, 5)(8, 9), (1, 7, 6, 5)(2, 3)(8, 9), (1, 2, 3)(4, 5, 7) ]:[ (1, 2)(3, 6)(8, 9), (1, 6)(2, 3)(8, 9), (1, 5)(2, 7, 4, 6), (1, 5, 3)(4, 7, 6) ]}
209;[ 2, 2, 3, 6 ];{[ (1, 7)(5, 6), (2, 4)(6, 7)(8, 9), (1, 7, 2)(3, 4, 6)(8, 9), (1, 4, 3)(2, 5, 6) ]}
209;[ 2, 2, 3, 7 ];{[ (8, 9), (1, 3)(2, 6)(8, 9), (1, 6, 5, 4, 2, 7, 3), (2, 4, 5)(3, 7, 6) ]:[ (2, 5)(3, 7)(8, 9), (1, 2)(4, 5)(8, 9), (1, 4, 2, 6, 3, 5, 7), (1, 3, 6)(4, 5, 7) ]}
209;[ 2, 2, 4, 4 ];{[ (1, 7)(5, 6)(8, 9), (3, 6)(4, 5)(8, 9), (1, 5)(2, 7, 4, 6), (1, 4)(2, 3, 5, 7) ]:[ (1, 5)(6, 7)(8, 9), (2, 7)(4, 6)(8, 9), (1, 2, 4, 5)(3, 7)(8, 9), (2, 5, 7, 3)(4, 6)(8, 9) ]:[ (2, 7)(3, 5), (1, 3)(4, 7)(8, 9), (1, 4, 7, 3)(5, 6), (2, 7)(3, 4, 5, 6)(8, 9) ]:[ (1, 4)(2, 5), (1, 7)(3, 4), (1, 7, 5, 6)(2, 4)(8, 9), (1, 6, 2, 3)(4, 5)(8, 9) ]}
209;[ 2, 2, 4, 6 ];{[ (1, 7)(3, 4)(8, 9), (1, 7)(5, 6)(8, 9), (1, 3, 2, 6)(4, 5)(8, 9), (1, 5, 3)(2, 4, 6)(8, 9) ]:[ (1, 7)(5, 6), (1, 6)(2, 3)(8, 9), (1, 4, 7, 3)(5, 6), (1, 2, 3)(4, 5, 7)(8, 9) ]:[ (1, 4)(2, 5), (2, 7)(4, 6), (1, 2)(3, 4, 6, 5)(8, 9), (1, 7, 5)(2, 4, 3)(8, 9) ]}
209;[ 2, 3, 14 ];{[ (1, 2, 3, 7, 4, 6, 5)(8, 9), (2, 6)(4, 7)(8, 9), (1, 5, 6)(2, 4, 3) ]}
209;[ 2, 3, 3, 4 ];{[ (8, 9), (1, 5, 4, 2)(3, 7)(8, 9), (1, 5, 3)(2, 4, 6), (1, 7, 3)(2, 6, 5) ]:[ (8, 9), (1, 2, 5, 4)(6, 7)(8, 9), (2, 6, 5)(3, 7, 4), (1, 4, 6)(3, 5, 7) ]:[ (1, 4)(2, 5)(8, 9), (1, 7, 3, 4)(2, 6)(8, 9), (2, 3, 6)(4, 7, 5), (2, 5, 4)(3, 6, 7) ]}
209;[ 2, 4, 14 ];{[ (1, 2, 4, 7, 3, 5, 6)(8, 9), (3, 4)(5, 6)(8, 9), (1, 6, 3, 2)(4, 7) ]:[ (1, 2, 3, 7, 4, 6, 5)(8, 9), (2, 7)(4, 6), (1, 5, 6, 7)(2, 3)(8, 9) ]}
209;[ 2, 4, 6 ];{}
209;[ 2, 4, 7 ];{[ (3, 5)(4, 6)(8, 9), (1, 4, 7, 6, 5, 3, 2), (1, 2, 5, 4)(6, 7)(8, 9) ]}
209;[ 2, 6, 14 ];{[ (1, 4, 7, 6, 5, 3, 2)(8, 9), (2, 7)(3, 5), (1, 2, 4)(3, 6, 7)(8, 9) ]}
209;[ 2, 6, 6 ];{}
209;[ 2, 6, 7 ];{[ (1, 2)(3, 6)(8, 9), (1, 3, 7, 5, 6, 4, 2), (2, 4, 3)(5, 7, 6)(8, 9) ]}
209;[ 3, 4, 4 ];{[ (2, 5, 7, 3)(4, 6)(8, 9), (1, 3, 4, 7)(2, 5)(8, 9), (1, 5, 3)(4, 7, 6) ]}
209;[ 3, 4, 6 ];{[ (2, 3, 7, 5)(4, 6)(8, 9), (1, 6, 7)(2, 4, 3)(8, 9), (1, 3, 6)(4, 5, 7) ]:[ (1, 4, 7, 3)(5, 6)(8, 9), (1, 5, 3)(2, 7, 4)(8, 9), (1, 7, 2)(3, 6, 5) ]}
209;[ 3, 6, 6 ];{}
209;[ 4, 4, 4 ];{[ (1, 5)(2, 7, 4, 6), (2, 5, 7, 3)(4, 6)(8, 9), (1, 5, 6, 7)(2, 3)(8, 9) ]:[ (1, 3, 6, 2)(5, 7), (2, 6, 7, 4)(3, 5)(8, 9), (1, 2, 4, 5)(3, 7)(8, 9) ]}
209;[ 4, 4, 6 ];{[ (2, 7)(3, 6, 5, 4)(8, 9), (1, 4)(2, 3, 5, 7), (1, 5, 4)(3, 7, 6)(8, 9) ]}
21;[ 2, 12, 12 ];{}
21;[ 2, 12, 24 ];{}
21;[ 2, 2, 3, 12 ];{}
21;[ 2, 2, 3, 3 ];{}
21;[ 2, 2, 3, 6 ];{}
21;[ 2, 3, 12 ];{}
21;[ 2, 3, 24 ];{}
21;[ 2, 3, 3, 4 ];{}
21;[ 2, 6, 12 ];{}
21;[ 2, 6, 6 ];{}
21;[ 3, 4, 12 ];{}
21;[ 3, 4, 24 ];{}
21;[ 3, 4, 6 ];{}
21;[ 3, 6, 6 ];{}
21;[ 3, 6, 8 ];{}
210;[ 2, 2, 3, 3 ];{}
210;[ 2, 2, 3, 6 ];{}
210;[ 2, 6, 6 ];{}
210;[ 3, 6, 6 ];{[ $.1 * $.2^2 * $.3^6 * $.6, $.1 * $.2^2 * $.3^4 * $.6, $.2^2 * $.4 ]:[ $.2^2 * $.4, $.1 * $.2^2 * $.3^6 * $.4 * $.6, $.1 * $.2^2 * $.3^4 * $.5 ]:[ $.2 * $.6, $.1 * $.2 * $.3^4 * $.5 * $.6, $.1 * $.2 * $.3^6 * $.6 ]:[ $.2^2 * $.3^5, $.1 * $.2^2 * $.5, $.1 * $.2^2 * $.3^4 * $.4 * $.6 ]:[ $.2 * $.4 * $.6, $.1 * $.2 * $.3^5 * $.5 * $.6, $.1 * $.2 * $.3^4 * $.5 ]:[ $.2 * $.3^4 * $.4 * $.5, $.1 * $.2 * $.3^3, $.1 * $.2 * $.3^6 * $.5 * $.6 ]}
212;[ 2, 2, 2, 14 ];{}
212;[ 2, 2, 2, 2, 2 ];{[ $.2 * $.3^2, $.1 * $.5, $.1 * $.2 * $.3 * $.4^4, $.1 * $.2 * $.3^2 * $.5, $.1 * $.2 * $.4^3 * $.5 * $.6 ]}
212;[ 2, 2, 2, 21 ];{[ $.2 * $.3^2, $.1 * $.5, $.3^2 * $.4^2 * $.5 * $.6, $.1 * $.2 * $.3 * $.4^2 ]}
212;[ 2, 2, 2, 28 ];{[ $.2 * $.4^5 * $.5, $.2, $.1 * $.2 * $.3 * $.4^5, $.1 * $.2 * $.3 * $.6 ]}
212;[ 2, 2, 2, 3 ];{}
212;[ 2, 2, 2, 4 ];{}
212;[ 2, 2, 2, 6 ];{[ $.1 * $.5 * $.6, $.1 * $.2 * $.3^2 * $.4^5 * $.5, $.1 * $.2 * $.4^3, $.1 * $.3^2 * $.4^5 * $.6 ]}
212;[ 2, 2, 2, 7 ];{}
212;[ 2, 2, 3, 3 ];{}
212;[ 2, 2, 3, 4 ];{}
212;[ 2, 2, 3, 6 ];{}
212;[ 2, 2, 3, 7 ];{}
212;[ 2, 2, 4, 4 ];{}
212;[ 2, 2, 4, 6 ];{[ $.1 * $.4^3 * $.5 * $.6, $.1 * $.2 * $.4^2 * $.5 * $.6, $.1 * $.2 * $.3^2 * $.4^4 * $.6, $.1 * $.3 * $.4^5 * $.5 * $.6 ]:[ $.1 * $.4^6, $.1 * $.2 * $.3^2 * $.4^4 * $.5, $.1 * $.2 * $.6, $.1 * $.3^2 * $.4^2 ]}
212;[ 2, 3, 14 ];{}
212;[ 2, 3, 3, 4 ];{}
212;[ 2, 4, 14 ];{}
212;[ 2, 4, 21 ];{}
212;[ 2, 4, 28 ];{}
212;[ 2, 4, 6 ];{}
212;[ 2, 4, 7 ];{}
212;[ 2, 6, 14 ];{}
212;[ 2, 6, 6 ];{}
212;[ 2, 6, 7 ];{}
212;[ 3, 4, 4 ];{}
212;[ 3, 4, 6 ];{}
212;[ 3, 6, 6 ];{}
212;[ 4, 4, 4 ];{}
212;[ 4, 4, 6 ];{}
214;[ 2, 7, 42 ];{}
215;[ 2, 2, 2, 14 ];{}
215;[ 2, 2, 2, 2, 2 ];{[ $.5 * $.6, $.1 * $.2 * $.3^2 * $.4 * $.5, $.1 * $.2 * $.4^3 * $.5 * $.6, $.1 * $.3 * $.4^6, $.1 * $.4^4 ]:[ $.2 * $.5, $.1 * $.2 * $.4^3, $.1 * $.3^2 * $.4^2 * $.5, $.1 * $.4^6 * $.5 * $.6, $.1 * $.3 * $.6 ]}
215;[ 2, 2, 2, 21 ];{[ $.3^2 * $.4^5 * $.5 * $.6, $.2 * $.6, $.1 * $.2 * $.4^2, $.1 * $.3 * $.4^4 * $.6 ]}
215;[ 2, 2, 2, 3 ];{}
215;[ 2, 2, 2, 4 ];{[ $.1 * $.2 * $.3^2 * $.4, $.1 * $.2 * $.3 * $.4 * $.6, $.1 * $.3^2 * $.4^4 * $.5 * $.6, $.1 * $.4^4 ]}
215;[ 2, 2, 2, 42 ];{[ $.2 * $.3^2 * $.4^3 * $.5 * $.6, $.2 * $.6, $.1 * $.2 * $.3^2 * $.4^5 * $.5, $.1 * $.2 * $.4^2 ]:[ $.2 * $.3^2 * $.4^3 * $.5 * $.6, $.6, $.1 * $.2 * $.3^2 * $.5, $.1 * $.4^4 ]}
215;[ 2, 2, 2, 6 ];{}
215;[ 2, 2, 2, 7 ];{}
215;[ 2, 2, 3, 3 ];{}
215;[ 2, 2, 3, 4 ];{}
215;[ 2, 2, 3, 6 ];{}
215;[ 2, 2, 3, 7 ];{}
215;[ 2, 2, 4, 4 ];{[ $.1 * $.3^2 * $.4^4 * $.5 * $.6, $.1 * $.3^2 * $.6, $.1 * $.2 * $.4^2 * $.5 * $.6, $.1 * $.2 * $.4^6 * $.5 * $.6 ]:[ $.1 * $.2 * $.4, $.1 * $.2 * $.3 * $.4^4 * $.5 * $.6, $.1 * $.3^2 * $.4^2 * $.6, $.1 * $.3 * $.4^6 ]}
215;[ 2, 2, 4, 6 ];{}
215;[ 2, 3, 14 ];{}
215;[ 2, 3, 3, 4 ];{}
215;[ 2, 3, 42 ];{}
215;[ 2, 4, 14 ];{}
215;[ 2, 4, 21 ];{}
215;[ 2, 4, 42 ];{[ $.2 * $.3 * $.4^4 * $.5 * $.6, $.1 * $.3 * $.4^6 * $.5, $.1 * $.2 * $.4^2 ]}
215;[ 2, 4, 6 ];{}
215;[ 2, 4, 7 ];{}
215;[ 2, 6, 14 ];{}
215;[ 2, 6, 6 ];{}
215;[ 2, 6, 7 ];{}
215;[ 2, 7, 42 ];{}
215;[ 3, 4, 4 ];{}
215;[ 3, 4, 6 ];{}
215;[ 3, 6, 6 ];{}
215;[ 4, 4, 4 ];{}
215;[ 4, 4, 6 ];{}
217;[ 2, 2, 3, 3 ];{}
217;[ 2, 2, 3, 6 ];{}
217;[ 2, 3, 42 ];{}
217;[ 2, 6, 6 ];{}
217;[ 3, 6, 6 ];{}
218;[ 2, 2, 3, 3 ];{}
218;[ 2, 2, 3, 6 ];{[ $.2 * $.5, $.1 * $.2 * $.6^6, $.3, $.1 * $.3^2 * $.5 * $.6^6 ]:[ $.1 * $.2 * $.4 * $.6^3, $.1 * $.5, $.3 * $.4 * $.5 * $.6^5, $.2 * $.3^2 * $.4 ]:[ $.2, $.1 * $.4 * $.5 * $.6^5, $.3^2 * $.4 * $.6^2, $.1 * $.2 * $.3 * $.4 * $.6^6 ]:[ $.1 * $.2 * $.4 * $.6^2, $.1 * $.5 * $.6^6, $.3^2 * $.4 * $.6^5, $.2 * $.3 * $.4 * $.6^4 ]:[ $.1 * $.6^2, $.1 * $.2 * $.4 * $.5 * $.6^3, $.3 * $.4 * $.5 * $.6^3, $.2 * $.3^2 * $.4 ]:[ $.2, $.1 * $.2 * $.4 * $.5 * $.6^3, $.3 * $.4 * $.5 * $.6^5, $.1 * $.3^2 * $.4 * $.6^6 ]:[ $.2 * $.5, $.1 * $.4 * $.6, $.3^2 * $.4 * $.6^4, $.1 * $.2 * $.3 * $.4 * $.6^3 ]:[ $.2 * $.4, $.1 * $.6^5, $.3^2 * $.6^5, $.1 * $.2 * $.3 * $.4 * $.6^4 ]:[ $.1 * $.6^5, $.1 * $.2 * $.5 * $.6^3, $.3^2 * $.6^3, $.2 * $.3 * $.5 * $.6^4 ]:[ $.2 * $.4 * $.5, $.1 * $.2 * $.5 * $.6, $.3 * $.4 * $.6^6, $.1 * $.3^2 * $.5 * $.6^6 ]}
218;[ 2, 6, 6 ];{[ $.1 * $.3 * $.4 * $.6^4, $.1 * $.2 * $.5 * $.6^5, $.2 * $.3^2 * $.5 * $.6^5 ]:[ $.2 * $.3 * $.4 * $.5 * $.6^5, $.1 * $.2 * $.4 * $.6^2, $.1 * $.3^2 * $.4 * $.6 ]}
218;[ 3, 6, 6 ];{}
219;[ 2, 2, 2, 2, 2 ];{[ $.1 * $.2 * $.4 * $.5 * $.6^3, $.2 * $.3, $.1 * $.2 * $.5 * $.6^5, $.1 * $.6^3, $.1 * $.2 * $.3 * $.4 * $.5^2 * $.6 ]}
22;[ 2, 12, 12 ];{}
22;[ 3, 4, 12 ];{}
222;[ 2, 2, 3, 3 ];{}
222;[ 2, 2, 3, 6 ];{}
222;[ 2, 6, 6 ];{}
222;[ 3, 6, 6 ];{}
224;[ 2, 2, 3, 3 ];{}
224;[ 2, 3, 3, 3 ];{[ $.3 * $.4, $.1 * $.4 * $.6^5, $.1 * $.2 * $.4 * $.5 * $.6^3, $.1 * $.4 * $.5 * $.6^2 ]:[ $.3 * $.4, $.1^2 * $.4 * $.5 * $.6^6, $.1^2 * $.2 * $.3 * $.4 * $.5 * $.6^4, $.1^2 * $.5 ]}
224;[ 3, 3, 14 ];{}
224;[ 3, 3, 7 ];{}
227;[ 2, 2, 2, 2, 2 ];{[ $.2 * $.3 * $.4, $.1 * $.2 * $.6^2, $.1 * $.5 * $.6^3, $.1 * $.4 * $.5^2 * $.6^2, $.1 * $.3 * $.5 * $.6 ]}
23;[ 2, 8, 8 ];{}
24;[ 2, 8, 24 ];{}
24;[ 2, 8, 8 ];{}
25;[ 2, 8, 24 ];{}
25;[ 2, 8, 8 ];{}
26;[ 2, 12, 12 ];{}
26;[ 2, 2, 4, 4 ];{}
26;[ 2, 4, 12 ];{}
26;[ 2, 4, 28 ];{}
26;[ 2, 4, 56 ];{}
26;[ 2, 4, 8 ];{}
26;[ 2, 4, 84 ];{}
26;[ 2, 56, 84 ];{}
26;[ 2, 8, 8 ];{}
26;[ 3, 4, 12 ];{}
26;[ 3, 4, 4 ];{}
26;[ 4, 4, 4 ];{}
26;[ 4, 4, 6 ];{}
26;[ 4, 4, 8 ];{}
27;[ 2, 12, 12 ];{}
27;[ 2, 12, 24 ];{}
27;[ 2, 2, 4, 4 ];{}
27;[ 2, 24, 28 ];{}
27;[ 2, 4, 12 ];{}
27;[ 2, 4, 24 ];{}
27;[ 2, 4, 28 ];{}
27;[ 2, 4, 8 ];{}
27;[ 2, 4, 84 ];{}
27;[ 2, 8, 24 ];{}
27;[ 2, 8, 8 ];{}
27;[ 3, 4, 12 ];{}
27;[ 3, 4, 24 ];{}
27;[ 3, 4, 4 ];{}
27;[ 4, 4, 4 ];{}
27;[ 4, 4, 6 ];{}
27;[ 4, 4, 8 ];{}
28;[ 2, 12, 12 ];{}
28;[ 2, 12, 24 ];{}
28;[ 2, 2, 4, 4 ];{}
28;[ 2, 24, 28 ];{}
28;[ 2, 4, 12 ];{}
28;[ 2, 4, 24 ];{}
28;[ 2, 4, 28 ];{}
28;[ 2, 4, 56 ];{}
28;[ 2, 4, 8 ];{}
28;[ 2, 4, 84 ];{}
28;[ 2, 56, 84 ];{}
28;[ 2, 8, 24 ];{}
28;[ 2, 8, 8 ];{}
28;[ 3, 4, 12 ];{}
28;[ 3, 4, 24 ];{}
28;[ 3, 4, 4 ];{}
28;[ 4, 4, 4 ];{}
28;[ 4, 4, 6 ];{}
28;[ 4, 4, 8 ];{}
29;[ 2, 12, 12 ];{}
29;[ 2, 2, 2, 12 ];{}
29;[ 2, 2, 2, 14 ];{}
29;[ 2, 2, 2, 2, 2 ];{}
29;[ 2, 2, 2, 21 ];{}
29;[ 2, 2, 2, 28 ];{}
29;[ 2, 2, 2, 3 ];{}
29;[ 2, 2, 2, 4 ];{}
29;[ 2, 2, 2, 42 ];{}
29;[ 2, 2, 2, 6 ];{}
29;[ 2, 2, 2, 7 ];{}
29;[ 2, 2, 2, 8 ];{}
29;[ 2, 2, 2, 84 ];{}
29;[ 2, 2, 3, 12 ];{}
29;[ 2, 2, 3, 3 ];{}
29;[ 2, 2, 3, 4 ];{}
29;[ 2, 2, 3, 6 ];{}
29;[ 2, 2, 3, 7 ];{}
29;[ 2, 2, 3, 8 ];{}
29;[ 2, 2, 4, 4 ];{}
29;[ 2, 2, 4, 6 ];{}
29;[ 2, 3, 3, 4 ];{}
29;[ 2, 3, 42 ];{}
29;[ 2, 3, 84 ];{}
29;[ 2, 4, 12 ];{}
29;[ 2, 4, 14 ];{}
29;[ 2, 4, 21 ];{}
29;[ 2, 4, 28 ];{}
29;[ 2, 4, 42 ];{}
29;[ 2, 4, 8 ];{}
29;[ 2, 4, 84 ];{}
29;[ 2, 6, 12 ];{}
29;[ 2, 6, 14 ];{}
29;[ 2, 6, 6 ];{}
29;[ 2, 6, 7 ];{}
29;[ 2, 6, 8 ];{}
29;[ 2, 7, 42 ];{}
29;[ 2, 7, 8 ];{}
29;[ 2, 8, 21 ];{}
29;[ 2, 8, 42 ];{}
29;[ 2, 8, 8 ];{}
29;[ 3, 4, 12 ];{}
29;[ 3, 4, 4 ];{}
29;[ 3, 4, 6 ];{}
29;[ 3, 6, 6 ];{}
29;[ 3, 6, 8 ];{}
29;[ 3, 8, 14 ];{}
29;[ 4, 4, 4 ];{}
29;[ 4, 4, 6 ];{}
29;[ 4, 4, 8 ];{}
30;[ 2, 12, 12 ];{}
30;[ 2, 2, 2, 12 ];{}
30;[ 2, 2, 2, 14 ];{}
30;[ 2, 2, 2, 2, 2 ];{}
30;[ 2, 2, 2, 21 ];{}
30;[ 2, 2, 2, 28 ];{}
30;[ 2, 2, 2, 3 ];{}
30;[ 2, 2, 2, 4 ];{}
30;[ 2, 2, 2, 42 ];{}
30;[ 2, 2, 2, 56 ];{}
30;[ 2, 2, 2, 6 ];{[ $.1 * $.6^6, $.1 * $.3 * $.4 * $.5 * $.6, $.1 * $.2 * $.3 * $.5^2 * $.6^2, $.1 * $.2 * $.4 * $.5 ]}
30;[ 2, 2, 2, 7 ];{}
30;[ 2, 2, 2, 8 ];{}
30;[ 2, 2, 2, 84 ];{}
30;[ 2, 2, 3, 12 ];{}
30;[ 2, 2, 3, 3 ];{}
30;[ 2, 2, 3, 4 ];{}
30;[ 2, 2, 3, 6 ];{}
30;[ 2, 2, 3, 7 ];{}
30;[ 2, 2, 3, 8 ];{}
30;[ 2, 2, 4, 4 ];{}
30;[ 2, 2, 4, 6 ];{}
30;[ 2, 3, 3, 4 ];{}
30;[ 2, 3, 42 ];{}
30;[ 2, 3, 56 ];{}
30;[ 2, 3, 84 ];{}
30;[ 2, 4, 12 ];{}
30;[ 2, 4, 14 ];{}
30;[ 2, 4, 21 ];{}
30;[ 2, 4, 28 ];{}
30;[ 2, 4, 42 ];{}
30;[ 2, 4, 56 ];{}
30;[ 2, 4, 8 ];{}
30;[ 2, 4, 84 ];{}
30;[ 2, 56, 84 ];{}
30;[ 2, 6, 12 ];{}
30;[ 2, 6, 14 ];{}
30;[ 2, 6, 56 ];{[ $.2 * $.5 * $.6^4, $.1 * $.4 * $.5^2 * $.6^5, $.1 * $.2 * $.3 * $.4 * $.6 ]}
30;[ 2, 6, 6 ];{}
30;[ 2, 6, 7 ];{}
30;[ 2, 6, 8 ];{}
30;[ 2, 7, 42 ];{}
30;[ 2, 7, 8 ];{}
30;[ 2, 8, 21 ];{}
30;[ 2, 8, 42 ];{}
30;[ 2, 8, 8 ];{}
30;[ 3, 4, 12 ];{}
30;[ 3, 4, 4 ];{}
30;[ 3, 4, 6 ];{}
30;[ 3, 6, 6 ];{}
30;[ 3, 6, 8 ];{}
30;[ 3, 8, 14 ];{}
30;[ 4, 4, 4 ];{}
30;[ 4, 4, 6 ];{}
30;[ 4, 4, 8 ];{}
31;[ 2, 12, 12 ];{}
31;[ 2, 12, 24 ];{}
31;[ 2, 14, 24 ];{[ $.1 * $.4 * $.5 * $.6^4, $.2 * $.4 * $.5 * $.6^2, $.1 * $.2 * $.6^6 ]}
31;[ 2, 2, 2, 12 ];{}
31;[ 2, 2, 2, 14 ];{[ $.2 * $.3 * $.5^2, $.2 * $.3 * $.5^2 * $.6^5, $.1 * $.2 * $.5, $.1 * $.2 * $.5 * $.6^2 ]}
31;[ 2, 2, 2, 2, 2 ];{}
31;[ 2, 2, 2, 21 ];{}
31;[ 2, 2, 2, 24 ];{}
31;[ 2, 2, 2, 28 ];{}
31;[ 2, 2, 2, 3 ];{}
31;[ 2, 2, 2, 4 ];{}
31;[ 2, 2, 2, 42 ];{}
31;[ 2, 2, 2, 6 ];{}
31;[ 2, 2, 2, 7 ];{}
31;[ 2, 2, 2, 8 ];{}
31;[ 2, 2, 2, 84 ];{}
31;[ 2, 2, 3, 12 ];{}
31;[ 2, 2, 3, 3 ];{}
31;[ 2, 2, 3, 4 ];{}
31;[ 2, 2, 3, 6 ];{}
31;[ 2, 2, 3, 7 ];{}
31;[ 2, 2, 3, 8 ];{}
31;[ 2, 2, 4, 4 ];{}
31;[ 2, 2, 4, 6 ];{}
31;[ 2, 24, 28 ];{}
31;[ 2, 3, 24 ];{}
31;[ 2, 3, 3, 4 ];{}
31;[ 2, 3, 42 ];{}
31;[ 2, 3, 84 ];{}
31;[ 2, 4, 12 ];{}
31;[ 2, 4, 14 ];{}
31;[ 2, 4, 21 ];{}
31;[ 2, 4, 24 ];{}
31;[ 2, 4, 28 ];{}
31;[ 2, 4, 42 ];{}
31;[ 2, 4, 8 ];{}
31;[ 2, 4, 84 ];{}
31;[ 2, 6, 12 ];{}
31;[ 2, 6, 14 ];{}
31;[ 2, 6, 6 ];{}
31;[ 2, 6, 7 ];{}
31;[ 2, 6, 8 ];{}
31;[ 2, 7, 24 ];{}
31;[ 2, 7, 42 ];{}
31;[ 2, 7, 8 ];{}
31;[ 2, 8, 21 ];{}
31;[ 2, 8, 24 ];{}
31;[ 2, 8, 42 ];{}
31;[ 2, 8, 8 ];{}
31;[ 3, 4, 12 ];{}
31;[ 3, 4, 24 ];{}
31;[ 3, 4, 4 ];{}
31;[ 3, 4, 6 ];{}
31;[ 3, 6, 6 ];{}
31;[ 3, 6, 8 ];{}
31;[ 3, 8, 14 ];{}
31;[ 4, 4, 4 ];{}
31;[ 4, 4, 6 ];{}
31;[ 4, 4, 8 ];{}
32;[ 2, 12, 12 ];{}
32;[ 2, 2, 2, 12 ];{}
32;[ 2, 2, 2, 14 ];{}
32;[ 2, 2, 2, 2, 2 ];{}
32;[ 2, 2, 2, 21 ];{}
32;[ 2, 2, 2, 28 ];{}
32;[ 2, 2, 2, 3 ];{}
32;[ 2, 2, 2, 4 ];{}
32;[ 2, 2, 2, 42 ];{}
32;[ 2, 2, 2, 6 ];{}
32;[ 2, 2, 2, 7 ];{}
32;[ 2, 2, 2, 8 ];{}
32;[ 2, 2, 2, 84 ];{}
32;[ 2, 2, 3, 12 ];{}
32;[ 2, 2, 3, 3 ];{}
32;[ 2, 2, 3, 4 ];{}
32;[ 2, 2, 3, 6 ];{}
32;[ 2, 2, 3, 7 ];{}
32;[ 2, 2, 3, 8 ];{}
32;[ 2, 2, 4, 4 ];{}
32;[ 2, 2, 4, 6 ];{}
32;[ 2, 3, 3, 4 ];{}
32;[ 2, 3, 42 ];{}
32;[ 2, 3, 84 ];{}
32;[ 2, 4, 12 ];{}
32;[ 2, 4, 14 ];{}
32;[ 2, 4, 21 ];{}
32;[ 2, 4, 28 ];{}
32;[ 2, 4, 42 ];{}
32;[ 2, 4, 8 ];{}
32;[ 2, 4, 84 ];{}
32;[ 2, 6, 12 ];{}
32;[ 2, 6, 14 ];{}
32;[ 2, 6, 6 ];{}
32;[ 2, 6, 7 ];{}
32;[ 2, 6, 8 ];{}
32;[ 2, 7, 42 ];{}
32;[ 2, 7, 8 ];{}
32;[ 2, 8, 21 ];{}
32;[ 2, 8, 42 ];{}
32;[ 2, 8, 8 ];{}
32;[ 3, 4, 12 ];{}
32;[ 3, 4, 4 ];{}
32;[ 3, 4, 6 ];{}
32;[ 3, 6, 6 ];{}
32;[ 3, 6, 8 ];{}
32;[ 3, 8, 14 ];{}
32;[ 4, 4, 4 ];{}
32;[ 4, 4, 6 ];{}
32;[ 4, 4, 8 ];{}
33;[ 2, 12, 12 ];{}
33;[ 2, 2, 2, 12 ];{}
33;[ 2, 2, 2, 14 ];{}
33;[ 2, 2, 2, 2, 2 ];{}
33;[ 2, 2, 2, 21 ];{}
33;[ 2, 2, 2, 28 ];{}
33;[ 2, 2, 2, 3 ];{}
33;[ 2, 2, 2, 4 ];{}
33;[ 2, 2, 2, 42 ];{}
33;[ 2, 2, 2, 6 ];{}
33;[ 2, 2, 2, 7 ];{}
33;[ 2, 2, 2, 8 ];{}
33;[ 2, 2, 2, 84 ];{}
33;[ 2, 2, 3, 12 ];{}
33;[ 2, 2, 3, 3 ];{}
33;[ 2, 2, 3, 4 ];{}
33;[ 2, 2, 3, 6 ];{}
33;[ 2, 2, 3, 7 ];{}
33;[ 2, 2, 3, 8 ];{}
33;[ 2, 2, 4, 4 ];{}
33;[ 2, 2, 4, 6 ];{}
33;[ 2, 3, 3, 4 ];{}
33;[ 2, 3, 42 ];{}
33;[ 2, 3, 84 ];{}
33;[ 2, 4, 12 ];{}
33;[ 2, 4, 14 ];{}
33;[ 2, 4, 21 ];{}
33;[ 2, 4, 28 ];{}
33;[ 2, 4, 42 ];{}
33;[ 2, 4, 8 ];{}
33;[ 2, 4, 84 ];{}
33;[ 2, 6, 12 ];{}
33;[ 2, 6, 14 ];{}
33;[ 2, 6, 6 ];{}
33;[ 2, 6, 7 ];{}
33;[ 2, 6, 8 ];{}
33;[ 2, 7, 42 ];{}
33;[ 2, 7, 8 ];{}
33;[ 2, 8, 21 ];{}
33;[ 2, 8, 42 ];{}
33;[ 2, 8, 8 ];{}
33;[ 3, 4, 12 ];{}
33;[ 3, 4, 4 ];{}
33;[ 3, 4, 6 ];{}
33;[ 3, 6, 6 ];{}
33;[ 3, 6, 8 ];{}
33;[ 3, 8, 14 ];{}
33;[ 4, 4, 4 ];{}
33;[ 4, 4, 6 ];{}
33;[ 4, 4, 8 ];{}
34;[ 2, 12, 12 ];{}
34;[ 2, 2, 2, 12 ];{}
34;[ 2, 2, 2, 14 ];{}
34;[ 2, 2, 2, 2, 2 ];{}
34;[ 2, 2, 2, 21 ];{}
34;[ 2, 2, 2, 28 ];{}
34;[ 2, 2, 2, 3 ];{}
34;[ 2, 2, 2, 4 ];{}
34;[ 2, 2, 2, 42 ];{}
34;[ 2, 2, 2, 56 ];{}
34;[ 2, 2, 2, 6 ];{}
34;[ 2, 2, 2, 7 ];{}
34;[ 2, 2, 2, 8 ];{}
34;[ 2, 2, 2, 84 ];{}
34;[ 2, 2, 3, 12 ];{}
34;[ 2, 2, 3, 3 ];{}
34;[ 2, 2, 3, 4 ];{}
34;[ 2, 2, 3, 6 ];{}
34;[ 2, 2, 3, 7 ];{}
34;[ 2, 2, 3, 8 ];{}
34;[ 2, 2, 4, 4 ];{}
34;[ 2, 2, 4, 6 ];{}
34;[ 2, 3, 3, 4 ];{}
34;[ 2, 3, 42 ];{}
34;[ 2, 3, 56 ];{}
34;[ 2, 3, 84 ];{}
34;[ 2, 4, 12 ];{}
34;[ 2, 4, 14 ];{}
34;[ 2, 4, 21 ];{}
34;[ 2, 4, 28 ];{}
34;[ 2, 4, 42 ];{}
34;[ 2, 4, 56 ];{}
34;[ 2, 4, 8 ];{}
34;[ 2, 4, 84 ];{}
34;[ 2, 56, 84 ];{}
34;[ 2, 6, 12 ];{}
34;[ 2, 6, 14 ];{}
34;[ 2, 6, 56 ];{}
34;[ 2, 6, 6 ];{}
34;[ 2, 6, 7 ];{}
34;[ 2, 6, 8 ];{}
34;[ 2, 7, 42 ];{}
34;[ 2, 7, 8 ];{}
34;[ 2, 8, 21 ];{}
34;[ 2, 8, 42 ];{}
34;[ 2, 8, 8 ];{}
34;[ 3, 4, 12 ];{}
34;[ 3, 4, 4 ];{}
34;[ 3, 4, 6 ];{}
34;[ 3, 6, 6 ];{}
34;[ 3, 6, 8 ];{}
34;[ 3, 8, 14 ];{}
34;[ 4, 4, 4 ];{}
34;[ 4, 4, 6 ];{}
34;[ 4, 4, 8 ];{}
35;[ 2, 12, 12 ];{}
35;[ 2, 2, 2, 12 ];{}
35;[ 2, 2, 2, 14 ];{}
35;[ 2, 2, 2, 2, 2 ];{}
35;[ 2, 2, 2, 21 ];{}
35;[ 2, 2, 2, 28 ];{}
35;[ 2, 2, 2, 3 ];{}
35;[ 2, 2, 2, 4 ];{}
35;[ 2, 2, 2, 42 ];{}
35;[ 2, 2, 2, 56 ];{}
35;[ 2, 2, 2, 6 ];{}
35;[ 2, 2, 2, 7 ];{}
35;[ 2, 2, 2, 8 ];{}
35;[ 2, 2, 2, 84 ];{}
35;[ 2, 2, 3, 12 ];{}
35;[ 2, 2, 3, 3 ];{}
35;[ 2, 2, 3, 4 ];{}
35;[ 2, 2, 3, 6 ];{}
35;[ 2, 2, 3, 7 ];{}
35;[ 2, 2, 3, 8 ];{}
35;[ 2, 2, 4, 4 ];{}
35;[ 2, 2, 4, 6 ];{}
35;[ 2, 3, 3, 4 ];{}
35;[ 2, 3, 42 ];{}
35;[ 2, 3, 56 ];{}
35;[ 2, 3, 84 ];{}
35;[ 2, 4, 12 ];{}
35;[ 2, 4, 14 ];{}
35;[ 2, 4, 21 ];{}
35;[ 2, 4, 28 ];{}
35;[ 2, 4, 42 ];{}
35;[ 2, 4, 56 ];{}
35;[ 2, 4, 8 ];{}
35;[ 2, 4, 84 ];{}
35;[ 2, 56, 84 ];{}
35;[ 2, 6, 12 ];{}
35;[ 2, 6, 14 ];{}
35;[ 2, 6, 56 ];{}
35;[ 2, 6, 6 ];{}
35;[ 2, 6, 7 ];{}
35;[ 2, 6, 8 ];{}
35;[ 2, 7, 42 ];{}
35;[ 2, 7, 8 ];{}
35;[ 2, 8, 21 ];{}
35;[ 2, 8, 42 ];{}
35;[ 2, 8, 8 ];{}
35;[ 3, 4, 12 ];{}
35;[ 3, 4, 4 ];{}
35;[ 3, 4, 6 ];{}
35;[ 3, 6, 6 ];{}
35;[ 3, 6, 8 ];{}
35;[ 3, 8, 14 ];{}
35;[ 4, 4, 4 ];{}
35;[ 4, 4, 6 ];{}
35;[ 4, 4, 8 ];{}
36;[ 2, 12, 12 ];{}
36;[ 2, 12, 24 ];{}
36;[ 2, 14, 24 ];{}
36;[ 2, 2, 2, 12 ];{}
36;[ 2, 2, 2, 14 ];{}
36;[ 2, 2, 2, 2, 2 ];{}
36;[ 2, 2, 2, 21 ];{}
36;[ 2, 2, 2, 24 ];{}
36;[ 2, 2, 2, 28 ];{}
36;[ 2, 2, 2, 3 ];{}
36;[ 2, 2, 2, 4 ];{}
36;[ 2, 2, 2, 42 ];{}
36;[ 2, 2, 2, 6 ];{}
36;[ 2, 2, 2, 7 ];{}
36;[ 2, 2, 2, 8 ];{}
36;[ 2, 2, 2, 84 ];{}
36;[ 2, 2, 3, 12 ];{}
36;[ 2, 2, 3, 3 ];{}
36;[ 2, 2, 3, 4 ];{}
36;[ 2, 2, 3, 6 ];{}
36;[ 2, 2, 3, 7 ];{}
36;[ 2, 2, 3, 8 ];{}
36;[ 2, 2, 4, 4 ];{}
36;[ 2, 2, 4, 6 ];{}
36;[ 2, 24, 28 ];{}
36;[ 2, 3, 24 ];{}
36;[ 2, 3, 3, 4 ];{}
36;[ 2, 3, 42 ];{}
36;[ 2, 3, 84 ];{}
36;[ 2, 4, 12 ];{}
36;[ 2, 4, 14 ];{}
36;[ 2, 4, 21 ];{}
36;[ 2, 4, 24 ];{}
36;[ 2, 4, 28 ];{}
36;[ 2, 4, 42 ];{}
36;[ 2, 4, 8 ];{}
36;[ 2, 4, 84 ];{}
36;[ 2, 6, 12 ];{}
36;[ 2, 6, 14 ];{}
36;[ 2, 6, 6 ];{}
36;[ 2, 6, 7 ];{}
36;[ 2, 6, 8 ];{}
36;[ 2, 7, 24 ];{}
36;[ 2, 7, 42 ];{}
36;[ 2, 7, 8 ];{}
36;[ 2, 8, 21 ];{}
36;[ 2, 8, 24 ];{}
36;[ 2, 8, 42 ];{}
36;[ 2, 8, 8 ];{}
36;[ 3, 4, 12 ];{}
36;[ 3, 4, 24 ];{}
36;[ 3, 4, 4 ];{}
36;[ 3, 4, 6 ];{}
36;[ 3, 6, 6 ];{}
36;[ 3, 6, 8 ];{}
36;[ 3, 8, 14 ];{}
36;[ 4, 4, 4 ];{}
36;[ 4, 4, 6 ];{}
36;[ 4, 4, 8 ];{}
37;[ 2, 12, 12 ];{}
37;[ 2, 12, 24 ];{}
37;[ 2, 14, 24 ];{}
37;[ 2, 2, 2, 12 ];{}
37;[ 2, 2, 2, 14 ];{}
37;[ 2, 2, 2, 2, 2 ];{}
37;[ 2, 2, 2, 21 ];{}
37;[ 2, 2, 2, 24 ];{}
37;[ 2, 2, 2, 28 ];{}
37;[ 2, 2, 2, 3 ];{}
37;[ 2, 2, 2, 4 ];{}
37;[ 2, 2, 2, 42 ];{}
37;[ 2, 2, 2, 6 ];{}
37;[ 2, 2, 2, 7 ];{}
37;[ 2, 2, 2, 8 ];{}
37;[ 2, 2, 2, 84 ];{}
37;[ 2, 2, 3, 12 ];{}
37;[ 2, 2, 3, 3 ];{}
37;[ 2, 2, 3, 4 ];{}
37;[ 2, 2, 3, 6 ];{}
37;[ 2, 2, 3, 7 ];{}
37;[ 2, 2, 3, 8 ];{}
37;[ 2, 2, 4, 4 ];{}
37;[ 2, 2, 4, 6 ];{}
37;[ 2, 24, 28 ];{[ $.2 * $.4 * $.5^2 * $.6^5, $.1 * $.3 * $.4 * $.5^2 * $.6^2, $.1 * $.2 * $.5 * $.6^4 ]}
37;[ 2, 3, 24 ];{}
37;[ 2, 3, 3, 4 ];{}
37;[ 2, 3, 42 ];{}
37;[ 2, 3, 84 ];{}
37;[ 2, 4, 12 ];{}
37;[ 2, 4, 14 ];{}
37;[ 2, 4, 21 ];{}
37;[ 2, 4, 24 ];{}
37;[ 2, 4, 28 ];{}
37;[ 2, 4, 42 ];{}
37;[ 2, 4, 8 ];{}
37;[ 2, 4, 84 ];{}
37;[ 2, 6, 12 ];{}
37;[ 2, 6, 14 ];{}
37;[ 2, 6, 6 ];{}
37;[ 2, 6, 7 ];{}
37;[ 2, 6, 8 ];{}
37;[ 2, 7, 24 ];{}
37;[ 2, 7, 42 ];{}
37;[ 2, 7, 8 ];{}
37;[ 2, 8, 21 ];{}
37;[ 2, 8, 24 ];{}
37;[ 2, 8, 42 ];{}
37;[ 2, 8, 8 ];{}
37;[ 3, 4, 12 ];{}
37;[ 3, 4, 24 ];{}
37;[ 3, 4, 4 ];{}
37;[ 3, 4, 6 ];{}
37;[ 3, 6, 6 ];{}
37;[ 3, 6, 8 ];{}
37;[ 3, 8, 14 ];{}
37;[ 4, 4, 4 ];{}
37;[ 4, 4, 6 ];{}
37;[ 4, 4, 8 ];{}
38;[ 2, 12, 12 ];{}
38;[ 2, 2, 2, 12 ];{}
38;[ 2, 2, 2, 14 ];{}
38;[ 2, 2, 2, 2, 2 ];{}
38;[ 2, 2, 2, 21 ];{}
38;[ 2, 2, 2, 28 ];{}
38;[ 2, 2, 2, 3 ];{}
38;[ 2, 2, 2, 4 ];{}
38;[ 2, 2, 2, 42 ];{}
38;[ 2, 2, 2, 6 ];{}
38;[ 2, 2, 2, 7 ];{}
38;[ 2, 2, 2, 8 ];{}
38;[ 2, 2, 2, 84 ];{}
38;[ 2, 2, 3, 12 ];{}
38;[ 2, 2, 3, 3 ];{}
38;[ 2, 2, 3, 4 ];{}
38;[ 2, 2, 3, 6 ];{}
38;[ 2, 2, 3, 7 ];{}
38;[ 2, 2, 3, 8 ];{}
38;[ 2, 2, 4, 4 ];{}
38;[ 2, 2, 4, 6 ];{}
38;[ 2, 3, 3, 4 ];{}
38;[ 2, 3, 42 ];{}
38;[ 2, 3, 84 ];{}
38;[ 2, 4, 12 ];{}
38;[ 2, 4, 14 ];{}
38;[ 2, 4, 21 ];{}
38;[ 2, 4, 28 ];{}
38;[ 2, 4, 42 ];{}
38;[ 2, 4, 8 ];{}
38;[ 2, 4, 84 ];{}
38;[ 2, 6, 12 ];{}
38;[ 2, 6, 14 ];{}
38;[ 2, 6, 6 ];{}
38;[ 2, 6, 7 ];{}
38;[ 2, 6, 8 ];{}
38;[ 2, 7, 42 ];{}
38;[ 2, 7, 8 ];{}
38;[ 2, 8, 21 ];{}
38;[ 2, 8, 42 ];{}
38;[ 2, 8, 8 ];{}
38;[ 3, 4, 12 ];{}
38;[ 3, 4, 4 ];{}
38;[ 3, 4, 6 ];{}
38;[ 3, 6, 6 ];{}
38;[ 3, 6, 8 ];{}
38;[ 3, 8, 14 ];{}
38;[ 4, 4, 4 ];{}
38;[ 4, 4, 6 ];{}
38;[ 4, 4, 8 ];{}
39;[ 2, 12, 12 ];{}
39;[ 2, 2, 2, 12 ];{}
39;[ 2, 2, 2, 14 ];{}
39;[ 2, 2, 2, 2, 2 ];{}
39;[ 2, 2, 2, 21 ];{}
39;[ 2, 2, 2, 28 ];{}
39;[ 2, 2, 2, 3 ];{}
39;[ 2, 2, 2, 4 ];{}
39;[ 2, 2, 2, 42 ];{}
39;[ 2, 2, 2, 56 ];{}
39;[ 2, 2, 2, 6 ];{}
39;[ 2, 2, 2, 7 ];{}
39;[ 2, 2, 2, 8 ];{}
39;[ 2, 2, 2, 84 ];{}
39;[ 2, 2, 3, 12 ];{}
39;[ 2, 2, 3, 3 ];{}
39;[ 2, 2, 3, 4 ];{}
39;[ 2, 2, 3, 6 ];{}
39;[ 2, 2, 3, 7 ];{}
39;[ 2, 2, 3, 8 ];{}
39;[ 2, 2, 4, 4 ];{}
39;[ 2, 2, 4, 6 ];{}
39;[ 2, 3, 3, 4 ];{}
39;[ 2, 3, 42 ];{}
39;[ 2, 3, 56 ];{}
39;[ 2, 3, 84 ];{}
39;[ 2, 4, 12 ];{}
39;[ 2, 4, 14 ];{}
39;[ 2, 4, 21 ];{}
39;[ 2, 4, 28 ];{}
39;[ 2, 4, 42 ];{}
39;[ 2, 4, 56 ];{}
39;[ 2, 4, 8 ];{}
39;[ 2, 4, 84 ];{}
39;[ 2, 56, 84 ];{}
39;[ 2, 6, 12 ];{}
39;[ 2, 6, 14 ];{}
39;[ 2, 6, 56 ];{}
39;[ 2, 6, 6 ];{}
39;[ 2, 6, 7 ];{}
39;[ 2, 6, 8 ];{}
39;[ 2, 7, 42 ];{}
39;[ 2, 7, 8 ];{}
39;[ 2, 8, 21 ];{}
39;[ 2, 8, 42 ];{}
39;[ 2, 8, 8 ];{}
39;[ 3, 4, 12 ];{}
39;[ 3, 4, 4 ];{}
39;[ 3, 4, 6 ];{}
39;[ 3, 6, 6 ];{}
39;[ 3, 6, 8 ];{}
39;[ 3, 8, 14 ];{}
39;[ 4, 4, 4 ];{}
39;[ 4, 4, 6 ];{}
39;[ 4, 4, 8 ];{}
40;[ 2, 12, 12 ];{}
40;[ 2, 12, 24 ];{}
40;[ 2, 14, 24 ];{}
40;[ 2, 2, 2, 12 ];{}
40;[ 2, 2, 2, 14 ];{}
40;[ 2, 2, 2, 2, 2 ];{}
40;[ 2, 2, 2, 21 ];{}
40;[ 2, 2, 2, 24 ];{}
40;[ 2, 2, 2, 28 ];{}
40;[ 2, 2, 2, 3 ];{}
40;[ 2, 2, 2, 4 ];{}
40;[ 2, 2, 2, 42 ];{}
40;[ 2, 2, 2, 6 ];{}
40;[ 2, 2, 2, 7 ];{}
40;[ 2, 2, 2, 8 ];{}
40;[ 2, 2, 2, 84 ];{}
40;[ 2, 2, 3, 12 ];{}
40;[ 2, 2, 3, 3 ];{}
40;[ 2, 2, 3, 4 ];{}
40;[ 2, 2, 3, 6 ];{}
40;[ 2, 2, 3, 7 ];{}
40;[ 2, 2, 3, 8 ];{}
40;[ 2, 2, 4, 4 ];{}
40;[ 2, 2, 4, 6 ];{}
40;[ 2, 24, 28 ];{}
40;[ 2, 3, 24 ];{}
40;[ 2, 3, 3, 4 ];{}
40;[ 2, 3, 42 ];{}
40;[ 2, 3, 84 ];{}
40;[ 2, 4, 12 ];{}
40;[ 2, 4, 14 ];{}
40;[ 2, 4, 21 ];{}
40;[ 2, 4, 24 ];{}
40;[ 2, 4, 28 ];{}
40;[ 2, 4, 42 ];{}
40;[ 2, 4, 8 ];{}
40;[ 2, 4, 84 ];{}
40;[ 2, 6, 12 ];{}
40;[ 2, 6, 14 ];{}
40;[ 2, 6, 6 ];{}
40;[ 2, 6, 7 ];{}
40;[ 2, 6, 8 ];{}
40;[ 2, 7, 24 ];{}
40;[ 2, 7, 42 ];{}
40;[ 2, 7, 8 ];{}
40;[ 2, 8, 21 ];{}
40;[ 2, 8, 24 ];{}
40;[ 2, 8, 42 ];{}
40;[ 2, 8, 8 ];{}
40;[ 3, 4, 12 ];{}
40;[ 3, 4, 24 ];{}
40;[ 3, 4, 4 ];{}
40;[ 3, 4, 6 ];{}
40;[ 3, 6, 6 ];{}
40;[ 3, 6, 8 ];{}
40;[ 3, 8, 14 ];{}
40;[ 4, 4, 4 ];{}
40;[ 4, 4, 6 ];{}
40;[ 4, 4, 8 ];{}
41;[ 2, 12, 12 ];{}
41;[ 2, 2, 4, 4 ];{}
41;[ 2, 4, 12 ];{}
41;[ 2, 4, 28 ];{}
41;[ 3, 4, 12 ];{}
41;[ 3, 4, 4 ];{}
41;[ 4, 4, 4 ];{}
41;[ 4, 4, 6 ];{}
42;[ 2, 2, 4, 4 ];{}
42;[ 2, 4, 28 ];{}
42;[ 3, 4, 4 ];{}
42;[ 4, 4, 4 ];{}
42;[ 4, 4, 6 ];{}
43;[ 2, 12, 12 ];{}
43;[ 2, 2, 4, 4 ];{}
43;[ 2, 4, 12 ];{}
43;[ 3, 4, 12 ];{}
43;[ 3, 4, 4 ];{}
43;[ 4, 4, 4 ];{}
43;[ 4, 4, 6 ];{}
44;[ 2, 12, 12 ];{}
44;[ 2, 2, 4, 4 ];{}
44;[ 2, 4, 12 ];{}
44;[ 2, 4, 28 ];{}
44;[ 3, 4, 12 ];{}
44;[ 3, 4, 4 ];{}
44;[ 4, 4, 4 ];{}
44;[ 4, 4, 6 ];{}
45;[ 2, 12, 12 ];{}
45;[ 2, 2, 4, 4 ];{}
45;[ 2, 4, 12 ];{}
45;[ 2, 4, 28 ];{}
45;[ 3, 4, 12 ];{}
45;[ 3, 4, 4 ];{}
45;[ 4, 4, 4 ];{}
45;[ 4, 4, 6 ];{}
46;[ 2, 12, 12 ];{}
46;[ 2, 2, 4, 4 ];{}
46;[ 2, 4, 12 ];{}
46;[ 2, 4, 28 ];{}
46;[ 3, 4, 12 ];{}
46;[ 3, 4, 4 ];{}
46;[ 4, 4, 4 ];{}
46;[ 4, 4, 6 ];{}
47;[ 2, 12, 12 ];{}
47;[ 2, 2, 4, 4 ];{}
47;[ 2, 4, 12 ];{}
47;[ 2, 4, 28 ];{}
47;[ 3, 4, 12 ];{}
47;[ 3, 4, 4 ];{}
47;[ 4, 4, 4 ];{}
47;[ 4, 4, 6 ];{}
48;[ 2, 12, 12 ];{}
48;[ 3, 4, 12 ];{}
49;[ 2, 12, 12 ];{}
49;[ 3, 4, 12 ];{}
5;[ 2, 16, 16 ];{}
50;[ 2, 12, 12 ];{}
50;[ 3, 4, 12 ];{}
52;[ 2, 12, 12 ];{}
52;[ 2, 12, 24 ];{}
52;[ 3, 4, 12 ];{}
52;[ 3, 4, 24 ];{}
53;[ 2, 12, 12 ];{}
53;[ 2, 12, 24 ];{}
53;[ 2, 2, 3, 12 ];{}
53;[ 2, 2, 3, 3 ];{}
53;[ 2, 2, 3, 6 ];{}
53;[ 2, 3, 12 ];{}
53;[ 2, 3, 24 ];{}
53;[ 2, 3, 3, 4 ];{}
53;[ 2, 6, 12 ];{}
53;[ 2, 6, 6 ];{}
53;[ 3, 4, 12 ];{}
53;[ 3, 4, 24 ];{}
53;[ 3, 4, 6 ];{}
53;[ 3, 6, 6 ];{}
53;[ 3, 6, 8 ];{}
54;[ 2, 12, 12 ];{}
54;[ 2, 12, 24 ];{}
54;[ 2, 2, 3, 12 ];{}
54;[ 2, 2, 3, 3 ];{}
54;[ 2, 2, 3, 6 ];{}
54;[ 2, 3, 12 ];{}
54;[ 2, 3, 24 ];{}
54;[ 2, 3, 3, 4 ];{}
54;[ 2, 6, 12 ];{}
54;[ 2, 6, 6 ];{}
54;[ 3, 4, 12 ];{}
54;[ 3, 4, 24 ];{}
54;[ 3, 4, 6 ];{}
54;[ 3, 6, 6 ];{}
54;[ 3, 6, 8 ];{}
55;[ 2, 12, 12 ];{}
55;[ 2, 12, 24 ];{}
55;[ 2, 2, 3, 12 ];{}
55;[ 2, 2, 3, 3 ];{}
55;[ 2, 2, 3, 6 ];{}
55;[ 2, 3, 12 ];{}
55;[ 2, 3, 24 ];{}
55;[ 2, 3, 3, 4 ];{}
55;[ 2, 6, 12 ];{}
55;[ 2, 6, 6 ];{}
55;[ 3, 4, 12 ];{}
55;[ 3, 4, 24 ];{}
55;[ 3, 4, 6 ];{}
55;[ 3, 6, 6 ];{}
55;[ 3, 6, 8 ];{}
57;[ 2, 2, 3, 3 ];{}
57;[ 2, 3, 3, 3 ];{[ $.6, $.1 * $.4 * $.5 * $.6, $.1 * $.2 * $.3 * $.4^5, $.1 * $.2 ]:[ $.5 * $.6, $.1^2 * $.2 * $.4^4 * $.6, $.1^2 * $.2 * $.3 * $.4^3 * $.6, $.1^2 * $.4 * $.5 ]}
57;[ 2, 3, 3, 4 ];{}
57;[ 3, 3, 14 ];{}
57;[ 3, 3, 4 ];{}
57;[ 3, 3, 7 ];{}
59;[ 2, 12, 12 ];{}
59;[ 2, 12, 24 ];{}
59;[ 3, 4, 12 ];{}
59;[ 3, 4, 24 ];{}
6;[ 2, 336, 336 ];{[ $.6, $.1 * $.2^2 * $.3^5 * $.6, $.1 * $.2 * $.3^2 * $.4 * $.5 * $.6 ]}
60;[ 2, 12, 12 ];{}
60;[ 2, 12, 24 ];{}
60;[ 2, 2, 3, 12 ];{}
60;[ 2, 2, 3, 3 ];{}
60;[ 2, 2, 3, 6 ];{}
60;[ 2, 3, 3, 4 ];{}
60;[ 2, 42, 168 ];{}
60;[ 2, 6, 12 ];{}
60;[ 2, 6, 168 ];{}
60;[ 3, 4, 12 ];{}
60;[ 3, 4, 24 ];{}
60;[ 3, 4, 6 ];{}
60;[ 3, 6, 168 ];{}
60;[ 3, 6, 6 ];{}
60;[ 3, 6, 8 ];{}
61;[ 2, 12, 12 ];{}
61;[ 2, 12, 24 ];{}
61;[ 2, 2, 3, 12 ];{}
61;[ 2, 2, 3, 3 ];{}
61;[ 2, 2, 3, 6 ];{}
61;[ 2, 3, 3, 4 ];{}
61;[ 2, 42, 168 ];{}
61;[ 2, 6, 12 ];{}
61;[ 2, 6, 168 ];{[ $.2 * $.3 * $.5 * $.6^3, $.1 * $.2 * $.3^2 * $.4 * $.5 * $.6^4, $.1 * $.4 * $.6 ]}
61;[ 3, 4, 12 ];{}
61;[ 3, 4, 24 ];{}
61;[ 3, 4, 6 ];{}
61;[ 3, 6, 168 ];{}
61;[ 3, 6, 6 ];{}
61;[ 3, 6, 8 ];{}
62;[ 2, 12, 12 ];{}
62;[ 2, 12, 24 ];{}
62;[ 2, 2, 3, 12 ];{}
62;[ 2, 2, 3, 3 ];{}
62;[ 2, 2, 3, 6 ];{}
62;[ 2, 3, 3, 4 ];{}
62;[ 2, 42, 168 ];{}
62;[ 2, 6, 12 ];{}
62;[ 2, 6, 168 ];{}
62;[ 3, 4, 12 ];{}
62;[ 3, 4, 24 ];{}
62;[ 3, 4, 6 ];{}
62;[ 3, 6, 168 ];{}
62;[ 3, 6, 6 ];{}
62;[ 3, 6, 8 ];{}
64;[ 2, 12, 12 ];{}
64;[ 2, 12, 24 ];{}
64;[ 3, 4, 12 ];{}
64;[ 3, 4, 24 ];{}
65;[ 2, 12, 12 ];{}
65;[ 3, 4, 12 ];{}
66;[ 2, 12, 12 ];{}
66;[ 3, 4, 12 ];{}
67;[ 2, 12, 12 ];{}
67;[ 3, 4, 12 ];{}
68;[ 2, 12, 12 ];{}
68;[ 3, 4, 12 ];{}
69;[ 2, 12, 12 ];{}
69;[ 2, 12, 24 ];{}
69;[ 2, 2, 3, 12 ];{}
69;[ 2, 2, 3, 3 ];{}
69;[ 2, 2, 3, 6 ];{}
69;[ 2, 3, 24 ];{}
69;[ 2, 3, 3, 4 ];{}
69;[ 2, 3, 42 ];{}
69;[ 2, 3, 84 ];{}
69;[ 2, 6, 12 ];{}
69;[ 2, 6, 6 ];{}
69;[ 3, 4, 12 ];{}
69;[ 3, 4, 24 ];{}
69;[ 3, 4, 6 ];{}
69;[ 3, 6, 6 ];{}
69;[ 3, 6, 8 ];{}
70;[ 2, 12, 12 ];{}
70;[ 2, 12, 24 ];{}
70;[ 2, 2, 3, 12 ];{}
70;[ 2, 2, 3, 3 ];{}
70;[ 2, 2, 3, 6 ];{}
70;[ 2, 3, 24 ];{}
70;[ 2, 3, 3, 4 ];{}
70;[ 2, 3, 42 ];{}
70;[ 2, 3, 84 ];{}
70;[ 2, 6, 12 ];{}
70;[ 2, 6, 6 ];{}
70;[ 3, 4, 12 ];{}
70;[ 3, 4, 24 ];{}
70;[ 3, 4, 6 ];{}
70;[ 3, 6, 6 ];{}
70;[ 3, 6, 8 ];{}
71;[ 2, 12, 12 ];{}
71;[ 2, 12, 24 ];{}
71;[ 2, 2, 3, 12 ];{}
71;[ 2, 2, 3, 3 ];{}
71;[ 2, 2, 3, 6 ];{}
71;[ 2, 3, 24 ];{}
71;[ 2, 3, 3, 4 ];{}
71;[ 2, 3, 42 ];{}
71;[ 2, 3, 84 ];{}
71;[ 2, 6, 12 ];{}
71;[ 2, 6, 6 ];{}
71;[ 3, 4, 12 ];{}
71;[ 3, 4, 24 ];{}
71;[ 3, 4, 6 ];{}
71;[ 3, 6, 6 ];{}
71;[ 3, 6, 8 ];{}
72;[ 2, 12, 12 ];{}
72;[ 2, 12, 24 ];{}
72;[ 2, 2, 3, 12 ];{}
72;[ 2, 2, 3, 3 ];{}
72;[ 2, 2, 3, 6 ];{}
72;[ 2, 3, 24 ];{}
72;[ 2, 3, 3, 4 ];{}
72;[ 2, 3, 42 ];{}
72;[ 2, 3, 84 ];{}
72;[ 2, 6, 12 ];{}
72;[ 2, 6, 6 ];{}
72;[ 3, 4, 12 ];{}
72;[ 3, 4, 24 ];{}
72;[ 3, 4, 6 ];{}
72;[ 3, 6, 6 ];{}
72;[ 3, 6, 8 ];{}
73;[ 2, 12, 12 ];{}
73;[ 3, 4, 12 ];{}
75;[ 2, 56, 84 ];{}
76;[ 2, 14, 168 ];{}
76;[ 2, 42, 168 ];{}
76;[ 2, 56, 84 ];{}
76;[ 2, 7, 168 ];{}
76;[ 2, 7, 42 ];{}
77;[ 2, 14, 168 ];{[ $.1 * $.3^4 * $.4 * $.6, $.2 * $.3^3 * $.4 * $.5 * $.6^2, $.1 * $.2 ]}
77;[ 2, 42, 168 ];{}
77;[ 2, 56, 84 ];{}
77;[ 2, 7, 168 ];{}
77;[ 2, 7, 42 ];{}
78;[ 2, 14, 168 ];{}
78;[ 2, 42, 168 ];{}
78;[ 2, 56, 84 ];{}
78;[ 2, 7, 168 ];{}
78;[ 2, 7, 42 ];{}
8;[ 2, 12, 12 ];{}
8;[ 2, 12, 24 ];{}
8;[ 3, 4, 12 ];{}
8;[ 3, 4, 24 ];{}
80;[ 2, 56, 84 ];{}
85;[ 2, 56, 84 ];{}
85;[ 2, 7, 42 ];{}
86;[ 2, 56, 84 ];{}
86;[ 2, 7, 42 ];{}
87;[ 2, 56, 84 ];{[ $.2 * $.3 * $.4 * $.5 * $.6, $.1 * $.2 * $.3^6, $.1 * $.6^2 ]}
87;[ 2, 7, 42 ];{}
88;[ 2, 56, 84 ];{}
88;[ 2, 7, 42 ];{}
9;[ 2, 12, 12 ];{}
9;[ 2, 12, 24 ];{[ $.1 * $.2 * $.3 * $.4 * $.6^6, $.2 * $.3^2 * $.6^5, $.1 * $.5 * $.6^3 ]:[ $.2 * $.3 * $.4 * $.6, $.1 * $.2 * $.3^2 * $.5 * $.6^3, $.1 * $.4 * $.5 * $.6 ]}
9;[ 2, 2, 3, 12 ];{}
9;[ 2, 2, 3, 3 ];{}
9;[ 2, 2, 3, 6 ];{}
9;[ 2, 3, 12 ];{}
9;[ 2, 3, 24 ];{}
9;[ 2, 3, 3, 4 ];{}
9;[ 2, 6, 12 ];{}
9;[ 2, 6, 6 ];{}
9;[ 3, 4, 12 ];{}
9;[ 3, 4, 24 ];{}
9;[ 3, 4, 6 ];{}
9;[ 3, 6, 6 ];{}
9;[ 3, 6, 8 ];{}
90;[ 2, 8, 24 ];{}
90;[ 2, 8, 8 ];{}
91;[ 2, 12, 12 ];{}
91;[ 2, 12, 24 ];{}
91;[ 2, 2, 4, 4 ];{}
91;[ 2, 24, 28 ];{}
91;[ 2, 4, 168 ];{}
91;[ 2, 56, 84 ];{}
91;[ 2, 8, 24 ];{}
91;[ 2, 8, 8 ];{}
91;[ 3, 4, 12 ];{}
91;[ 3, 4, 24 ];{}
91;[ 4, 4, 168 ];{}
91;[ 4, 4, 4 ];{}
91;[ 4, 4, 6 ];{}
91;[ 4, 4, 8 ];{}
92;[ 2, 12, 12 ];{}
92;[ 2, 12, 24 ];{}
92;[ 2, 14, 168 ];{}
92;[ 2, 14, 24 ];{}
92;[ 2, 2, 2, 12 ];{}
92;[ 2, 2, 2, 14 ];{}
92;[ 2, 2, 2, 168 ];{}
92;[ 2, 2, 2, 2, 2 ];{}
92;[ 2, 2, 2, 21 ];{}
92;[ 2, 2, 2, 24 ];{}
92;[ 2, 2, 2, 28 ];{}
92;[ 2, 2, 2, 4 ];{}
92;[ 2, 2, 2, 42 ];{}
92;[ 2, 2, 2, 56 ];{}
92;[ 2, 2, 2, 6 ];{}
92;[ 2, 2, 2, 7 ];{}
92;[ 2, 2, 2, 8 ];{}
92;[ 2, 2, 2, 84 ];{}
92;[ 2, 2, 3, 12 ];{}
92;[ 2, 2, 3, 3 ];{}
92;[ 2, 2, 3, 4 ];{}
92;[ 2, 2, 3, 6 ];{}
92;[ 2, 2, 3, 7 ];{}
92;[ 2, 2, 3, 8 ];{}
92;[ 2, 2, 4, 4 ];{[ $.1 * $.2 * $.5 * $.6^3, $.1 * $.2 * $.5 * $.6^3, $.1 * $.5^2 * $.6^5, $.1 * $.4 * $.5^2 * $.6^5 ]}
92;[ 2, 2, 4, 6 ];{}
92;[ 2, 24, 28 ];{}
92;[ 2, 3, 3, 4 ];{}
92;[ 2, 4, 168 ];{[ $.1 * $.2 * $.3 * $.4 * $.6^4, $.2 * $.5 * $.6^2, $.1 * $.5 * $.6^6 ]}
92;[ 2, 42, 168 ];{}
92;[ 2, 56, 84 ];{}
92;[ 2, 6, 12 ];{}
92;[ 2, 6, 14 ];{}
92;[ 2, 6, 168 ];{}
92;[ 2, 6, 56 ];{}
92;[ 2, 7, 168 ];{}
92;[ 2, 7, 24 ];{}
92;[ 2, 7, 42 ];{}
92;[ 2, 8, 21 ];{}
92;[ 2, 8, 24 ];{}
92;[ 2, 8, 42 ];{}
92;[ 2, 8, 8 ];{}
92;[ 3, 4, 12 ];{}
92;[ 3, 4, 24 ];{}
92;[ 3, 4, 6 ];{}
92;[ 3, 6, 168 ];{}
92;[ 3, 6, 6 ];{}
92;[ 3, 6, 8 ];{}
92;[ 3, 8, 14 ];{}
92;[ 4, 4, 168 ];{}
92;[ 4, 4, 4 ];{}
92;[ 4, 4, 6 ];{}
92;[ 4, 4, 8 ];{}
93;[ 2, 12, 12 ];{}
93;[ 2, 12, 24 ];{}
93;[ 2, 14, 168 ];{}
93;[ 2, 14, 24 ];{}
93;[ 2, 2, 2, 12 ];{}
93;[ 2, 2, 2, 14 ];{}
93;[ 2, 2, 2, 168 ];{[ $.4, $.1 * $.5^2 * $.6^5, $.2 * $.5 * $.6^2, $.1 * $.2 * $.4 ]}
93;[ 2, 2, 2, 2, 2 ];{[ $.4, $.1 * $.5^2 * $.6^5, $.1 * $.5^2 * $.6^5, $.1 * $.2 * $.5 * $.6^3, $.1 * $.2 * $.4 * $.5 * $.6^3 ]}
93;[ 2, 2, 2, 21 ];{}
93;[ 2, 2, 2, 24 ];{}
93;[ 2, 2, 2, 28 ];{}
93;[ 2, 2, 2, 4 ];{}
93;[ 2, 2, 2, 42 ];{}
93;[ 2, 2, 2, 56 ];{}
93;[ 2, 2, 2, 6 ];{}
93;[ 2, 2, 2, 7 ];{}
93;[ 2, 2, 2, 8 ];{}
93;[ 2, 2, 2, 84 ];{}
93;[ 2, 2, 3, 12 ];{}
93;[ 2, 2, 3, 3 ];{}
93;[ 2, 2, 3, 4 ];{}
93;[ 2, 2, 3, 6 ];{}
93;[ 2, 2, 3, 7 ];{}
93;[ 2, 2, 3, 8 ];{}
93;[ 2, 2, 4, 4 ];{}
93;[ 2, 2, 4, 6 ];{}
93;[ 2, 24, 28 ];{}
93;[ 2, 3, 3, 4 ];{}
93;[ 2, 4, 168 ];{}
93;[ 2, 42, 168 ];{}
93;[ 2, 56, 84 ];{}
93;[ 2, 6, 12 ];{}
93;[ 2, 6, 14 ];{}
93;[ 2, 6, 168 ];{}
93;[ 2, 6, 56 ];{}
93;[ 2, 7, 168 ];{}
93;[ 2, 7, 24 ];{}
93;[ 2, 7, 42 ];{}
93;[ 2, 8, 21 ];{}
93;[ 2, 8, 24 ];{}
93;[ 2, 8, 42 ];{}
93;[ 2, 8, 8 ];{}
93;[ 3, 4, 12 ];{}
93;[ 3, 4, 24 ];{}
93;[ 3, 4, 6 ];{}
93;[ 3, 6, 168 ];{}
93;[ 3, 6, 6 ];{}
93;[ 3, 6, 8 ];{}
93;[ 3, 8, 14 ];{}
93;[ 4, 4, 168 ];{}
93;[ 4, 4, 4 ];{}
93;[ 4, 4, 6 ];{}
93;[ 4, 4, 8 ];{}
94;[ 2, 12, 12 ];{}
94;[ 2, 12, 24 ];{}
94;[ 2, 14, 168 ];{}
94;[ 2, 14, 24 ];{}
94;[ 2, 2, 2, 12 ];{}
94;[ 2, 2, 2, 14 ];{}
94;[ 2, 2, 2, 168 ];{}
94;[ 2, 2, 2, 2, 2 ];{}
94;[ 2, 2, 2, 21 ];{}
94;[ 2, 2, 2, 24 ];{}
94;[ 2, 2, 2, 28 ];{}
94;[ 2, 2, 2, 4 ];{}
94;[ 2, 2, 2, 42 ];{}
94;[ 2, 2, 2, 56 ];{}
94;[ 2, 2, 2, 6 ];{}
94;[ 2, 2, 2, 7 ];{}
94;[ 2, 2, 2, 8 ];{}
94;[ 2, 2, 2, 84 ];{}
94;[ 2, 2, 3, 12 ];{}
94;[ 2, 2, 3, 3 ];{}
94;[ 2, 2, 3, 4 ];{}
94;[ 2, 2, 3, 6 ];{}
94;[ 2, 2, 3, 7 ];{}
94;[ 2, 2, 3, 8 ];{}
94;[ 2, 2, 4, 4 ];{}
94;[ 2, 2, 4, 6 ];{}
94;[ 2, 24, 28 ];{}
94;[ 2, 3, 3, 4 ];{}
94;[ 2, 4, 168 ];{}
94;[ 2, 42, 168 ];{}
94;[ 2, 56, 84 ];{}
94;[ 2, 6, 12 ];{}
94;[ 2, 6, 14 ];{}
94;[ 2, 6, 168 ];{}
94;[ 2, 6, 56 ];{}
94;[ 2, 7, 168 ];{}
94;[ 2, 7, 24 ];{}
94;[ 2, 7, 42 ];{}
94;[ 2, 8, 21 ];{}
94;[ 2, 8, 24 ];{}
94;[ 2, 8, 42 ];{}
94;[ 2, 8, 8 ];{}
94;[ 3, 4, 12 ];{}
94;[ 3, 4, 24 ];{}
94;[ 3, 4, 6 ];{}
94;[ 3, 6, 168 ];{}
94;[ 3, 6, 6 ];{}
94;[ 3, 6, 8 ];{}
94;[ 3, 8, 14 ];{}
94;[ 4, 4, 168 ];{[ $.1 * $.3 * $.4 * $.6^2, $.2 * $.5 * $.6^2, $.1 * $.2 * $.3 * $.5 * $.6^4 ]}
94;[ 4, 4, 4 ];{}
94;[ 4, 4, 6 ];{}
94;[ 4, 4, 8 ];{}
95;[ 2, 8, 8 ];{}
96;[ 2, 12, 12 ];{}
96;[ 2, 2, 4, 4 ];{}
96;[ 2, 4, 12 ];{}
96;[ 2, 4, 28 ];{}
96;[ 2, 4, 8 ];{}
96;[ 2, 4, 84 ];{}
96;[ 2, 8, 8 ];{}
96;[ 3, 4, 12 ];{}
96;[ 3, 4, 4 ];{}
96;[ 4, 4, 4 ];{}
96;[ 4, 4, 6 ];{}
96;[ 4, 4, 8 ];{}
97;[ 2, 12, 12 ];{}
97;[ 2, 2, 4, 4 ];{}
97;[ 2, 4, 12 ];{}
97;[ 2, 4, 28 ];{}
97;[ 2, 4, 84 ];{}
97;[ 3, 4, 12 ];{}
97;[ 3, 4, 4 ];{}
97;[ 4, 4, 4 ];{}
97;[ 4, 4, 6 ];{}
98;[ 2, 12, 12 ];{}
98;[ 2, 2, 4, 4 ];{}
98;[ 2, 4, 12 ];{}
98;[ 2, 4, 28 ];{}
98;[ 2, 4, 84 ];{}
98;[ 3, 4, 12 ];{}
98;[ 3, 4, 4 ];{}
98;[ 4, 4, 4 ];{}
98;[ 4, 4, 6 ];{}
99;[ 2, 12, 12 ];{}
99;[ 2, 2, 4, 4 ];{}
99;[ 2, 4, 12 ];{}
99;[ 2, 4, 28 ];{}
99;[ 2, 4, 84 ];{}
99;[ 3, 4, 12 ];{}
99;[ 3, 4, 4 ];{}
99;[ 4, 4, 4 ];{}
99;[ 4, 4, 6 ];{}
