10;[ 2, 4, 12 ];{}
10;[ 2, 4, 8 ];{}
10;[ 2, 8, 108 ];{}
10;[ 2, 8, 12 ];{}
10;[ 3, 4, 4 ];{}
10;[ 3, 4, 8 ];{}
100;[ 2, 2, 3, 3 ];{}
100;[ 2, 3, 12 ];{}
100;[ 2, 3, 18 ];{}
100;[ 2, 3, 36 ];{}
100;[ 2, 6, 6 ];{}
100;[ 3, 3, 4 ];{}
100;[ 3, 3, 6 ];{}
102;[ 2, 2, 3, 3 ];{}
102;[ 2, 3, 12 ];{}
102;[ 2, 6, 6 ];{}
102;[ 3, 3, 4 ];{}
102;[ 3, 3, 6 ];{}
103;[ 2, 2, 3, 3 ];{}
103;[ 2, 3, 12 ];{}
103;[ 2, 6, 6 ];{}
103;[ 3, 3, 4 ];{}
103;[ 3, 3, 6 ];{}
104;[ 2, 2, 3, 3 ];{}
104;[ 2, 3, 12 ];{}
104;[ 2, 3, 18 ];{}
104;[ 2, 3, 24 ];{}
104;[ 2, 3, 36 ];{}
104;[ 2, 3, 72 ];{}
104;[ 2, 6, 24 ];{}
104;[ 2, 6, 6 ];{}
107;[ 2, 2, 3, 3 ];{}
107;[ 2, 3, 12 ];{}
107;[ 2, 3, 18 ];{}
107;[ 2, 3, 24 ];{}
107;[ 2, 3, 36 ];{}
107;[ 2, 3, 72 ];{}
107;[ 2, 6, 24 ];{}
107;[ 2, 6, 6 ];{}
108;[ 2, 2, 3, 3 ];{}
108;[ 2, 3, 12 ];{}
108;[ 2, 3, 18 ];{}
108;[ 2, 3, 24 ];{}
108;[ 2, 3, 36 ];{}
108;[ 2, 3, 72 ];{}
108;[ 2, 6, 24 ];{}
108;[ 2, 6, 6 ];{}
11;[ 2, 4, 12 ];{}
11;[ 3, 4, 4 ];{}
114;[ 2, 2, 3, 3 ];{}
114;[ 2, 3, 12 ];{}
114;[ 2, 3, 24 ];{}
114;[ 2, 6, 24 ];{}
114;[ 2, 6, 6 ];{}
117;[ 2, 2, 3, 3 ];{}
117;[ 2, 3, 12 ];{}
117;[ 2, 3, 24 ];{}
117;[ 2, 6, 24 ];{}
117;[ 2, 6, 6 ];{}
118;[ 2, 2, 3, 3 ];{}
118;[ 2, 3, 12 ];{}
118;[ 2, 3, 24 ];{}
118;[ 2, 6, 24 ];{[ $.1 * $.2 * $.3 * $.4 * $.5, $.2 * $.3^2 * $.6 * $.7^2, $.1 * $.5 * $.6 * $.7^2 ]}
118;[ 2, 6, 6 ];{}
119;[ 2, 2, 3, 3 ];{}
119;[ 2, 3, 12 ];{}
119;[ 2, 3, 18 ];{}
119;[ 2, 3, 24 ];{}
119;[ 2, 3, 36 ];{}
119;[ 2, 3, 72 ];{}
119;[ 2, 6, 24 ];{}
119;[ 2, 6, 6 ];{}
12;[ 2, 4, 12 ];{}
12;[ 3, 4, 4 ];{}
122;[ 2, 2, 3, 3 ];{}
122;[ 2, 3, 12 ];{}
122;[ 2, 3, 18 ];{}
122;[ 2, 3, 24 ];{}
122;[ 2, 3, 36 ];{}
122;[ 2, 3, 72 ];{}
122;[ 2, 6, 24 ];{}
122;[ 2, 6, 6 ];{}
123;[ 2, 2, 3, 3 ];{}
123;[ 2, 3, 12 ];{}
123;[ 2, 3, 18 ];{}
123;[ 2, 3, 24 ];{}
123;[ 2, 3, 36 ];{}
123;[ 2, 3, 72 ];{}
123;[ 2, 6, 24 ];{}
123;[ 2, 6, 6 ];{}
13;[ 2, 4, 12 ];{}
13;[ 3, 4, 4 ];{}
14;[ 2, 4, 12 ];{}
14;[ 3, 4, 4 ];{}
148;[ 2, 2, 3, 3 ];{}
148;[ 2, 3, 12 ];{}
148;[ 2, 3, 18 ];{}
148;[ 2, 3, 24 ];{}
148;[ 2, 3, 36 ];{}
148;[ 2, 6, 24 ];{}
148;[ 2, 6, 6 ];{}
149;[ 2, 2, 3, 3 ];{}
149;[ 2, 3, 12 ];{}
149;[ 2, 3, 18 ];{}
149;[ 2, 3, 24 ];{}
149;[ 2, 3, 36 ];{}
149;[ 2, 6, 24 ];{}
149;[ 2, 6, 6 ];{}
15;[ 2, 2, 2, 12 ];{}
15;[ 2, 2, 2, 18 ];{}
15;[ 2, 2, 2, 3 ];{}
15;[ 2, 2, 2, 4 ];{}
15;[ 2, 2, 2, 6 ];{}
15;[ 2, 2, 2, 8 ];{}
15;[ 2, 2, 2, 9 ];{}
15;[ 2, 2, 3, 3 ];{}
15;[ 2, 2, 3, 4 ];{}
15;[ 2, 3, 108 ];{}
15;[ 2, 3, 36 ];{}
15;[ 2, 3, 54 ];{}
15;[ 2, 4, 12 ];{}
15;[ 2, 4, 18 ];{}
15;[ 2, 4, 8 ];{}
15;[ 2, 4, 9 ];{}
15;[ 2, 6, 6 ];{}
15;[ 2, 8, 108 ];{}
15;[ 2, 8, 12 ];{}
15;[ 3, 4, 4 ];{}
15;[ 3, 4, 8 ];{}
152;[ 2, 2, 3, 3 ];{}
152;[ 2, 3, 12 ];{}
152;[ 2, 3, 24 ];{}
152;[ 2, 6, 24 ];{}
152;[ 2, 6, 6 ];{}
153;[ 2, 2, 3, 3 ];{}
153;[ 2, 3, 12 ];{}
153;[ 2, 3, 24 ];{}
153;[ 2, 6, 24 ];{[ $.2 * $.3 * $.4 * $.5 * $.6^2, $.1 * $.2 * $.3^2 * $.5 * $.6^2 * $.7, $.1 ]}
153;[ 2, 6, 6 ];{}
154;[ 2, 2, 3, 3 ];{}
154;[ 2, 3, 12 ];{}
154;[ 2, 3, 18 ];{}
154;[ 2, 3, 24 ];{}
154;[ 2, 3, 36 ];{}
154;[ 2, 6, 24 ];{}
154;[ 2, 6, 6 ];{}
155;[ 2, 2, 3, 3 ];{}
155;[ 2, 3, 12 ];{}
155;[ 2, 3, 18 ];{}
155;[ 2, 3, 24 ];{}
155;[ 2, 3, 36 ];{}
155;[ 2, 6, 24 ];{}
155;[ 2, 6, 6 ];{}
156;[ 2, 2, 3, 3 ];{}
156;[ 2, 3, 12 ];{}
156;[ 2, 3, 18 ];{}
156;[ 2, 3, 24 ];{}
156;[ 2, 3, 36 ];{}
156;[ 2, 6, 24 ];{}
156;[ 2, 6, 6 ];{}
157;[ 2, 2, 3, 3 ];{}
157;[ 2, 3, 12 ];{}
157;[ 2, 3, 18 ];{}
157;[ 2, 3, 24 ];{}
157;[ 2, 3, 36 ];{}
157;[ 2, 6, 24 ];{}
157;[ 2, 6, 6 ];{}
16;[ 2, 2, 2, 12 ];{}
16;[ 2, 2, 2, 18 ];{}
16;[ 2, 2, 2, 3 ];{}
16;[ 2, 2, 2, 4 ];{}
16;[ 2, 2, 2, 6 ];{}
16;[ 2, 2, 2, 8 ];{}
16;[ 2, 2, 2, 9 ];{}
16;[ 2, 2, 3, 3 ];{}
16;[ 2, 2, 3, 4 ];{}
16;[ 2, 3, 108 ];{}
16;[ 2, 3, 36 ];{}
16;[ 2, 3, 54 ];{}
16;[ 2, 4, 12 ];{}
16;[ 2, 4, 18 ];{}
16;[ 2, 4, 8 ];{}
16;[ 2, 4, 9 ];{}
16;[ 2, 6, 6 ];{}
16;[ 2, 8, 108 ];{}
16;[ 2, 8, 12 ];{}
16;[ 3, 4, 4 ];{}
16;[ 3, 4, 8 ];{}
160;[ 2, 2, 3, 3 ];{}
160;[ 2, 3, 12 ];{}
160;[ 2, 3, 24 ];{}
160;[ 2, 6, 24 ];{}
160;[ 2, 6, 6 ];{}
161;[ 2, 2, 3, 3 ];{}
161;[ 2, 3, 12 ];{}
161;[ 2, 3, 24 ];{}
161;[ 2, 6, 24 ];{}
161;[ 2, 6, 6 ];{}
162;[ 2, 2, 3, 3 ];{}
162;[ 2, 3, 12 ];{}
162;[ 2, 3, 18 ];{}
162;[ 2, 3, 24 ];{}
162;[ 2, 3, 36 ];{}
162;[ 2, 6, 24 ];{}
162;[ 2, 6, 6 ];{}
163;[ 2, 2, 3, 3 ];{}
163;[ 2, 3, 12 ];{}
163;[ 2, 3, 18 ];{}
163;[ 2, 3, 24 ];{}
163;[ 2, 3, 36 ];{}
163;[ 2, 6, 24 ];{}
163;[ 2, 6, 6 ];{}
168;[ 2, 2, 2, 12 ];{}
168;[ 2, 2, 2, 18 ];{}
168;[ 2, 2, 2, 24 ];{}
168;[ 2, 2, 2, 3 ];{}
168;[ 2, 2, 2, 4 ];{}
168;[ 2, 2, 2, 6 ];{}
168;[ 2, 2, 2, 8 ];{}
168;[ 2, 2, 2, 9 ];{}
168;[ 2, 2, 3, 3 ];{}
168;[ 2, 2, 3, 4 ];{}
168;[ 2, 3, 12 ];{}
168;[ 2, 3, 18 ];{}
168;[ 2, 3, 24 ];{}
168;[ 2, 3, 36 ];{}
168;[ 2, 3, 72 ];{}
168;[ 2, 4, 12 ];{}
168;[ 2, 4, 18 ];{}
168;[ 2, 4, 6 ];{}
168;[ 2, 4, 8 ];{}
168;[ 2, 4, 9 ];{}
168;[ 2, 6, 24 ];{}
168;[ 2, 6, 6 ];{}
168;[ 2, 8, 12 ];{}
168;[ 3, 4, 4 ];{}
168;[ 3, 4, 8 ];{}
17;[ 2, 2, 2, 12 ];{}
17;[ 2, 2, 2, 18 ];{}
17;[ 2, 2, 2, 3 ];{}
17;[ 2, 2, 2, 4 ];{}
17;[ 2, 2, 2, 6 ];{}
17;[ 2, 2, 2, 8 ];{}
17;[ 2, 2, 2, 9 ];{}
17;[ 2, 2, 3, 3 ];{}
17;[ 2, 2, 3, 4 ];{}
17;[ 2, 3, 108 ];{}
17;[ 2, 3, 36 ];{}
17;[ 2, 3, 54 ];{}
17;[ 2, 4, 12 ];{}
17;[ 2, 4, 18 ];{}
17;[ 2, 4, 8 ];{}
17;[ 2, 4, 9 ];{}
17;[ 2, 6, 6 ];{}
17;[ 2, 8, 108 ];{}
17;[ 2, 8, 12 ];{}
17;[ 3, 4, 4 ];{}
17;[ 3, 4, 8 ];{}
170;[ 2, 4, 12 ];{}
170;[ 2, 4, 8 ];{}
170;[ 2, 8, 12 ];{}
170;[ 3, 4, 4 ];{}
170;[ 3, 4, 8 ];{}
171;[ 2, 2, 2, 12 ];{}
171;[ 2, 2, 2, 18 ];{}
171;[ 2, 2, 2, 24 ];{}
171;[ 2, 2, 2, 3 ];{}
171;[ 2, 2, 2, 4 ];{}
171;[ 2, 2, 2, 6 ];{}
171;[ 2, 2, 2, 8 ];{}
171;[ 2, 2, 2, 9 ];{}
171;[ 2, 2, 3, 3 ];{}
171;[ 2, 2, 3, 4 ];{}
171;[ 2, 3, 12 ];{}
171;[ 2, 3, 18 ];{}
171;[ 2, 3, 24 ];{}
171;[ 2, 3, 36 ];{}
171;[ 2, 3, 72 ];{}
171;[ 2, 4, 12 ];{}
171;[ 2, 4, 18 ];{}
171;[ 2, 4, 6 ];{}
171;[ 2, 4, 8 ];{}
171;[ 2, 4, 9 ];{}
171;[ 2, 6, 24 ];{}
171;[ 2, 6, 6 ];{}
171;[ 2, 8, 12 ];{}
171;[ 3, 4, 4 ];{}
171;[ 3, 4, 8 ];{}
172;[ 2, 2, 2, 12 ];{}
172;[ 2, 2, 2, 18 ];{}
172;[ 2, 2, 2, 24 ];{}
172;[ 2, 2, 2, 3 ];{}
172;[ 2, 2, 2, 4 ];{}
172;[ 2, 2, 2, 6 ];{}
172;[ 2, 2, 2, 8 ];{}
172;[ 2, 2, 2, 9 ];{}
172;[ 2, 2, 3, 3 ];{}
172;[ 2, 2, 3, 4 ];{}
172;[ 2, 3, 12 ];{}
172;[ 2, 3, 18 ];{}
172;[ 2, 3, 24 ];{}
172;[ 2, 3, 36 ];{}
172;[ 2, 3, 72 ];{}
172;[ 2, 4, 12 ];{}
172;[ 2, 4, 18 ];{}
172;[ 2, 4, 6 ];{}
172;[ 2, 4, 8 ];{}
172;[ 2, 4, 9 ];{}
172;[ 2, 6, 24 ];{}
172;[ 2, 6, 6 ];{}
172;[ 2, 8, 12 ];{}
172;[ 3, 4, 4 ];{}
172;[ 3, 4, 8 ];{}
174;[ 2, 4, 12 ];{}
174;[ 2, 4, 8 ];{}
174;[ 2, 8, 12 ];{}
174;[ 3, 4, 4 ];{}
174;[ 3, 4, 8 ];{}
175;[ 2, 2, 2, 12 ];{}
175;[ 2, 2, 2, 24 ];{}
175;[ 2, 2, 2, 3 ];{}
175;[ 2, 2, 2, 4 ];{}
175;[ 2, 2, 2, 6 ];{}
175;[ 2, 2, 2, 8 ];{}
175;[ 2, 2, 3, 3 ];{}
175;[ 2, 2, 3, 4 ];{}
175;[ 2, 3, 12 ];{}
175;[ 2, 3, 24 ];{}
175;[ 2, 3, 8 ];{}
175;[ 2, 4, 12 ];{}
175;[ 2, 4, 6 ];{}
175;[ 2, 4, 8 ];{}
175;[ 2, 6, 24 ];{}
175;[ 2, 6, 6 ];{}
175;[ 2, 8, 12 ];{}
175;[ 3, 4, 4 ];{}
175;[ 3, 4, 8 ];{}
176;[ 2, 2, 2, 12 ];{}
176;[ 2, 2, 2, 24 ];{}
176;[ 2, 2, 2, 3 ];{}
176;[ 2, 2, 2, 4 ];{}
176;[ 2, 2, 2, 6 ];{[ $.1 * $.4 * $.5 * $.6 * $.7^2, $.1 * $.3 * $.5, $.1 * $.2 * $.3 * $.5^2 * $.7, $.1 * $.2 * $.4 * $.5^2 * $.6 * $.7 ]}
176;[ 2, 2, 2, 8 ];{}
176;[ 2, 2, 3, 3 ];{}
176;[ 2, 2, 3, 4 ];{}
176;[ 2, 3, 12 ];{}
176;[ 2, 3, 24 ];{}
176;[ 2, 3, 8 ];{}
176;[ 2, 4, 12 ];{}
176;[ 2, 4, 6 ];{}
176;[ 2, 4, 8 ];{}
176;[ 2, 6, 24 ];{}
176;[ 2, 6, 6 ];{}
176;[ 2, 8, 12 ];{}
176;[ 3, 4, 4 ];{}
176;[ 3, 4, 8 ];{}
177;[ 2, 2, 2, 12 ];{}
177;[ 2, 2, 2, 24 ];{}
177;[ 2, 2, 2, 3 ];{}
177;[ 2, 2, 2, 4 ];{}
177;[ 2, 2, 2, 6 ];{}
177;[ 2, 2, 2, 8 ];{}
177;[ 2, 2, 3, 3 ];{}
177;[ 2, 2, 3, 4 ];{}
177;[ 2, 3, 12 ];{}
177;[ 2, 3, 24 ];{}
177;[ 2, 3, 8 ];{}
177;[ 2, 4, 12 ];{}
177;[ 2, 4, 6 ];{}
177;[ 2, 4, 8 ];{}
177;[ 2, 6, 24 ];{}
177;[ 2, 6, 6 ];{}
177;[ 2, 8, 12 ];{}
177;[ 3, 4, 4 ];{}
177;[ 3, 4, 8 ];{}
179;[ 2, 4, 12 ];{}
179;[ 2, 4, 8 ];{}
179;[ 2, 8, 12 ];{}
179;[ 3, 4, 4 ];{}
179;[ 3, 4, 8 ];{}
18;[ 2, 2, 2, 12 ];{}
18;[ 2, 2, 2, 18 ];{}
18;[ 2, 2, 2, 3 ];{}
18;[ 2, 2, 2, 4 ];{}
18;[ 2, 2, 2, 6 ];{}
18;[ 2, 2, 2, 8 ];{}
18;[ 2, 2, 2, 9 ];{}
18;[ 2, 2, 3, 3 ];{}
18;[ 2, 2, 3, 4 ];{}
18;[ 2, 3, 108 ];{}
18;[ 2, 3, 36 ];{}
18;[ 2, 3, 54 ];{}
18;[ 2, 4, 12 ];{}
18;[ 2, 4, 18 ];{}
18;[ 2, 4, 8 ];{}
18;[ 2, 4, 9 ];{}
18;[ 2, 6, 6 ];{}
18;[ 2, 8, 108 ];{[ $.2 * $.3 * $.4 * $.5 * $.6 * $.7^2, $.1 * $.2 * $.3 * $.6 * $.7^2, $.1 * $.3 * $.5^2 * $.6 ]}
18;[ 2, 8, 12 ];{}
18;[ 3, 4, 4 ];{}
18;[ 3, 4, 8 ];{}
180;[ 2, 4, 12 ];{}
180;[ 3, 4, 4 ];{}
181;[ 2, 4, 12 ];{}
181;[ 3, 4, 4 ];{}
182;[ 2, 4, 12 ];{}
182;[ 3, 4, 4 ];{}
183;[ 2, 4, 12 ];{}
183;[ 3, 4, 4 ];{}
185;[ 2, 4, 12 ];{}
185;[ 2, 4, 8 ];{}
185;[ 2, 8, 12 ];{}
185;[ 3, 4, 4 ];{}
185;[ 3, 4, 8 ];{}
186;[ 2, 4, 12 ];{}
186;[ 3, 4, 4 ];{}
187;[ 2, 4, 12 ];{}
187;[ 3, 4, 4 ];{}
188;[ 2, 4, 12 ];{}
188;[ 3, 4, 4 ];{}
189;[ 2, 4, 12 ];{}
189;[ 3, 4, 4 ];{}
19;[ 3, 4, 4 ];{}
190;[ 2, 2, 2, 12 ];{}
190;[ 2, 2, 2, 18 ];{}
190;[ 2, 2, 2, 3 ];{}
190;[ 2, 2, 2, 4 ];{}
190;[ 2, 2, 2, 6 ];{}
190;[ 2, 2, 2, 8 ];{}
190;[ 2, 2, 2, 9 ];{}
190;[ 2, 2, 3, 3 ];{}
190;[ 2, 2, 3, 4 ];{}
190;[ 2, 3, 12 ];{}
190;[ 2, 3, 18 ];{}
190;[ 2, 3, 36 ];{}
190;[ 2, 3, 8 ];{}
190;[ 2, 4, 12 ];{}
190;[ 2, 4, 18 ];{}
190;[ 2, 4, 6 ];{}
190;[ 2, 4, 8 ];{}
190;[ 2, 4, 9 ];{}
190;[ 2, 6, 6 ];{}
190;[ 2, 8, 12 ];{}
190;[ 3, 4, 4 ];{}
190;[ 3, 4, 8 ];{}
191;[ 2, 2, 2, 12 ];{}
191;[ 2, 2, 2, 18 ];{}
191;[ 2, 2, 2, 3 ];{}
191;[ 2, 2, 2, 4 ];{}
191;[ 2, 2, 2, 6 ];{}
191;[ 2, 2, 2, 8 ];{}
191;[ 2, 2, 2, 9 ];{}
191;[ 2, 2, 3, 3 ];{}
191;[ 2, 2, 3, 4 ];{}
191;[ 2, 3, 12 ];{}
191;[ 2, 3, 18 ];{}
191;[ 2, 3, 36 ];{}
191;[ 2, 3, 8 ];{}
191;[ 2, 4, 12 ];{}
191;[ 2, 4, 18 ];{}
191;[ 2, 4, 6 ];{}
191;[ 2, 4, 8 ];{}
191;[ 2, 4, 9 ];{}
191;[ 2, 6, 6 ];{}
191;[ 2, 8, 12 ];{}
191;[ 3, 4, 4 ];{}
191;[ 3, 4, 8 ];{}
192;[ 2, 2, 2, 12 ];{}
192;[ 2, 2, 2, 24 ];{}
192;[ 2, 2, 2, 3 ];{}
192;[ 2, 2, 2, 4 ];{}
192;[ 2, 2, 2, 6 ];{}
192;[ 2, 2, 2, 8 ];{}
192;[ 2, 2, 3, 3 ];{}
192;[ 2, 2, 3, 4 ];{}
192;[ 2, 3, 12 ];{}
192;[ 2, 3, 24 ];{}
192;[ 2, 3, 8 ];{}
192;[ 2, 4, 12 ];{}
192;[ 2, 4, 6 ];{}
192;[ 2, 4, 8 ];{}
192;[ 2, 6, 24 ];{}
192;[ 2, 6, 6 ];{}
192;[ 2, 8, 12 ];{}
192;[ 3, 4, 4 ];{}
192;[ 3, 4, 8 ];{}
193;[ 2, 2, 2, 12 ];{}
193;[ 2, 2, 2, 24 ];{}
193;[ 2, 2, 2, 3 ];{}
193;[ 2, 2, 2, 4 ];{}
193;[ 2, 2, 2, 6 ];{}
193;[ 2, 2, 2, 8 ];{}
193;[ 2, 2, 3, 3 ];{}
193;[ 2, 2, 3, 4 ];{}
193;[ 2, 3, 12 ];{}
193;[ 2, 3, 24 ];{}
193;[ 2, 3, 8 ];{}
193;[ 2, 4, 12 ];{}
193;[ 2, 4, 6 ];{}
193;[ 2, 4, 8 ];{}
193;[ 2, 6, 24 ];{}
193;[ 2, 6, 6 ];{}
193;[ 2, 8, 12 ];{}
193;[ 3, 4, 4 ];{}
193;[ 3, 4, 8 ];{}
194;[ 2, 2, 2, 12 ];{}
194;[ 2, 2, 2, 18 ];{}
194;[ 2, 2, 2, 3 ];{}
194;[ 2, 2, 2, 4 ];{}
194;[ 2, 2, 2, 6 ];{}
194;[ 2, 2, 2, 8 ];{}
194;[ 2, 2, 2, 9 ];{}
194;[ 2, 2, 3, 3 ];{}
194;[ 2, 2, 3, 4 ];{}
194;[ 2, 3, 12 ];{}
194;[ 2, 3, 18 ];{}
194;[ 2, 3, 36 ];{}
194;[ 2, 3, 8 ];{}
194;[ 2, 4, 12 ];{}
194;[ 2, 4, 18 ];{}
194;[ 2, 4, 6 ];{}
194;[ 2, 4, 8 ];{}
194;[ 2, 4, 9 ];{}
194;[ 2, 6, 6 ];{}
194;[ 2, 8, 12 ];{}
194;[ 3, 4, 4 ];{}
194;[ 3, 4, 8 ];{}
195;[ 2, 2, 2, 12 ];{}
195;[ 2, 2, 2, 18 ];{}
195;[ 2, 2, 2, 3 ];{}
195;[ 2, 2, 2, 4 ];{}
195;[ 2, 2, 2, 6 ];{}
195;[ 2, 2, 2, 8 ];{}
195;[ 2, 2, 2, 9 ];{}
195;[ 2, 2, 3, 3 ];{}
195;[ 2, 2, 3, 4 ];{}
195;[ 2, 3, 12 ];{}
195;[ 2, 3, 18 ];{}
195;[ 2, 3, 36 ];{}
195;[ 2, 3, 8 ];{}
195;[ 2, 4, 12 ];{}
195;[ 2, 4, 18 ];{}
195;[ 2, 4, 6 ];{}
195;[ 2, 4, 8 ];{}
195;[ 2, 4, 9 ];{}
195;[ 2, 6, 6 ];{}
195;[ 2, 8, 12 ];{}
195;[ 3, 4, 4 ];{}
195;[ 3, 4, 8 ];{}
196;[ 2, 2, 2, 12 ];{}
196;[ 2, 2, 2, 24 ];{}
196;[ 2, 2, 2, 3 ];{}
196;[ 2, 2, 2, 4 ];{}
196;[ 2, 2, 2, 6 ];{}
196;[ 2, 2, 2, 8 ];{}
196;[ 2, 2, 3, 3 ];{}
196;[ 2, 2, 3, 4 ];{}
196;[ 2, 3, 12 ];{}
196;[ 2, 3, 24 ];{}
196;[ 2, 3, 8 ];{}
196;[ 2, 4, 12 ];{}
196;[ 2, 4, 6 ];{}
196;[ 2, 4, 8 ];{}
196;[ 2, 6, 24 ];{}
196;[ 2, 6, 6 ];{}
196;[ 2, 8, 12 ];{}
196;[ 3, 4, 4 ];{}
196;[ 3, 4, 8 ];{}
197;[ 2, 2, 2, 12 ];{}
197;[ 2, 2, 2, 24 ];{}
197;[ 2, 2, 2, 3 ];{}
197;[ 2, 2, 2, 4 ];{}
197;[ 2, 2, 2, 6 ];{}
197;[ 2, 2, 2, 8 ];{}
197;[ 2, 2, 3, 3 ];{}
197;[ 2, 2, 3, 4 ];{}
197;[ 2, 3, 12 ];{}
197;[ 2, 3, 24 ];{}
197;[ 2, 3, 8 ];{}
197;[ 2, 4, 12 ];{}
197;[ 2, 4, 6 ];{}
197;[ 2, 4, 8 ];{}
197;[ 2, 6, 24 ];{}
197;[ 2, 6, 6 ];{}
197;[ 2, 8, 12 ];{}
197;[ 3, 4, 4 ];{}
197;[ 3, 4, 8 ];{}
198;[ 3, 4, 4 ];{}
199;[ 2, 4, 12 ];{}
199;[ 3, 4, 4 ];{}
216;[ 2, 2, 3, 3 ];{}
216;[ 2, 3, 12 ];{}
216;[ 2, 3, 24 ];{}
216;[ 2, 6, 24 ];{}
216;[ 2, 6, 6 ];{}
217;[ 2, 2, 3, 3 ];{}
217;[ 2, 3, 12 ];{}
217;[ 2, 3, 18 ];{}
217;[ 2, 3, 24 ];{}
217;[ 2, 3, 36 ];{}
217;[ 2, 3, 72 ];{}
217;[ 2, 6, 24 ];{}
217;[ 2, 6, 6 ];{}
219;[ 2, 2, 3, 3 ];{}
219;[ 2, 3, 12 ];{}
219;[ 2, 3, 24 ];{}
219;[ 2, 6, 24 ];{}
219;[ 2, 6, 6 ];{}
220;[ 2, 2, 3, 3 ];{}
220;[ 2, 3, 12 ];{}
220;[ 2, 3, 18 ];{}
220;[ 2, 3, 24 ];{}
220;[ 2, 3, 36 ];{}
220;[ 2, 3, 72 ];{}
220;[ 2, 6, 24 ];{}
220;[ 2, 6, 6 ];{}
222;[ 2, 2, 3, 3 ];{}
222;[ 2, 3, 12 ];{}
222;[ 2, 3, 24 ];{}
222;[ 2, 6, 24 ];{}
222;[ 2, 6, 6 ];{}
223;[ 2, 2, 3, 3 ];{}
223;[ 2, 3, 12 ];{}
223;[ 2, 3, 18 ];{}
223;[ 2, 3, 24 ];{}
223;[ 2, 3, 36 ];{}
223;[ 2, 3, 72 ];{}
223;[ 2, 6, 24 ];{}
223;[ 2, 6, 6 ];{}
224;[ 2, 2, 2, 18 ];{}
224;[ 2, 2, 2, 3 ];{}
224;[ 2, 2, 2, 4 ];{[ $.1 * $.2 * $.3^2 * $.4^2 * $.5^2 * $.6, $.1 * $.2 * $.3 * $.5, $.1 * $.3^2 * $.7, $.1 * $.4 * $.5 ]}
224;[ 2, 2, 2, 6 ];{}
224;[ 2, 2, 2, 9 ];{}
224;[ 2, 2, 3, 3 ];{}
224;[ 2, 2, 3, 4 ];{}
224;[ 2, 3, 18 ];{}
224;[ 2, 3, 54 ];{}
224;[ 2, 4, 18 ];{}
224;[ 2, 4, 6 ];{}
224;[ 2, 4, 9 ];{}
224;[ 2, 6, 6 ];{}
224;[ 3, 4, 4 ];{}
234;[ 2, 2, 2, 12 ];{}
234;[ 2, 2, 2, 24 ];{}
234;[ 2, 2, 2, 3 ];{}
234;[ 2, 2, 2, 4 ];{}
234;[ 2, 2, 2, 6 ];{}
234;[ 2, 2, 2, 8 ];{}
234;[ 2, 2, 3, 3 ];{}
234;[ 2, 2, 3, 4 ];{}
234;[ 2, 3, 12 ];{}
234;[ 2, 3, 24 ];{}
234;[ 2, 3, 8 ];{}
234;[ 2, 4, 12 ];{}
234;[ 2, 4, 6 ];{}
234;[ 2, 4, 8 ];{}
234;[ 2, 6, 24 ];{}
234;[ 2, 6, 6 ];{}
234;[ 2, 8, 12 ];{[ $.1 * $.2 * $.4 * $.5^2 * $.7, $.2 * $.3 * $.6^2 * $.7, $.1 * $.3 ]}
234;[ 3, 4, 4 ];{}
234;[ 3, 4, 8 ];{}
235;[ 2, 2, 2, 12 ];{}
235;[ 2, 2, 2, 24 ];{}
235;[ 2, 2, 2, 3 ];{}
235;[ 2, 2, 2, 4 ];{}
235;[ 2, 2, 2, 6 ];{[ $.2 * $.7^2, $.1 * $.3 * $.4 * $.7^2, $.1 * $.5^2 * $.7^2, $.2 * $.3 * $.6^2 * $.7^2 ]}
235;[ 2, 2, 2, 8 ];{}
235;[ 2, 2, 3, 3 ];{}
235;[ 2, 2, 3, 4 ];{}
235;[ 2, 3, 12 ];{}
235;[ 2, 3, 24 ];{}
235;[ 2, 3, 8 ];{}
235;[ 2, 4, 12 ];{}
235;[ 2, 4, 6 ];{}
235;[ 2, 4, 8 ];{}
235;[ 2, 6, 24 ];{[ $.1 * $.2 * $.3 * $.5^2 * $.7, $.2 * $.5^2 * $.6 * $.7, $.1 * $.3 * $.4 * $.5 * $.7 ]:[ $.1 * $.2 * $.6^2 * $.7^2, $.1 * $.3 * $.6 * $.7, $.2 * $.4 * $.5 * $.7^2 ]}
235;[ 2, 6, 6 ];{}
235;[ 2, 8, 12 ];{}
235;[ 3, 4, 4 ];{}
235;[ 3, 4, 8 ];{}
236;[ 2, 2, 2, 12 ];{}
236;[ 2, 2, 2, 24 ];{}
236;[ 2, 2, 2, 3 ];{}
236;[ 2, 2, 2, 4 ];{}
236;[ 2, 2, 2, 6 ];{}
236;[ 2, 2, 2, 8 ];{}
236;[ 2, 2, 3, 3 ];{}
236;[ 2, 2, 3, 4 ];{}
236;[ 2, 3, 12 ];{}
236;[ 2, 3, 24 ];{}
236;[ 2, 3, 8 ];{}
236;[ 2, 4, 12 ];{}
236;[ 2, 4, 6 ];{}
236;[ 2, 4, 8 ];{}
236;[ 2, 6, 24 ];{}
236;[ 2, 6, 6 ];{}
236;[ 2, 8, 12 ];{}
236;[ 3, 4, 4 ];{}
236;[ 3, 4, 8 ];{}
237;[ 2, 4, 12 ];{}
237;[ 3, 4, 4 ];{}
238;[ 2, 4, 12 ];{[ $.1 * $.2 * $.5^2 * $.6^2 * $.7, $.1 * $.4 * $.5^2, $.2 * $.3 * $.5^2 ]}
238;[ 3, 4, 4 ];{}
239;[ 2, 4, 12 ];{}
239;[ 3, 4, 4 ];{}
243;[ 2, 2, 3, 3 ];{}
243;[ 2, 3, 12 ];{}
243;[ 2, 3, 18 ];{}
243;[ 2, 3, 24 ];{}
243;[ 2, 6, 24 ];{}
243;[ 2, 6, 6 ];{}
244;[ 2, 2, 3, 3 ];{}
244;[ 2, 3, 12 ];{}
244;[ 2, 3, 18 ];{}
244;[ 2, 3, 24 ];{}
244;[ 2, 6, 24 ];{}
244;[ 2, 6, 6 ];{}
245;[ 2, 2, 3, 3 ];{}
245;[ 2, 3, 12 ];{}
245;[ 2, 3, 18 ];{}
245;[ 2, 3, 24 ];{}
245;[ 2, 6, 24 ];{}
245;[ 2, 6, 6 ];{}
246;[ 2, 2, 3, 3 ];{}
246;[ 2, 3, 12 ];{}
246;[ 2, 3, 18 ];{}
246;[ 2, 3, 24 ];{}
246;[ 2, 6, 24 ];{}
246;[ 2, 6, 6 ];{}
247;[ 2, 2, 3, 3 ];{}
247;[ 2, 3, 12 ];{}
247;[ 2, 3, 24 ];{}
247;[ 2, 6, 24 ];{}
247;[ 2, 6, 6 ];{}
248;[ 2, 2, 3, 3 ];{[ $.2^2 * $.3^2 * $.4^2 * $.6, $.2 * $.3^2 * $.4^2 * $.5 * $.7, $.1 * $.3, $.1 * $.7 ]}
248;[ 2, 3, 12 ];{}
248;[ 2, 3, 24 ];{[ $.1 * $.2^2 * $.3 * $.5, $.2 * $.3 * $.4^2 * $.5 * $.6 * $.7, $.1 * $.3^2 * $.5 ]}
248;[ 2, 6, 24 ];{[ $.2 * $.3 * $.4 * $.6, $.1 * $.2^2 * $.3 * $.5, $.1 * $.5 * $.6 ]}
248;[ 2, 6, 6 ];{}
252;[ 2, 2, 2, 12 ];{}
252;[ 2, 2, 2, 18 ];{}
252;[ 2, 2, 2, 3 ];{}
252;[ 2, 2, 2, 4 ];{}
252;[ 2, 2, 2, 6 ];{}
252;[ 2, 2, 2, 8 ];{}
252;[ 2, 2, 2, 9 ];{}
252;[ 2, 2, 3, 3 ];{}
252;[ 2, 2, 3, 4 ];{}
252;[ 2, 3, 12 ];{}
252;[ 2, 3, 18 ];{}
252;[ 2, 3, 36 ];{}
252;[ 2, 3, 8 ];{}
252;[ 2, 4, 12 ];{}
252;[ 2, 4, 18 ];{}
252;[ 2, 4, 6 ];{}
252;[ 2, 4, 8 ];{}
252;[ 2, 4, 9 ];{}
252;[ 2, 6, 6 ];{}
252;[ 2, 8, 12 ];{}
252;[ 3, 4, 4 ];{}
252;[ 3, 4, 8 ];{}
253;[ 2, 2, 2, 12 ];{}
253;[ 2, 2, 2, 18 ];{}
253;[ 2, 2, 2, 3 ];{}
253;[ 2, 2, 2, 4 ];{}
253;[ 2, 2, 2, 6 ];{}
253;[ 2, 2, 2, 8 ];{[ $.1 * $.2 * $.3 * $.5 * $.6, $.1 * $.2^2 * $.3^2 * $.4^2 * $.5, $.1 * $.2^2 * $.4^2 * $.7, $.1 * $.2 * $.3^2 * $.4 * $.6 ]}
253;[ 2, 2, 2, 9 ];{}
253;[ 2, 2, 3, 3 ];{}
253;[ 2, 2, 3, 4 ];{}
253;[ 2, 3, 12 ];{}
253;[ 2, 3, 18 ];{}
253;[ 2, 3, 36 ];{}
253;[ 2, 3, 8 ];{}
253;[ 2, 4, 12 ];{}
253;[ 2, 4, 18 ];{}
253;[ 2, 4, 6 ];{}
253;[ 2, 4, 8 ];{}
253;[ 2, 4, 9 ];{}
253;[ 2, 6, 6 ];{}
253;[ 2, 8, 12 ];{}
253;[ 3, 4, 4 ];{}
253;[ 3, 4, 8 ];{}
254;[ 3, 4, 4 ];{}
255;[ 2, 2, 2, 12 ];{}
255;[ 2, 2, 2, 18 ];{}
255;[ 2, 2, 2, 3 ];{}
255;[ 2, 2, 2, 4 ];{}
255;[ 2, 2, 2, 6 ];{}
255;[ 2, 2, 2, 8 ];{}
255;[ 2, 2, 2, 9 ];{}
255;[ 2, 2, 3, 3 ];{}
255;[ 2, 2, 3, 4 ];{}
255;[ 2, 3, 12 ];{}
255;[ 2, 3, 18 ];{}
255;[ 2, 3, 8 ];{}
255;[ 2, 4, 12 ];{}
255;[ 2, 4, 18 ];{}
255;[ 2, 4, 6 ];{}
255;[ 2, 4, 8 ];{}
255;[ 2, 4, 9 ];{}
255;[ 2, 6, 6 ];{}
255;[ 2, 8, 12 ];{}
255;[ 3, 4, 4 ];{}
255;[ 3, 4, 8 ];{}
256;[ 2, 2, 2, 12 ];{}
256;[ 2, 2, 2, 18 ];{}
256;[ 2, 2, 2, 3 ];{}
256;[ 2, 2, 2, 4 ];{}
256;[ 2, 2, 2, 6 ];{}
256;[ 2, 2, 2, 8 ];{[ $.1 * $.2 * $.3 * $.4^2 * $.5, $.1 * $.2^2 * $.4^2 * $.7, $.1 * $.2 * $.4, $.1 * $.3 * $.4 * $.5 * $.6 ]}
256;[ 2, 2, 2, 9 ];{}
256;[ 2, 2, 3, 3 ];{}
256;[ 2, 2, 3, 4 ];{}
256;[ 2, 3, 12 ];{}
256;[ 2, 3, 18 ];{}
256;[ 2, 3, 8 ];{}
256;[ 2, 4, 12 ];{}
256;[ 2, 4, 18 ];{}
256;[ 2, 4, 6 ];{}
256;[ 2, 4, 8 ];{}
256;[ 2, 4, 9 ];{}
256;[ 2, 6, 6 ];{}
256;[ 2, 8, 12 ];{}
256;[ 3, 4, 4 ];{}
256;[ 3, 4, 8 ];{}
257;[ 2, 2, 2, 12 ];{}
257;[ 2, 2, 2, 24 ];{}
257;[ 2, 2, 2, 3 ];{}
257;[ 2, 2, 2, 4 ];{}
257;[ 2, 2, 2, 6 ];{}
257;[ 2, 2, 2, 8 ];{}
257;[ 2, 2, 3, 3 ];{}
257;[ 2, 2, 3, 4 ];{}
257;[ 2, 3, 12 ];{}
257;[ 2, 3, 24 ];{}
257;[ 2, 3, 8 ];{}
257;[ 2, 4, 12 ];{}
257;[ 2, 4, 6 ];{}
257;[ 2, 4, 8 ];{}
257;[ 2, 6, 24 ];{}
257;[ 2, 6, 6 ];{}
257;[ 2, 8, 12 ];{}
257;[ 3, 4, 4 ];{}
257;[ 3, 4, 8 ];{}
258;[ 2, 2, 2, 12 ];{}
258;[ 2, 2, 2, 24 ];{[ $.1 * $.4 * $.5 * $.7, $.1 * $.3^2 * $.7, $.1 * $.2 * $.3 * $.4^2 * $.6, $.1 * $.2 * $.3^2 * $.4 ]}
258;[ 2, 2, 2, 3 ];{}
258;[ 2, 2, 2, 4 ];{}
258;[ 2, 2, 2, 6 ];{}
258;[ 2, 2, 2, 8 ];{}
258;[ 2, 2, 3, 3 ];{[ $.2^2 * $.4 * $.5 * $.6, $.2 * $.3^2 * $.4, $.1 * $.2^2 * $.3 * $.4 * $.5, $.1 * $.2^2 * $.3^2 * $.4^2 * $.7 ]}
258;[ 2, 2, 3, 4 ];{}
258;[ 2, 3, 12 ];{}
258;[ 2, 3, 24 ];{}
258;[ 2, 3, 8 ];{}
258;[ 2, 4, 12 ];{}
258;[ 2, 4, 6 ];{}
258;[ 2, 4, 8 ];{}
258;[ 2, 6, 24 ];{}
258;[ 2, 6, 6 ];{}
258;[ 2, 8, 12 ];{}
258;[ 3, 4, 4 ];{}
258;[ 3, 4, 8 ];{}
259;[ 3, 4, 4 ];{}
260;[ 2, 4, 12 ];{}
260;[ 3, 4, 4 ];{}
261;[ 2, 2, 3, 3 ];{}
261;[ 2, 3, 12 ];{}
261;[ 2, 3, 18 ];{}
261;[ 2, 3, 36 ];{}
261;[ 2, 6, 6 ];{}
262;[ 2, 2, 3, 3 ];{}
262;[ 2, 3, 12 ];{}
262;[ 2, 3, 18 ];{}
262;[ 2, 3, 36 ];{}
262;[ 2, 6, 6 ];{}
263;[ 2, 2, 3, 3 ];{}
263;[ 2, 3, 12 ];{}
263;[ 2, 3, 18 ];{}
263;[ 2, 3, 36 ];{}
263;[ 2, 6, 6 ];{}
264;[ 2, 2, 3, 3 ];{}
264;[ 2, 3, 12 ];{}
264;[ 2, 3, 18 ];{}
264;[ 2, 3, 36 ];{}
264;[ 2, 6, 6 ];{}
269;[ 2, 2, 3, 3 ];{[ $.2 * $.3 * $.5^2 * $.6^2 * $.7, $.2^2 * $.3 * $.4 * $.5^2 * $.6, $.1 * $.3 * $.4, $.1 * $.4 * $.5^2 * $.6^2 ]:[ $.2^2 * $.4, $.2 * $.3 * $.5^2 * $.6 * $.7, $.1 * $.3 * $.4 * $.5^2 * $.6, $.1 * $.3 * $.4 ]}
269;[ 2, 3, 12 ];{[ $.1 * $.2^2 * $.3 * $.7, $.2 * $.5 * $.6, $.1 * $.3 * $.4 * $.5 * $.6 * $.7 ]}
269;[ 2, 6, 6 ];{}
270;[ 2, 2, 3, 3 ];{}
270;[ 2, 3, 12 ];{}
270;[ 2, 6, 6 ];{}
274;[ 2, 4, 12 ];{}
274;[ 2, 4, 8 ];{}
274;[ 2, 8, 12 ];{}
274;[ 3, 4, 4 ];{}
274;[ 3, 4, 8 ];{}
275;[ 2, 4, 12 ];{}
275;[ 3, 4, 4 ];{}
276;[ 2, 4, 12 ];{}
276;[ 3, 4, 4 ];{}
278;[ 2, 4, 12 ];{}
278;[ 2, 4, 8 ];{}
278;[ 2, 8, 12 ];{}
278;[ 3, 4, 4 ];{}
278;[ 3, 4, 8 ];{}
279;[ 2, 4, 12 ];{[ $.1 * $.5 * $.6^2 * $.7, $.2 * $.3 * $.4 * $.6 * $.7, $.1 * $.2 * $.6 * $.7 ]}
279;[ 3, 4, 4 ];{}
280;[ 2, 2, 2, 12 ];{}
280;[ 2, 2, 2, 18 ];{}
280;[ 2, 2, 2, 3 ];{}
280;[ 2, 2, 2, 4 ];{}
280;[ 2, 2, 2, 6 ];{}
280;[ 2, 2, 2, 9 ];{}
280;[ 2, 2, 3, 3 ];{}
280;[ 2, 2, 3, 4 ];{}
281;[ 2, 2, 2, 12 ];{}
281;[ 2, 2, 2, 18 ];{}
281;[ 2, 2, 2, 3 ];{}
281;[ 2, 2, 2, 4 ];{}
281;[ 2, 2, 2, 6 ];{}
281;[ 2, 2, 2, 9 ];{}
281;[ 2, 2, 3, 3 ];{}
281;[ 2, 2, 3, 4 ];{}
282;[ 2, 2, 2, 12 ];{[ $.2 * $.6 * $.7^2, $.2 * $.3 * $.4 * $.5^2 * $.7^2, $.1 * $.2 * $.6, $.1 * $.2 * $.3 * $.4 * $.5 * $.7 ]}
282;[ 2, 2, 2, 18 ];{}
282;[ 2, 2, 2, 3 ];{}
282;[ 2, 2, 2, 4 ];{}
282;[ 2, 2, 2, 6 ];{}
282;[ 2, 2, 2, 9 ];{}
282;[ 2, 2, 3, 3 ];{}
282;[ 2, 2, 3, 4 ];{}
283;[ 2, 2, 2, 12 ];{}
283;[ 2, 2, 2, 18 ];{}
283;[ 2, 2, 2, 3 ];{}
283;[ 2, 2, 2, 4 ];{}
283;[ 2, 2, 2, 6 ];{}
283;[ 2, 2, 2, 9 ];{}
283;[ 2, 2, 3, 3 ];{}
283;[ 2, 2, 3, 4 ];{}
284;[ 2, 2, 2, 12 ];{}
284;[ 2, 2, 2, 18 ];{}
284;[ 2, 2, 2, 3 ];{}
284;[ 2, 2, 2, 4 ];{}
284;[ 2, 2, 2, 6 ];{}
284;[ 2, 2, 2, 9 ];{}
284;[ 2, 2, 3, 3 ];{}
284;[ 2, 2, 3, 4 ];{}
285;[ 2, 2, 2, 12 ];{}
285;[ 2, 2, 2, 18 ];{}
285;[ 2, 2, 2, 3 ];{}
285;[ 2, 2, 2, 4 ];{}
285;[ 2, 2, 2, 6 ];{}
285;[ 2, 2, 2, 9 ];{}
285;[ 2, 2, 3, 3 ];{}
285;[ 2, 2, 3, 4 ];{}
286;[ 2, 2, 2, 12 ];{}
286;[ 2, 2, 2, 18 ];{}
286;[ 2, 2, 2, 3 ];{}
286;[ 2, 2, 2, 4 ];{}
286;[ 2, 2, 2, 6 ];{}
286;[ 2, 2, 2, 9 ];{}
286;[ 2, 2, 3, 3 ];{}
286;[ 2, 2, 3, 4 ];{}
287;[ 2, 2, 2, 12 ];{}
287;[ 2, 2, 2, 18 ];{}
287;[ 2, 2, 2, 3 ];{}
287;[ 2, 2, 2, 4 ];{}
287;[ 2, 2, 2, 6 ];{}
287;[ 2, 2, 2, 9 ];{}
287;[ 2, 2, 3, 3 ];{}
287;[ 2, 2, 3, 4 ];{}
288;[ 2, 2, 2, 12 ];{}
288;[ 2, 2, 2, 18 ];{}
288;[ 2, 2, 2, 3 ];{}
288;[ 2, 2, 2, 4 ];{}
288;[ 2, 2, 2, 6 ];{}
288;[ 2, 2, 2, 9 ];{}
288;[ 2, 2, 3, 3 ];{}
288;[ 2, 2, 3, 4 ];{}
289;[ 2, 2, 2, 12 ];{}
289;[ 2, 2, 2, 18 ];{}
289;[ 2, 2, 2, 3 ];{}
289;[ 2, 2, 2, 4 ];{}
289;[ 2, 2, 2, 6 ];{}
289;[ 2, 2, 2, 9 ];{}
289;[ 2, 2, 3, 3 ];{}
289;[ 2, 2, 3, 4 ];{}
291;[ 2, 2, 2, 12 ];{}
291;[ 2, 2, 2, 18 ];{}
291;[ 2, 2, 2, 3 ];{}
291;[ 2, 2, 2, 4 ];{}
291;[ 2, 2, 2, 6 ];{[ $.2 * $.5 * $.7, $.1 * $.2 * $.4 * $.5^2 * $.6^2 * $.7^2, $.2 * $.3 * $.4 * $.6 * $.7^2, $.1 * $.2 * $.3 * $.5^2 * $.7^2 ]}
291;[ 2, 2, 2, 9 ];{}
291;[ 2, 2, 3, 3 ];{}
291;[ 2, 2, 3, 4 ];{}
292;[ 2, 2, 2, 12 ];{[ $.2 * $.4 * $.5^2 * $.7^2, $.1 * $.2 * $.4 * $.5 * $.7^2, $.2 * $.3 * $.5 * $.6 * $.7^2, $.1 * $.2 * $.3 * $.5^2 * $.6 * $.7^2 ]}
292;[ 2, 2, 2, 18 ];{[ $.1 * $.3 * $.4 * $.6, $.1 * $.2 * $.5^2 * $.7, $.1 * $.5 * $.7^2, $.1 * $.2 * $.3 * $.4 * $.6 * $.7^2 ]}
292;[ 2, 2, 2, 3 ];{}
292;[ 2, 2, 2, 4 ];{}
292;[ 2, 2, 2, 6 ];{}
292;[ 2, 2, 2, 9 ];{}
292;[ 2, 2, 3, 3 ];{}
292;[ 2, 2, 3, 4 ];{}
293;[ 2, 2, 2, 12 ];{}
293;[ 2, 2, 2, 18 ];{}
293;[ 2, 2, 2, 3 ];{}
293;[ 2, 2, 2, 4 ];{}
293;[ 2, 2, 2, 6 ];{}
293;[ 2, 2, 2, 9 ];{}
293;[ 2, 2, 3, 3 ];{}
293;[ 2, 2, 3, 4 ];{}
294;[ 2, 2, 2, 12 ];{}
294;[ 2, 2, 2, 3 ];{}
294;[ 2, 2, 2, 4 ];{}
294;[ 2, 2, 2, 6 ];{}
294;[ 2, 2, 3, 3 ];{}
294;[ 2, 2, 3, 4 ];{}
295;[ 2, 2, 2, 12 ];{}
295;[ 2, 2, 2, 3 ];{}
295;[ 2, 2, 2, 4 ];{}
295;[ 2, 2, 2, 6 ];{}
295;[ 2, 2, 3, 3 ];{}
295;[ 2, 2, 3, 4 ];{}
296;[ 2, 2, 2, 12 ];{}
296;[ 2, 2, 2, 3 ];{}
296;[ 2, 2, 2, 4 ];{}
296;[ 2, 2, 2, 6 ];{}
296;[ 2, 2, 3, 3 ];{}
296;[ 2, 2, 3, 4 ];{}
297;[ 2, 2, 2, 12 ];{[ $.1, $.2 * $.5 * $.7, $.3 * $.4 * $.5 * $.6, $.1 * $.2 * $.3 * $.4 * $.5^2 * $.6 * $.7 ]}
297;[ 2, 2, 2, 3 ];{}
297;[ 2, 2, 2, 4 ];{}
297;[ 2, 2, 2, 6 ];{}
297;[ 2, 2, 3, 3 ];{}
297;[ 2, 2, 3, 4 ];{}
298;[ 2, 2, 2, 12 ];{}
298;[ 2, 2, 2, 3 ];{}
298;[ 2, 2, 2, 4 ];{}
298;[ 2, 2, 2, 6 ];{}
298;[ 2, 2, 3, 3 ];{}
298;[ 2, 2, 3, 4 ];{}
299;[ 2, 2, 2, 12 ];{[ $.1 * $.2 * $.4 * $.5 * $.6^2 * $.7, $.1 * $.6^2 * $.7, $.1 * $.3 * $.5 * $.6 * $.7, $.1 * $.2 * $.3 * $.4 * $.5^2 * $.6 * $.7 ]}
299;[ 2, 2, 2, 3 ];{}
299;[ 2, 2, 2, 4 ];{}
299;[ 2, 2, 2, 6 ];{}
299;[ 2, 2, 3, 3 ];{}
299;[ 2, 2, 3, 4 ];{}
301;[ 2, 2, 2, 12 ];{[ $.1 * $.6, $.1 * $.2 * $.4 * $.5, $.1 * $.3 * $.4 * $.5 * $.6^2 * $.7, $.1 * $.2 * $.3 * $.5^2 ]:[ $.1 * $.4 * $.6^2 * $.7, $.3 * $.5^2 * $.6^2 * $.7^2, $.2 * $.4 * $.5^2 * $.7^2, $.1 * $.2 * $.3 * $.4 * $.6 ]}
301;[ 2, 2, 2, 3 ];{}
301;[ 2, 2, 2, 4 ];{}
301;[ 2, 2, 2, 6 ];{[ $.1 * $.2 * $.3 * $.5, $.2 * $.3 * $.5^2 * $.7, $.1 * $.2 * $.5^2 * $.6^2 * $.7^2, $.2 * $.5 * $.6 * $.7 ]}
301;[ 2, 2, 3, 3 ];{}
301;[ 2, 2, 3, 4 ];{}
302;[ 2, 2, 2, 12 ];{[ $.1 * $.2 * $.4 * $.5 * $.6 * $.7^2, $.3 * $.4 * $.5 * $.6 * $.7, $.1 * $.4 * $.6^2, $.2 * $.3 * $.5^2 * $.7^2 ]}
302;[ 2, 2, 2, 3 ];{}
302;[ 2, 2, 2, 4 ];{}
302;[ 2, 2, 2, 6 ];{}
302;[ 2, 2, 3, 3 ];{}
302;[ 2, 2, 3, 4 ];{}
303;[ 2, 2, 2, 12 ];{}
303;[ 2, 2, 2, 18 ];{}
303;[ 2, 2, 2, 3 ];{}
303;[ 2, 2, 2, 4 ];{}
303;[ 2, 2, 2, 6 ];{}
303;[ 2, 2, 2, 9 ];{}
303;[ 2, 2, 3, 3 ];{}
303;[ 2, 2, 3, 4 ];{}
305;[ 2, 2, 2, 12 ];{}
305;[ 2, 2, 2, 18 ];{}
305;[ 2, 2, 2, 3 ];{}
305;[ 2, 2, 2, 4 ];{}
305;[ 2, 2, 2, 6 ];{}
305;[ 2, 2, 2, 9 ];{}
305;[ 2, 2, 3, 3 ];{}
305;[ 2, 2, 3, 4 ];{}
307;[ 2, 2, 2, 12 ];{}
307;[ 2, 2, 2, 18 ];{}
307;[ 2, 2, 2, 3 ];{}
307;[ 2, 2, 2, 4 ];{}
307;[ 2, 2, 2, 6 ];{[ $.2 * $.3 * $.5^2 * $.6^2 * $.7, $.2 * $.4 * $.7^2, $.1 * $.2 * $.5 * $.6^2 * $.7^2, $.1 * $.2 * $.3 * $.4 ]}
307;[ 2, 2, 2, 9 ];{}
307;[ 2, 2, 3, 3 ];{}
307;[ 2, 2, 3, 4 ];{}
309;[ 2, 2, 2, 12 ];{}
309;[ 2, 2, 2, 18 ];{}
309;[ 2, 2, 2, 3 ];{}
309;[ 2, 2, 2, 4 ];{}
309;[ 2, 2, 2, 6 ];{}
309;[ 2, 2, 2, 9 ];{}
309;[ 2, 2, 3, 3 ];{}
309;[ 2, 2, 3, 4 ];{}
310;[ 2, 2, 2, 12 ];{}
310;[ 2, 2, 2, 18 ];{}
310;[ 2, 2, 2, 3 ];{}
310;[ 2, 2, 2, 4 ];{}
310;[ 2, 2, 2, 6 ];{}
310;[ 2, 2, 2, 9 ];{}
310;[ 2, 2, 3, 3 ];{}
310;[ 2, 2, 3, 4 ];{}
311;[ 2, 2, 2, 18 ];{}
311;[ 2, 2, 2, 3 ];{}
311;[ 2, 2, 2, 4 ];{}
311;[ 2, 2, 2, 6 ];{}
311;[ 2, 2, 2, 9 ];{}
311;[ 2, 2, 3, 3 ];{}
311;[ 2, 2, 3, 4 ];{}
312;[ 2, 2, 2, 12 ];{}
312;[ 2, 2, 2, 18 ];{[ $.1 * $.6^2, $.1 * $.3 * $.4 * $.5^2 * $.6 * $.7^2, $.1 * $.2 * $.5, $.1 * $.2 * $.3 * $.4 * $.5^2 * $.6 * $.7^2 ]}
312;[ 2, 2, 2, 3 ];{}
312;[ 2, 2, 2, 4 ];{}
312;[ 2, 2, 2, 6 ];{}
312;[ 2, 2, 2, 9 ];{}
312;[ 2, 2, 3, 3 ];{}
312;[ 2, 2, 3, 4 ];{}
313;[ 2, 2, 2, 12 ];{}
313;[ 2, 2, 2, 18 ];{[ $.1 * $.3 * $.6^2, $.3 * $.4 * $.5^2 * $.6 * $.7^2, $.2 * $.4 * $.5, $.1 * $.2 * $.5^2 * $.7^2 ]}
313;[ 2, 2, 2, 3 ];{}
313;[ 2, 2, 2, 4 ];{}
313;[ 2, 2, 2, 6 ];{}
313;[ 2, 2, 2, 9 ];{}
313;[ 2, 2, 3, 3 ];{}
313;[ 2, 2, 3, 4 ];{}
314;[ 2, 2, 2, 12 ];{}
314;[ 2, 2, 2, 18 ];{[ $.3 * $.4 * $.5^2 * $.6^2 * $.7, $.1 * $.4 * $.6, $.2 * $.3 * $.4, $.1 * $.2 * $.5 * $.6^2 ]}
314;[ 2, 2, 2, 3 ];{}
314;[ 2, 2, 2, 4 ];{}
314;[ 2, 2, 2, 6 ];{}
314;[ 2, 2, 2, 9 ];{}
314;[ 2, 2, 3, 3 ];{}
314;[ 2, 2, 3, 4 ];{}
315;[ 2, 2, 2, 12 ];{[ $.2 * $.4 * $.7, $.1 * $.2 * $.5^2 * $.6 * $.7, $.2 * $.3 * $.4 * $.5 * $.6 * $.7, $.1 * $.2 * $.3 * $.5^2 * $.6^2 * $.7^2 ]}
315;[ 2, 2, 2, 18 ];{[ $.1 * $.4 * $.6^2, $.3 * $.4 * $.5^2 * $.6 * $.7^2, $.2 * $.4 * $.5 * $.7, $.1 * $.2 * $.3 * $.5^2 ]}
315;[ 2, 2, 2, 3 ];{}
315;[ 2, 2, 2, 4 ];{}
315;[ 2, 2, 2, 6 ];{}
315;[ 2, 2, 2, 9 ];{}
315;[ 2, 2, 3, 3 ];{}
315;[ 2, 2, 3, 4 ];{}
316;[ 2, 2, 2, 12 ];{}
316;[ 2, 2, 2, 3 ];{}
316;[ 2, 2, 2, 4 ];{}
316;[ 2, 2, 2, 6 ];{}
316;[ 2, 2, 3, 3 ];{}
316;[ 2, 2, 3, 4 ];{}
318;[ 2, 2, 2, 12 ];{}
318;[ 2, 2, 2, 3 ];{}
318;[ 2, 2, 2, 4 ];{}
318;[ 2, 2, 2, 6 ];{}
318;[ 2, 2, 3, 3 ];{}
318;[ 2, 2, 3, 4 ];{}
319;[ 2, 2, 2, 12 ];{}
319;[ 2, 2, 2, 3 ];{}
319;[ 2, 2, 2, 4 ];{}
319;[ 2, 2, 2, 6 ];{}
319;[ 2, 2, 3, 3 ];{}
319;[ 2, 2, 3, 4 ];{}
320;[ 2, 2, 2, 12 ];{}
320;[ 2, 2, 2, 3 ];{}
320;[ 2, 2, 2, 4 ];{}
320;[ 2, 2, 2, 6 ];{}
320;[ 2, 2, 3, 3 ];{}
320;[ 2, 2, 3, 4 ];{}
322;[ 2, 2, 2, 12 ];{}
322;[ 2, 2, 2, 3 ];{}
322;[ 2, 2, 2, 4 ];{}
322;[ 2, 2, 2, 6 ];{[ $.1 * $.6^2 * $.7, $.1 * $.3 * $.5 * $.6, $.1 * $.2 * $.4 * $.5 * $.6 * $.7^2, $.1 * $.2 * $.3 * $.4 * $.6^2 ]}
322;[ 2, 2, 3, 3 ];{}
322;[ 2, 2, 3, 4 ];{}
323;[ 2, 2, 2, 12 ];{}
323;[ 2, 2, 2, 3 ];{}
323;[ 2, 2, 2, 4 ];{}
323;[ 2, 2, 2, 6 ];{[ $.3 * $.5 * $.6 * $.7, $.2 * $.4, $.1 * $.3 * $.4 * $.6^2, $.1 * $.2 * $.4 * $.5^2 * $.6 * $.7 ]}
323;[ 2, 2, 3, 3 ];{}
323;[ 2, 2, 3, 4 ];{}
324;[ 2, 2, 2, 12 ];{[ $.1 * $.2 * $.4 * $.5^2 * $.6 * $.7, $.1 * $.2 * $.3 * $.5 * $.6^2 * $.7, $.1, $.1 * $.3 * $.4 * $.5 * $.6^2 * $.7 ]}
324;[ 2, 2, 2, 3 ];{}
324;[ 2, 2, 2, 4 ];{}
324;[ 2, 2, 2, 6 ];{[ $.3 * $.4 * $.5^2 * $.6, $.2 * $.4 * $.7^2, $.1 * $.4 * $.6^2 * $.7, $.1 * $.2 * $.3 * $.4 * $.5 * $.6 * $.7^2 ]}
324;[ 2, 2, 3, 3 ];{}
324;[ 2, 2, 3, 4 ];{}
328;[ 2, 2, 3, 3 ];{}
328;[ 2, 3, 12 ];{}
328;[ 2, 3, 18 ];{}
328;[ 2, 3, 36 ];{}
328;[ 2, 6, 6 ];{}
330;[ 2, 2, 3, 3 ];{}
330;[ 2, 3, 12 ];{}
330;[ 2, 3, 18 ];{}
330;[ 2, 3, 36 ];{}
330;[ 2, 6, 6 ];{}
335;[ 2, 2, 3, 3 ];{}
335;[ 2, 3, 12 ];{}
335;[ 2, 3, 18 ];{}
335;[ 2, 6, 6 ];{}
336;[ 2, 2, 3, 3 ];{}
336;[ 2, 3, 12 ];{}
336;[ 2, 6, 6 ];{}
338;[ 2, 2, 3, 3 ];{}
338;[ 2, 3, 12 ];{}
338;[ 2, 3, 18 ];{}
338;[ 2, 3, 36 ];{}
338;[ 2, 6, 6 ];{}
339;[ 2, 2, 3, 3 ];{}
339;[ 2, 3, 12 ];{}
339;[ 2, 6, 6 ];{}
340;[ 2, 2, 3, 3 ];{}
343;[ 2, 2, 3, 3 ];{}
344;[ 2, 2, 3, 3 ];{}
348;[ 2, 2, 3, 3 ];{}
350;[ 2, 2, 3, 3 ];{}
351;[ 2, 2, 3, 3 ];{}
352;[ 2, 2, 3, 3 ];{}
354;[ 2, 2, 3, 3 ];{}
355;[ 2, 2, 3, 3 ];{}
356;[ 2, 2, 3, 3 ];{}
357;[ 2, 2, 3, 3 ];{}
360;[ 2, 2, 3, 3 ];{}
361;[ 2, 2, 3, 3 ];{}
362;[ 2, 2, 3, 3 ];{}
363;[ 2, 2, 3, 3 ];{}
364;[ 2, 2, 3, 3 ];{}
365;[ 2, 2, 3, 3 ];{}
368;[ 2, 2, 3, 3 ];{}
369;[ 2, 2, 3, 3 ];{}
37;[ 2, 2, 2, 12 ];{}
37;[ 2, 2, 2, 18 ];{}
37;[ 2, 2, 2, 3 ];{}
37;[ 2, 2, 2, 4 ];{}
37;[ 2, 2, 2, 6 ];{}
37;[ 2, 2, 2, 8 ];{}
37;[ 2, 2, 2, 9 ];{}
37;[ 2, 2, 3, 3 ];{}
37;[ 2, 2, 3, 4 ];{}
37;[ 2, 3, 12 ];{}
37;[ 2, 3, 18 ];{}
37;[ 2, 3, 36 ];{}
37;[ 2, 3, 54 ];{}
37;[ 2, 4, 12 ];{}
37;[ 2, 4, 18 ];{}
37;[ 2, 4, 6 ];{}
37;[ 2, 4, 8 ];{}
37;[ 2, 4, 9 ];{}
37;[ 2, 6, 6 ];{}
37;[ 2, 8, 12 ];{}
37;[ 3, 4, 4 ];{}
37;[ 3, 4, 8 ];{}
370;[ 2, 2, 3, 3 ];{}
371;[ 2, 2, 3, 3 ];{}
374;[ 2, 2, 3, 3 ];{}
377;[ 2, 2, 3, 3 ];{}
379;[ 2, 2, 3, 3 ];{}
38;[ 2, 2, 2, 12 ];{}
38;[ 2, 2, 2, 18 ];{}
38;[ 2, 2, 2, 3 ];{}
38;[ 2, 2, 2, 4 ];{}
38;[ 2, 2, 2, 6 ];{}
38;[ 2, 2, 2, 8 ];{[ $.1 * $.2 * $.3 * $.4 * $.5 * $.6 * $.7, $.1 * $.2^2 * $.3 * $.7, $.1 * $.7, $.1 * $.2^2 * $.3 * $.4 * $.5 ]}
38;[ 2, 2, 2, 9 ];{}
38;[ 2, 2, 3, 3 ];{}
38;[ 2, 2, 3, 4 ];{}
38;[ 2, 3, 12 ];{}
38;[ 2, 3, 18 ];{}
38;[ 2, 3, 36 ];{}
38;[ 2, 3, 54 ];{}
38;[ 2, 4, 12 ];{}
38;[ 2, 4, 18 ];{}
38;[ 2, 4, 6 ];{}
38;[ 2, 4, 8 ];{}
38;[ 2, 4, 9 ];{}
38;[ 2, 6, 6 ];{}
38;[ 2, 8, 12 ];{}
38;[ 3, 4, 4 ];{}
38;[ 3, 4, 8 ];{}
380;[ 2, 2, 2, 12 ];{}
380;[ 2, 2, 2, 18 ];{}
380;[ 2, 2, 2, 3 ];{}
380;[ 2, 2, 2, 4 ];{}
380;[ 2, 2, 2, 6 ];{}
380;[ 2, 2, 2, 9 ];{}
380;[ 2, 2, 3, 3 ];{}
380;[ 2, 2, 3, 4 ];{}
382;[ 2, 2, 2, 12 ];{}
382;[ 2, 2, 2, 18 ];{}
382;[ 2, 2, 2, 3 ];{}
382;[ 2, 2, 2, 4 ];{}
382;[ 2, 2, 2, 6 ];{}
382;[ 2, 2, 2, 9 ];{}
382;[ 2, 2, 3, 3 ];{}
382;[ 2, 2, 3, 4 ];{}
383;[ 2, 2, 2, 12 ];{}
383;[ 2, 2, 2, 18 ];{}
383;[ 2, 2, 2, 3 ];{}
383;[ 2, 2, 2, 4 ];{}
383;[ 2, 2, 2, 6 ];{}
383;[ 2, 2, 2, 9 ];{}
383;[ 2, 2, 3, 3 ];{}
383;[ 2, 2, 3, 4 ];{}
384;[ 2, 2, 2, 12 ];{}
384;[ 2, 2, 2, 3 ];{}
384;[ 2, 2, 2, 4 ];{}
384;[ 2, 2, 2, 6 ];{}
384;[ 2, 2, 3, 3 ];{}
384;[ 2, 2, 3, 4 ];{}
386;[ 2, 2, 2, 12 ];{}
386;[ 2, 2, 2, 3 ];{}
386;[ 2, 2, 2, 4 ];{}
386;[ 2, 2, 2, 6 ];{[ $.1 * $.5^2, $.1 * $.3 * $.5 * $.6 * $.7^2, $.1 * $.2 * $.4 * $.5 * $.6^2 * $.7, $.1 * $.2 * $.3 * $.5^2 * $.6 ]}
386;[ 2, 2, 3, 3 ];{}
386;[ 2, 2, 3, 4 ];{}
387;[ 2, 2, 2, 12 ];{}
387;[ 2, 2, 2, 3 ];{}
387;[ 2, 2, 2, 4 ];{}
387;[ 2, 2, 2, 6 ];{}
387;[ 2, 2, 3, 3 ];{}
387;[ 2, 2, 3, 4 ];{}
388;[ 2, 2, 2, 12 ];{}
388;[ 2, 2, 2, 18 ];{}
388;[ 2, 2, 2, 3 ];{}
388;[ 2, 2, 2, 4 ];{[ $.1 * $.4 * $.5, $.1 * $.2 * $.4 * $.6^2 * $.7, $.1 * $.3 * $.5^2 * $.7, $.1 * $.2 * $.3 * $.4 * $.6 * $.7^2 ]}
388;[ 2, 2, 2, 6 ];{}
388;[ 2, 2, 2, 9 ];{}
388;[ 2, 2, 3, 3 ];{}
388;[ 2, 2, 3, 4 ];{}
389;[ 2, 2, 2, 12 ];{}
389;[ 2, 2, 2, 18 ];{}
389;[ 2, 2, 2, 3 ];{}
389;[ 2, 2, 2, 4 ];{}
389;[ 2, 2, 2, 6 ];{}
389;[ 2, 2, 2, 9 ];{}
389;[ 2, 2, 3, 3 ];{}
389;[ 2, 2, 3, 4 ];{}
39;[ 3, 4, 4 ];{}
390;[ 2, 2, 2, 12 ];{[ $.1 * $.6^2, $.1 * $.2 * $.4 * $.5 * $.6^2 * $.7, $.1 * $.3 * $.4 * $.5, $.1 * $.2 * $.3 * $.4 * $.7 ]}
390;[ 2, 2, 2, 3 ];{}
390;[ 2, 2, 2, 4 ];{}
390;[ 2, 2, 2, 6 ];{}
390;[ 2, 2, 3, 3 ];{}
390;[ 2, 2, 3, 4 ];{}
391;[ 2, 2, 2, 12 ];{}
391;[ 2, 2, 2, 3 ];{}
391;[ 2, 2, 2, 4 ];{}
391;[ 2, 2, 2, 6 ];{}
391;[ 2, 2, 3, 3 ];{}
391;[ 2, 2, 3, 4 ];{}
392;[ 2, 2, 2, 12 ];{}
392;[ 2, 2, 2, 18 ];{}
392;[ 2, 2, 2, 3 ];{}
392;[ 2, 2, 2, 4 ];{}
392;[ 2, 2, 2, 6 ];{}
392;[ 2, 2, 2, 9 ];{}
392;[ 2, 2, 3, 3 ];{}
392;[ 2, 2, 3, 4 ];{}
393;[ 2, 2, 2, 12 ];{}
393;[ 2, 2, 2, 18 ];{}
393;[ 2, 2, 2, 3 ];{}
393;[ 2, 2, 2, 4 ];{[ $.1 * $.2 * $.4 * $.6, $.1 * $.3 * $.5, $.1 * $.5^2 * $.6 * $.7^2, $.1 * $.2 * $.3 * $.5 * $.6^2 * $.7^2 ]}
393;[ 2, 2, 2, 6 ];{}
393;[ 2, 2, 2, 9 ];{}
393;[ 2, 2, 3, 3 ];{}
393;[ 2, 2, 3, 4 ];{}
394;[ 2, 2, 2, 12 ];{}
394;[ 2, 2, 2, 3 ];{}
394;[ 2, 2, 2, 4 ];{}
394;[ 2, 2, 2, 6 ];{}
394;[ 2, 2, 3, 3 ];{}
394;[ 2, 2, 3, 4 ];{}
395;[ 2, 2, 2, 12 ];{[ $.1 * $.3 * $.6^2, $.1 * $.5 * $.6 * $.7^2, $.1 * $.2 * $.4 * $.7, $.1 * $.2 * $.3 * $.5^2 * $.6 * $.7 ]}
395;[ 2, 2, 2, 3 ];{}
395;[ 2, 2, 2, 4 ];{}
395;[ 2, 2, 2, 6 ];{}
395;[ 2, 2, 3, 3 ];{}
395;[ 2, 2, 3, 4 ];{}
397;[ 2, 2, 2, 18 ];{}
397;[ 2, 2, 2, 3 ];{}
397;[ 2, 2, 2, 4 ];{}
397;[ 2, 2, 2, 6 ];{}
397;[ 2, 2, 2, 9 ];{}
397;[ 2, 2, 3, 3 ];{}
397;[ 2, 2, 3, 4 ];{}
399;[ 2, 2, 2, 12 ];{}
399;[ 2, 2, 2, 3 ];{}
399;[ 2, 2, 2, 4 ];{}
399;[ 2, 2, 2, 6 ];{}
399;[ 2, 2, 3, 3 ];{}
399;[ 2, 2, 3, 4 ];{}
4;[ 2, 2, 2, 12 ];{}
4;[ 2, 2, 2, 18 ];{}
4;[ 2, 2, 2, 24 ];{}
4;[ 2, 2, 2, 4 ];{}
4;[ 2, 2, 2, 6 ];{}
4;[ 2, 2, 2, 8 ];{}
4;[ 2, 2, 2, 9 ];{}
4;[ 2, 2, 3, 3 ];{}
4;[ 2, 2, 3, 4 ];{}
4;[ 2, 4, 216 ];{}
4;[ 2, 6, 216 ];{}
4;[ 2, 6, 24 ];{}
4;[ 2, 8, 108 ];{}
4;[ 2, 8, 12 ];{}
4;[ 2, 9, 216 ];{}
4;[ 3, 4, 8 ];{}
404;[ 2, 2, 3, 3 ];{}
405;[ 2, 2, 3, 3 ];{}
407;[ 2, 2, 3, 3 ];{}
408;[ 2, 2, 3, 3 ];{}
410;[ 2, 2, 3, 3 ];{}
411;[ 2, 2, 3, 3 ];{}
418;[ 2, 2, 3, 3 ];{}
418;[ 2, 3, 12 ];{}
418;[ 2, 3, 24 ];{}
418;[ 2, 6, 24 ];{}
418;[ 2, 6, 6 ];{}
419;[ 2, 2, 3, 3 ];{}
419;[ 2, 3, 12 ];{}
419;[ 2, 3, 24 ];{}
419;[ 2, 6, 24 ];{[ $.1 * $.3^2 * $.5 * $.6^2 * $.7^2, $.2 * $.3 * $.6 * $.7, $.1 * $.2 * $.5 * $.6^2 ]}
419;[ 2, 6, 6 ];{}
420;[ 2, 2, 3, 3 ];{}
420;[ 2, 3, 12 ];{}
420;[ 2, 3, 24 ];{}
420;[ 2, 6, 24 ];{}
420;[ 2, 6, 6 ];{}
421;[ 2, 2, 3, 3 ];{}
421;[ 2, 3, 12 ];{}
421;[ 2, 3, 24 ];{}
421;[ 2, 6, 24 ];{}
421;[ 2, 6, 6 ];{}
422;[ 2, 2, 3, 3 ];{}
422;[ 2, 3, 12 ];{}
422;[ 2, 3, 24 ];{}
422;[ 2, 6, 24 ];{}
422;[ 2, 6, 6 ];{}
423;[ 2, 2, 3, 3 ];{}
423;[ 2, 3, 12 ];{}
423;[ 2, 3, 24 ];{}
423;[ 2, 6, 24 ];{}
423;[ 2, 6, 6 ];{}
424;[ 2, 2, 3, 3 ];{}
424;[ 2, 3, 12 ];{}
424;[ 2, 3, 24 ];{}
424;[ 2, 6, 24 ];{}
424;[ 2, 6, 6 ];{}
43;[ 2, 2, 2, 12 ];{}
43;[ 2, 2, 2, 18 ];{}
43;[ 2, 2, 2, 3 ];{}
43;[ 2, 2, 2, 4 ];{}
43;[ 2, 2, 2, 6 ];{}
43;[ 2, 2, 2, 9 ];{}
43;[ 2, 2, 3, 3 ];{}
43;[ 2, 2, 3, 4 ];{}
433;[ 2, 4, 12 ];{}
433;[ 2, 4, 8 ];{}
433;[ 2, 8, 12 ];{}
433;[ 3, 4, 4 ];{}
433;[ 3, 4, 8 ];{}
434;[ 2, 4, 12 ];{}
434;[ 2, 4, 8 ];{}
434;[ 2, 8, 12 ];{}
434;[ 3, 4, 4 ];{}
434;[ 3, 4, 8 ];{}
435;[ 2, 4, 12 ];{}
435;[ 2, 4, 8 ];{}
435;[ 2, 8, 12 ];{}
435;[ 3, 4, 4 ];{}
435;[ 3, 4, 8 ];{}
436;[ 2, 2, 2, 12 ];{}
436;[ 2, 2, 2, 3 ];{}
436;[ 2, 2, 2, 4 ];{}
436;[ 2, 2, 2, 6 ];{}
436;[ 2, 2, 2, 8 ];{}
436;[ 2, 2, 3, 3 ];{}
436;[ 2, 2, 3, 4 ];{}
436;[ 2, 3, 12 ];{}
436;[ 2, 3, 8 ];{}
436;[ 2, 4, 12 ];{}
436;[ 2, 4, 6 ];{}
436;[ 2, 4, 8 ];{}
436;[ 2, 6, 6 ];{}
436;[ 2, 8, 12 ];{}
436;[ 3, 4, 4 ];{}
436;[ 3, 4, 8 ];{}
437;[ 2, 2, 2, 12 ];{}
437;[ 2, 2, 2, 24 ];{}
437;[ 2, 2, 2, 3 ];{}
437;[ 2, 2, 2, 4 ];{}
437;[ 2, 2, 2, 6 ];{}
437;[ 2, 2, 2, 8 ];{}
437;[ 2, 2, 3, 3 ];{}
437;[ 2, 2, 3, 4 ];{}
437;[ 2, 3, 12 ];{}
437;[ 2, 3, 24 ];{}
437;[ 2, 3, 8 ];{}
437;[ 2, 4, 12 ];{}
437;[ 2, 4, 6 ];{}
437;[ 2, 4, 8 ];{}
437;[ 2, 6, 24 ];{}
437;[ 2, 6, 6 ];{}
437;[ 2, 8, 12 ];{}
437;[ 3, 4, 4 ];{}
437;[ 3, 4, 8 ];{}
438;[ 2, 2, 2, 12 ];{}
438;[ 2, 2, 2, 24 ];{}
438;[ 2, 2, 2, 3 ];{}
438;[ 2, 2, 2, 4 ];{}
438;[ 2, 2, 2, 6 ];{[ $.2 * $.3 * $.4 * $.6^2 * $.7^2, $.2 * $.4, $.1 * $.2 * $.5 * $.6^2 * $.7^2, $.1 * $.2 * $.3 * $.5 * $.6 ]}
438;[ 2, 2, 2, 8 ];{}
438;[ 2, 2, 3, 3 ];{}
438;[ 2, 2, 3, 4 ];{}
438;[ 2, 3, 12 ];{}
438;[ 2, 3, 24 ];{}
438;[ 2, 3, 8 ];{}
438;[ 2, 4, 12 ];{}
438;[ 2, 4, 6 ];{}
438;[ 2, 4, 8 ];{}
438;[ 2, 6, 24 ];{}
438;[ 2, 6, 6 ];{}
438;[ 2, 8, 12 ];{}
438;[ 3, 4, 4 ];{}
438;[ 3, 4, 8 ];{}
439;[ 2, 2, 2, 12 ];{}
439;[ 2, 2, 2, 3 ];{}
439;[ 2, 2, 2, 4 ];{}
439;[ 2, 2, 2, 6 ];{}
439;[ 2, 2, 2, 8 ];{}
439;[ 2, 2, 3, 3 ];{}
439;[ 2, 2, 3, 4 ];{}
439;[ 2, 3, 12 ];{}
439;[ 2, 3, 8 ];{}
439;[ 2, 4, 12 ];{}
439;[ 2, 4, 6 ];{}
439;[ 2, 4, 8 ];{}
439;[ 2, 6, 6 ];{}
439;[ 2, 8, 12 ];{}
439;[ 3, 4, 4 ];{}
439;[ 3, 4, 8 ];{}
440;[ 2, 2, 2, 12 ];{}
440;[ 2, 2, 2, 3 ];{}
440;[ 2, 2, 2, 4 ];{}
440;[ 2, 2, 2, 6 ];{}
440;[ 2, 2, 2, 8 ];{}
440;[ 2, 2, 3, 3 ];{}
440;[ 2, 2, 3, 4 ];{}
440;[ 2, 3, 12 ];{}
440;[ 2, 3, 8 ];{}
440;[ 2, 4, 12 ];{}
440;[ 2, 4, 6 ];{}
440;[ 2, 4, 8 ];{}
440;[ 2, 6, 6 ];{}
440;[ 2, 8, 12 ];{}
440;[ 3, 4, 4 ];{}
440;[ 3, 4, 8 ];{}
441;[ 2, 2, 2, 12 ];{}
441;[ 2, 2, 2, 24 ];{}
441;[ 2, 2, 2, 3 ];{}
441;[ 2, 2, 2, 4 ];{}
441;[ 2, 2, 2, 6 ];{}
441;[ 2, 2, 2, 8 ];{}
441;[ 2, 2, 3, 3 ];{}
441;[ 2, 2, 3, 4 ];{}
441;[ 2, 3, 12 ];{}
441;[ 2, 3, 24 ];{}
441;[ 2, 3, 8 ];{}
441;[ 2, 4, 12 ];{}
441;[ 2, 4, 6 ];{}
441;[ 2, 4, 8 ];{}
441;[ 2, 6, 24 ];{}
441;[ 2, 6, 6 ];{}
441;[ 2, 8, 12 ];{}
441;[ 3, 4, 4 ];{}
441;[ 3, 4, 8 ];{}
442;[ 2, 2, 2, 12 ];{}
442;[ 2, 2, 2, 24 ];{}
442;[ 2, 2, 2, 3 ];{}
442;[ 2, 2, 2, 4 ];{}
442;[ 2, 2, 2, 6 ];{}
442;[ 2, 2, 2, 8 ];{}
442;[ 2, 2, 3, 3 ];{}
442;[ 2, 2, 3, 4 ];{}
442;[ 2, 3, 12 ];{}
442;[ 2, 3, 24 ];{}
442;[ 2, 3, 8 ];{}
442;[ 2, 4, 12 ];{}
442;[ 2, 4, 6 ];{}
442;[ 2, 4, 8 ];{}
442;[ 2, 6, 24 ];{}
442;[ 2, 6, 6 ];{}
442;[ 2, 8, 12 ];{}
442;[ 3, 4, 4 ];{}
442;[ 3, 4, 8 ];{}
443;[ 2, 2, 2, 12 ];{}
443;[ 2, 2, 2, 24 ];{}
443;[ 2, 2, 2, 3 ];{}
443;[ 2, 2, 2, 4 ];{}
443;[ 2, 2, 2, 6 ];{}
443;[ 2, 2, 2, 8 ];{}
443;[ 2, 2, 3, 3 ];{}
443;[ 2, 2, 3, 4 ];{}
443;[ 2, 3, 12 ];{}
443;[ 2, 3, 24 ];{}
443;[ 2, 3, 8 ];{}
443;[ 2, 4, 12 ];{}
443;[ 2, 4, 6 ];{}
443;[ 2, 4, 8 ];{}
443;[ 2, 6, 24 ];{}
443;[ 2, 6, 6 ];{}
443;[ 2, 8, 12 ];{}
443;[ 3, 4, 4 ];{}
443;[ 3, 4, 8 ];{}
444;[ 2, 2, 2, 12 ];{}
444;[ 2, 2, 2, 24 ];{}
444;[ 2, 2, 2, 3 ];{}
444;[ 2, 2, 2, 4 ];{}
444;[ 2, 2, 2, 6 ];{}
444;[ 2, 2, 2, 8 ];{}
444;[ 2, 2, 3, 3 ];{}
444;[ 2, 2, 3, 4 ];{}
444;[ 2, 3, 12 ];{}
444;[ 2, 3, 24 ];{}
444;[ 2, 3, 8 ];{}
444;[ 2, 4, 12 ];{}
444;[ 2, 4, 6 ];{}
444;[ 2, 4, 8 ];{}
444;[ 2, 6, 24 ];{}
444;[ 2, 6, 6 ];{}
444;[ 2, 8, 12 ];{}
444;[ 3, 4, 4 ];{}
444;[ 3, 4, 8 ];{}
445;[ 2, 2, 2, 12 ];{}
445;[ 2, 2, 2, 3 ];{}
445;[ 2, 2, 2, 4 ];{}
445;[ 2, 2, 2, 6 ];{}
445;[ 2, 2, 2, 8 ];{}
445;[ 2, 2, 3, 3 ];{}
445;[ 2, 2, 3, 4 ];{}
445;[ 2, 3, 12 ];{}
445;[ 2, 3, 8 ];{}
445;[ 2, 4, 12 ];{}
445;[ 2, 4, 6 ];{}
445;[ 2, 4, 8 ];{}
445;[ 2, 6, 6 ];{}
445;[ 2, 8, 12 ];{}
445;[ 3, 4, 4 ];{}
445;[ 3, 4, 8 ];{}
446;[ 2, 2, 2, 12 ];{}
446;[ 2, 2, 2, 24 ];{}
446;[ 2, 2, 2, 3 ];{}
446;[ 2, 2, 2, 4 ];{}
446;[ 2, 2, 2, 6 ];{}
446;[ 2, 2, 2, 8 ];{}
446;[ 2, 2, 3, 3 ];{}
446;[ 2, 2, 3, 4 ];{}
446;[ 2, 3, 12 ];{}
446;[ 2, 3, 24 ];{}
446;[ 2, 3, 8 ];{}
446;[ 2, 4, 12 ];{}
446;[ 2, 4, 6 ];{}
446;[ 2, 4, 8 ];{}
446;[ 2, 6, 24 ];{}
446;[ 2, 6, 6 ];{}
446;[ 2, 8, 12 ];{}
446;[ 3, 4, 4 ];{}
446;[ 3, 4, 8 ];{}
447;[ 2, 2, 2, 12 ];{}
447;[ 2, 2, 2, 24 ];{}
447;[ 2, 2, 2, 3 ];{}
447;[ 2, 2, 2, 4 ];{}
447;[ 2, 2, 2, 6 ];{}
447;[ 2, 2, 2, 8 ];{}
447;[ 2, 2, 3, 3 ];{}
447;[ 2, 2, 3, 4 ];{}
447;[ 2, 3, 12 ];{}
447;[ 2, 3, 24 ];{}
447;[ 2, 3, 8 ];{}
447;[ 2, 4, 12 ];{}
447;[ 2, 4, 6 ];{}
447;[ 2, 4, 8 ];{}
447;[ 2, 6, 24 ];{}
447;[ 2, 6, 6 ];{}
447;[ 2, 8, 12 ];{}
447;[ 3, 4, 4 ];{}
447;[ 3, 4, 8 ];{}
448;[ 2, 4, 12 ];{}
448;[ 3, 4, 4 ];{}
449;[ 2, 4, 12 ];{}
449;[ 3, 4, 4 ];{}
45;[ 2, 2, 2, 12 ];{}
45;[ 2, 2, 2, 18 ];{}
45;[ 2, 2, 2, 3 ];{}
45;[ 2, 2, 2, 4 ];{}
45;[ 2, 2, 2, 6 ];{}
45;[ 2, 2, 2, 9 ];{}
45;[ 2, 2, 3, 3 ];{}
45;[ 2, 2, 3, 4 ];{}
450;[ 2, 4, 12 ];{}
450;[ 3, 4, 4 ];{}
451;[ 2, 4, 12 ];{}
451;[ 3, 4, 4 ];{}
452;[ 2, 4, 12 ];{}
452;[ 3, 4, 4 ];{}
453;[ 2, 4, 12 ];{}
453;[ 3, 4, 4 ];{}
454;[ 2, 4, 12 ];{}
454;[ 3, 4, 4 ];{}
456;[ 2, 4, 12 ];{}
456;[ 2, 4, 8 ];{}
456;[ 2, 8, 12 ];{}
456;[ 3, 4, 4 ];{}
456;[ 3, 4, 8 ];{}
457;[ 2, 2, 2, 12 ];{}
457;[ 2, 2, 2, 24 ];{}
457;[ 2, 2, 2, 3 ];{}
457;[ 2, 2, 2, 4 ];{}
457;[ 2, 2, 2, 6 ];{}
457;[ 2, 2, 2, 8 ];{}
457;[ 2, 2, 3, 3 ];{}
457;[ 2, 2, 3, 4 ];{}
457;[ 2, 3, 12 ];{}
457;[ 2, 3, 24 ];{}
457;[ 2, 3, 8 ];{}
457;[ 2, 4, 12 ];{}
457;[ 2, 4, 6 ];{}
457;[ 2, 4, 8 ];{}
457;[ 2, 6, 24 ];{}
457;[ 2, 6, 6 ];{}
457;[ 2, 8, 12 ];{}
457;[ 3, 4, 4 ];{}
457;[ 3, 4, 8 ];{}
458;[ 2, 2, 2, 12 ];{}
458;[ 2, 2, 2, 24 ];{}
458;[ 2, 2, 2, 3 ];{}
458;[ 2, 2, 2, 4 ];{}
458;[ 2, 2, 2, 6 ];{}
458;[ 2, 2, 2, 8 ];{}
458;[ 2, 2, 3, 3 ];{}
458;[ 2, 2, 3, 4 ];{}
458;[ 2, 3, 12 ];{}
458;[ 2, 3, 24 ];{}
458;[ 2, 3, 8 ];{}
458;[ 2, 4, 12 ];{}
458;[ 2, 4, 6 ];{}
458;[ 2, 4, 8 ];{}
458;[ 2, 6, 24 ];{}
458;[ 2, 6, 6 ];{}
458;[ 2, 8, 12 ];{}
458;[ 3, 4, 4 ];{}
458;[ 3, 4, 8 ];{}
459;[ 2, 2, 2, 12 ];{}
459;[ 2, 2, 2, 24 ];{}
459;[ 2, 2, 2, 3 ];{}
459;[ 2, 2, 2, 4 ];{}
459;[ 2, 2, 2, 6 ];{}
459;[ 2, 2, 2, 8 ];{}
459;[ 2, 2, 3, 3 ];{}
459;[ 2, 2, 3, 4 ];{}
459;[ 2, 3, 12 ];{}
459;[ 2, 3, 24 ];{}
459;[ 2, 3, 8 ];{}
459;[ 2, 4, 12 ];{}
459;[ 2, 4, 6 ];{}
459;[ 2, 4, 8 ];{}
459;[ 2, 6, 24 ];{}
459;[ 2, 6, 6 ];{}
459;[ 2, 8, 12 ];{}
459;[ 3, 4, 4 ];{}
459;[ 3, 4, 8 ];{}
46;[ 2, 2, 2, 12 ];{}
46;[ 2, 2, 2, 18 ];{}
46;[ 2, 2, 2, 3 ];{}
46;[ 2, 2, 2, 4 ];{}
46;[ 2, 2, 2, 6 ];{}
46;[ 2, 2, 2, 9 ];{}
46;[ 2, 2, 3, 3 ];{}
46;[ 2, 2, 3, 4 ];{}
460;[ 2, 4, 12 ];{}
460;[ 3, 4, 4 ];{}
461;[ 2, 4, 12 ];{}
461;[ 3, 4, 4 ];{}
462;[ 2, 4, 12 ];{}
462;[ 3, 4, 4 ];{}
463;[ 2, 2, 3, 3 ];{}
466;[ 2, 2, 3, 3 ];{}
466;[ 2, 3, 12 ];{}
466;[ 2, 3, 24 ];{}
466;[ 2, 6, 24 ];{}
466;[ 2, 6, 6 ];{}
467;[ 2, 2, 3, 3 ];{}
467;[ 2, 3, 12 ];{}
467;[ 2, 3, 24 ];{}
467;[ 2, 6, 24 ];{}
467;[ 2, 6, 6 ];{}
468;[ 2, 2, 3, 3 ];{}
468;[ 2, 3, 12 ];{}
468;[ 2, 3, 24 ];{}
468;[ 2, 6, 24 ];{}
468;[ 2, 6, 6 ];{}
47;[ 2, 2, 2, 12 ];{}
47;[ 2, 2, 2, 18 ];{}
47;[ 2, 2, 2, 3 ];{}
47;[ 2, 2, 2, 4 ];{[ $.1 * $.4 * $.7^2, $.1 * $.2 * $.5^2 * $.7, $.1 * $.3 * $.4 * $.6, $.1 * $.2 * $.3 * $.4 * $.5 * $.6^2 * $.7 ]}
47;[ 2, 2, 2, 6 ];{}
47;[ 2, 2, 2, 9 ];{}
47;[ 2, 2, 3, 3 ];{}
47;[ 2, 2, 3, 4 ];{}
475;[ 2, 2, 3, 3 ];{}
475;[ 2, 3, 12 ];{}
475;[ 2, 3, 24 ];{}
475;[ 2, 6, 24 ];{}
475;[ 2, 6, 6 ];{}
476;[ 2, 2, 3, 3 ];{}
476;[ 2, 3, 12 ];{}
476;[ 2, 3, 24 ];{}
476;[ 2, 6, 24 ];{}
476;[ 2, 6, 6 ];{}
477;[ 2, 2, 3, 3 ];{}
477;[ 2, 3, 12 ];{}
477;[ 2, 3, 24 ];{}
477;[ 2, 6, 24 ];{}
477;[ 2, 6, 6 ];{}
478;[ 2, 2, 3, 3 ];{}
478;[ 2, 3, 12 ];{}
478;[ 2, 3, 24 ];{}
478;[ 2, 6, 24 ];{}
478;[ 2, 6, 6 ];{}
48;[ 2, 2, 2, 12 ];{}
48;[ 2, 2, 2, 18 ];{}
48;[ 2, 2, 2, 3 ];{}
48;[ 2, 2, 2, 4 ];{}
48;[ 2, 2, 2, 6 ];{}
48;[ 2, 2, 2, 9 ];{}
48;[ 2, 2, 3, 3 ];{}
48;[ 2, 2, 3, 4 ];{}
482;[ 2, 2, 3, 3 ];{}
482;[ 2, 3, 12 ];{}
482;[ 2, 3, 24 ];{}
482;[ 2, 6, 24 ];{}
482;[ 2, 6, 6 ];{}
483;[ 2, 2, 3, 3 ];{}
483;[ 2, 3, 12 ];{}
483;[ 2, 3, 24 ];{}
483;[ 2, 6, 24 ];{}
483;[ 2, 6, 6 ];{}
484;[ 2, 2, 3, 3 ];{}
484;[ 2, 3, 12 ];{}
484;[ 2, 3, 24 ];{}
484;[ 2, 6, 24 ];{}
484;[ 2, 6, 6 ];{}
49;[ 2, 2, 2, 12 ];{}
49;[ 2, 2, 2, 18 ];{}
49;[ 2, 2, 2, 3 ];{}
49;[ 2, 2, 2, 4 ];{}
49;[ 2, 2, 2, 6 ];{}
49;[ 2, 2, 2, 9 ];{}
49;[ 2, 2, 3, 3 ];{}
49;[ 2, 2, 3, 4 ];{}
491;[ 2, 2, 3, 3 ];{}
491;[ 2, 3, 12 ];{}
491;[ 2, 3, 24 ];{}
491;[ 2, 6, 24 ];{}
491;[ 2, 6, 6 ];{}
492;[ 2, 2, 3, 3 ];{}
492;[ 2, 3, 12 ];{}
492;[ 2, 3, 24 ];{}
492;[ 2, 6, 24 ];{}
492;[ 2, 6, 6 ];{}
493;[ 2, 2, 3, 3 ];{}
493;[ 2, 3, 12 ];{}
493;[ 2, 3, 24 ];{}
493;[ 2, 6, 24 ];{}
493;[ 2, 6, 6 ];{}
494;[ 2, 2, 3, 3 ];{}
494;[ 2, 3, 12 ];{}
494;[ 2, 3, 24 ];{}
494;[ 2, 6, 24 ];{}
494;[ 2, 6, 6 ];{}
497;[ 2, 4, 12 ];{}
497;[ 2, 4, 8 ];{}
497;[ 2, 8, 12 ];{}
497;[ 3, 4, 4 ];{}
497;[ 3, 4, 8 ];{}
498;[ 2, 2, 2, 12 ];{}
498;[ 2, 2, 2, 24 ];{}
498;[ 2, 2, 2, 3 ];{}
498;[ 2, 2, 2, 4 ];{}
498;[ 2, 2, 2, 6 ];{}
498;[ 2, 2, 2, 8 ];{}
498;[ 2, 2, 3, 3 ];{}
498;[ 2, 2, 3, 4 ];{}
498;[ 2, 3, 12 ];{}
498;[ 2, 3, 24 ];{}
498;[ 2, 3, 8 ];{}
498;[ 2, 4, 12 ];{}
498;[ 2, 4, 6 ];{}
498;[ 2, 4, 8 ];{}
498;[ 2, 6, 24 ];{}
498;[ 2, 6, 6 ];{}
498;[ 2, 8, 12 ];{}
498;[ 3, 4, 4 ];{}
498;[ 3, 4, 8 ];{}
499;[ 2, 2, 2, 12 ];{}
499;[ 2, 2, 2, 24 ];{}
499;[ 2, 2, 2, 3 ];{}
499;[ 2, 2, 2, 4 ];{}
499;[ 2, 2, 2, 6 ];{}
499;[ 2, 2, 2, 8 ];{}
499;[ 2, 2, 3, 3 ];{}
499;[ 2, 2, 3, 4 ];{}
499;[ 2, 3, 12 ];{}
499;[ 2, 3, 24 ];{}
499;[ 2, 3, 8 ];{}
499;[ 2, 4, 12 ];{}
499;[ 2, 4, 6 ];{}
499;[ 2, 4, 8 ];{}
499;[ 2, 6, 24 ];{}
499;[ 2, 6, 6 ];{}
499;[ 2, 8, 12 ];{}
499;[ 3, 4, 4 ];{}
499;[ 3, 4, 8 ];{}
50;[ 2, 2, 2, 12 ];{}
50;[ 2, 2, 2, 18 ];{}
50;[ 2, 2, 2, 3 ];{}
50;[ 2, 2, 2, 4 ];{[ $.1 * $.3 * $.4 * $.6 * $.7, $.1 * $.4 * $.5 * $.6^2, $.1 * $.2 * $.4 * $.5^2 * $.6^2 * $.7, $.1 * $.2 * $.3 * $.5 * $.6 * $.7^2 ]}
50;[ 2, 2, 2, 6 ];{}
50;[ 2, 2, 2, 9 ];{}
50;[ 2, 2, 3, 3 ];{}
50;[ 2, 2, 3, 4 ];{}
500;[ 2, 2, 2, 12 ];{}
500;[ 2, 2, 2, 24 ];{}
500;[ 2, 2, 2, 3 ];{}
500;[ 2, 2, 2, 4 ];{}
500;[ 2, 2, 2, 6 ];{}
500;[ 2, 2, 2, 8 ];{}
500;[ 2, 2, 3, 3 ];{}
500;[ 2, 2, 3, 4 ];{}
500;[ 2, 3, 12 ];{}
500;[ 2, 3, 24 ];{}
500;[ 2, 3, 8 ];{}
500;[ 2, 4, 12 ];{}
500;[ 2, 4, 6 ];{}
500;[ 2, 4, 8 ];{}
500;[ 2, 6, 24 ];{}
500;[ 2, 6, 6 ];{}
500;[ 2, 8, 12 ];{}
500;[ 3, 4, 4 ];{}
500;[ 3, 4, 8 ];{}
502;[ 2, 4, 12 ];{}
502;[ 2, 4, 8 ];{}
502;[ 2, 8, 12 ];{}
502;[ 3, 4, 4 ];{}
502;[ 3, 4, 8 ];{}
503;[ 2, 4, 12 ];{}
503;[ 3, 4, 4 ];{}
504;[ 2, 4, 12 ];{}
504;[ 3, 4, 4 ];{}
505;[ 2, 4, 12 ];{}
505;[ 3, 4, 4 ];{}
506;[ 2, 4, 12 ];{}
506;[ 3, 4, 4 ];{}
507;[ 2, 2, 2, 12 ];{}
507;[ 2, 2, 2, 3 ];{}
507;[ 2, 2, 2, 4 ];{}
507;[ 2, 2, 2, 6 ];{}
507;[ 2, 2, 2, 8 ];{}
507;[ 2, 2, 3, 3 ];{}
507;[ 2, 2, 3, 4 ];{}
507;[ 2, 3, 12 ];{}
507;[ 2, 3, 8 ];{}
507;[ 2, 4, 12 ];{}
507;[ 2, 4, 6 ];{}
507;[ 2, 4, 8 ];{}
507;[ 2, 6, 6 ];{}
507;[ 2, 8, 12 ];{}
507;[ 3, 4, 4 ];{}
507;[ 3, 4, 8 ];{}
508;[ 2, 2, 2, 12 ];{}
508;[ 2, 2, 2, 3 ];{}
508;[ 2, 2, 2, 4 ];{}
508;[ 2, 2, 2, 6 ];{}
508;[ 2, 2, 2, 8 ];{}
508;[ 2, 2, 3, 3 ];{}
508;[ 2, 2, 3, 4 ];{}
508;[ 2, 3, 12 ];{}
508;[ 2, 3, 8 ];{}
508;[ 2, 4, 12 ];{}
508;[ 2, 4, 6 ];{}
508;[ 2, 4, 8 ];{}
508;[ 2, 6, 6 ];{}
508;[ 2, 8, 12 ];{}
508;[ 3, 4, 4 ];{}
508;[ 3, 4, 8 ];{}
509;[ 2, 2, 2, 12 ];{}
509;[ 2, 2, 2, 3 ];{}
509;[ 2, 2, 2, 4 ];{}
509;[ 2, 2, 2, 6 ];{}
509;[ 2, 2, 2, 8 ];{}
509;[ 2, 2, 3, 3 ];{}
509;[ 2, 2, 3, 4 ];{}
509;[ 2, 3, 12 ];{}
509;[ 2, 3, 8 ];{}
509;[ 2, 4, 12 ];{}
509;[ 2, 4, 6 ];{}
509;[ 2, 4, 8 ];{}
509;[ 2, 6, 6 ];{}
509;[ 2, 8, 12 ];{}
509;[ 3, 4, 4 ];{}
509;[ 3, 4, 8 ];{}
510;[ 2, 2, 2, 12 ];{}
510;[ 2, 2, 2, 3 ];{}
510;[ 2, 2, 2, 4 ];{}
510;[ 2, 2, 2, 6 ];{}
510;[ 2, 2, 2, 8 ];{}
510;[ 2, 2, 3, 3 ];{}
510;[ 2, 2, 3, 4 ];{}
510;[ 2, 3, 12 ];{}
510;[ 2, 3, 8 ];{}
510;[ 2, 4, 12 ];{}
510;[ 2, 4, 6 ];{}
510;[ 2, 4, 8 ];{}
510;[ 2, 6, 6 ];{}
510;[ 2, 8, 12 ];{}
510;[ 3, 4, 4 ];{}
510;[ 3, 4, 8 ];{}
511;[ 3, 4, 4 ];{}
517;[ 2, 2, 3, 3 ];{}
518;[ 2, 2, 3, 3 ];{}
519;[ 2, 2, 3, 3 ];{}
52;[ 2, 2, 2, 18 ];{}
52;[ 2, 2, 2, 3 ];{}
52;[ 2, 2, 2, 4 ];{}
52;[ 2, 2, 2, 6 ];{}
52;[ 2, 2, 2, 9 ];{}
52;[ 2, 2, 3, 3 ];{}
52;[ 2, 2, 3, 4 ];{}
520;[ 2, 2, 2, 12 ];{}
520;[ 2, 2, 2, 3 ];{}
520;[ 2, 2, 2, 4 ];{}
520;[ 2, 2, 2, 6 ];{}
520;[ 2, 2, 2, 8 ];{}
520;[ 2, 2, 3, 3 ];{}
520;[ 2, 2, 3, 4 ];{}
520;[ 2, 3, 12 ];{}
520;[ 2, 3, 8 ];{}
520;[ 2, 4, 12 ];{}
520;[ 2, 4, 6 ];{}
520;[ 2, 4, 8 ];{[ $.2 * $.6^2 * $.7^2, $.1 * $.2 * $.3 * $.5^2 * $.6 * $.7, $.1 * $.3 * $.6 * $.7^2 ]:[ $.2 * $.3 * $.5, $.1 * $.2 * $.3 * $.5^2 * $.6^2 * $.7, $.1 * $.4 ]}
520;[ 2, 6, 6 ];{}
520;[ 2, 8, 12 ];{[ $.1 * $.2 * $.3 * $.4 * $.5^2 * $.6, $.2 * $.4 * $.5 * $.6 * $.7^2, $.1 * $.5^2 * $.6^2 ]:[ $.1 * $.2 * $.4 * $.5 * $.6^2 * $.7^2, $.2 * $.4 * $.5 * $.6 * $.7^2, $.1 * $.3 * $.4 * $.5^2 ]:[ $.1 * $.2 * $.3 * $.4 * $.7^2, $.2 * $.4 * $.5^2 * $.6^2, $.1 * $.5 * $.7 ]:[ $.1 * $.2 * $.4 * $.6 * $.7, $.2 * $.4 * $.7^2, $.1 * $.3 * $.4 * $.5^2 ]}
520;[ 3, 4, 4 ];{}
520;[ 3, 4, 8 ];{}
521;[ 2, 2, 2, 12 ];{}
521;[ 2, 2, 2, 18 ];{}
521;[ 2, 2, 2, 3 ];{}
521;[ 2, 2, 2, 4 ];{}
521;[ 2, 2, 2, 6 ];{[ $.1 * $.4^2 * $.5 * $.6, $.1 * $.2 * $.3^2 * $.4^2 * $.5 * $.6, $.1 * $.2 * $.3 * $.5^2, $.1 * $.3 * $.5^2 ]}
521;[ 2, 2, 2, 9 ];{[ $.2 * $.6 * $.7, $.1 * $.5 * $.6, $.3^2 * $.4^2 * $.5^2, $.1 * $.2 * $.3^2 * $.4^2 * $.6 ]}
521;[ 2, 2, 3, 3 ];{}
521;[ 2, 2, 3, 4 ];{}
521;[ 2, 3, 12 ];{}
521;[ 2, 3, 18 ];{}
521;[ 2, 3, 36 ];{}
521;[ 2, 4, 12 ];{}
521;[ 2, 4, 18 ];{}
521;[ 2, 4, 6 ];{}
521;[ 2, 4, 9 ];{}
521;[ 2, 6, 6 ];{}
521;[ 3, 4, 4 ];{}
522;[ 2, 2, 2, 12 ];{[ $.2 * $.3 * $.4^2 * $.5^2 * $.6 * $.7, $.2 * $.3^2 * $.5^2, $.1 * $.2 * $.3 * $.4 * $.5 * $.7, $.1 * $.2 * $.4^2 * $.5 ]}
522;[ 2, 2, 2, 18 ];{[ $.1 * $.3^2 * $.5^2 * $.6, $.1 * $.6, $.1 * $.2 * $.4, $.1 * $.2 * $.3 * $.4 * $.5^2 ]}
522;[ 2, 2, 2, 3 ];{}
522;[ 2, 2, 2, 4 ];{}
522;[ 2, 2, 2, 6 ];{}
522;[ 2, 2, 2, 9 ];{[ $.3 * $.4 * $.5, $.1 * $.7, $.2 * $.3^2 * $.5^2 * $.6, $.1 * $.2 * $.3 * $.4^2 * $.5 * $.7 ]}
522;[ 2, 2, 3, 3 ];{}
522;[ 2, 2, 3, 4 ];{}
522;[ 2, 3, 12 ];{}
522;[ 2, 3, 18 ];{}
522;[ 2, 4, 12 ];{}
522;[ 2, 4, 18 ];{}
522;[ 2, 4, 6 ];{}
522;[ 2, 4, 9 ];{}
522;[ 2, 6, 6 ];{}
522;[ 3, 4, 4 ];{}
523;[ 2, 2, 2, 12 ];{[ $.1 * $.2 * $.4^2 * $.6 * $.7, $.1 * $.2 * $.3 * $.7, $.2 * $.3 * $.5^2, $.2 * $.4^2 * $.5^2 * $.7 ]}
523;[ 2, 2, 2, 3 ];{[ $.1 * $.2 * $.3 * $.4^2 * $.5, $.2 * $.5 * $.6 * $.7, $.1 * $.5^2 * $.7, $.3 * $.4^2 * $.7 ]}
523;[ 2, 2, 2, 4 ];{}
523;[ 2, 2, 2, 6 ];{[ $.1 * $.2 * $.3^2 * $.4^2 * $.5^2, $.1 * $.2 * $.3 * $.7, $.1 * $.5 * $.6 * $.7, $.1 * $.3 * $.4^2 * $.7 ]}
523;[ 2, 2, 3, 3 ];{}
523;[ 2, 2, 3, 4 ];{[ $.1 * $.2 * $.3^2 * $.4^2 * $.5^2 * $.6 * $.7, $.1 * $.5^2, $.2 * $.5^2, $.3^2 * $.4^2 * $.5^2 * $.7 ]:[ $.2 * $.3 * $.5^2 * $.6, $.1 * $.2 * $.6 * $.7, $.1 * $.4 * $.6, $.3 * $.4^2 * $.5 ]:[ $.2 * $.5^2 * $.6, $.1 * $.5^2, $.1 * $.2 * $.3 * $.4 * $.5^2 * $.7, $.3^2 * $.4^2 * $.5^2 * $.6 * $.7 ]:[ $.1 * $.2 * $.3 * $.4 * $.5^2 * $.6 * $.7, $.2 * $.6 * $.7, $.1 * $.4^2 * $.6 * $.7, $.3 * $.4^2 * $.6 ]}
523;[ 2, 3, 12 ];{}
523;[ 2, 4, 12 ];{}
523;[ 2, 4, 6 ];{}
523;[ 2, 6, 6 ];{}
523;[ 3, 4, 4 ];{}
526;[ 2, 2, 3, 3 ];{}
526;[ 2, 6, 6 ];{}
526;[ 3, 3, 6 ];{[ $.1 * $.3^2 * $.4 * $.5 * $.7, $.1 * $.2^2 * $.3 * $.6, $.1 * $.2 * $.3 * $.4 * $.5 ]}
527;[ 2, 2, 3, 3 ];{}
527;[ 2, 3, 18 ];{}
527;[ 2, 6, 6 ];{}
527;[ 3, 3, 6 ];{}
528;[ 2, 2, 3, 3 ];{}
528;[ 2, 3, 18 ];{}
528;[ 2, 6, 6 ];{}
528;[ 3, 3, 6 ];{}
530;[ 2, 2, 2, 12 ];{[ $.3 * $.4 * $.5 * $.6 * $.7^2, $.2 * $.3 * $.5 * $.6^2 * $.7, $.1 * $.5^2 * $.7^2, $.1 * $.2 * $.4 * $.7^2 ]}
530;[ 2, 2, 2, 3 ];{}
530;[ 2, 2, 2, 4 ];{[ $.3 * $.4 * $.5^2 * $.6 * $.7, $.1 * $.3 * $.4 * $.6 * $.7^2, $.2 * $.3 * $.5 * $.6^2, $.1 * $.2 * $.3 * $.4 * $.5 * $.6^2 * $.7^2 ]}
530;[ 2, 2, 2, 6 ];{[ $.2 * $.4 * $.7, $.2 * $.3 * $.5^2 * $.6 * $.7, $.1 * $.7^2, $.1 * $.3 * $.4 * $.5^2 * $.6 * $.7 ]}
530;[ 2, 2, 3, 3 ];{}
530;[ 2, 2, 3, 4 ];{}
531;[ 2, 2, 2, 12 ];{}
531;[ 2, 2, 2, 3 ];{}
531;[ 2, 2, 2, 4 ];{}
531;[ 2, 2, 2, 6 ];{}
531;[ 2, 2, 3, 3 ];{}
531;[ 2, 2, 3, 4 ];{}
533;[ 2, 2, 3, 3 ];{}
533;[ 2, 3, 12 ];{}
533;[ 2, 3, 18 ];{}
533;[ 2, 6, 6 ];{}
534;[ 2, 2, 3, 3 ];{}
534;[ 2, 3, 12 ];{}
534;[ 2, 3, 18 ];{}
534;[ 2, 6, 6 ];{}
535;[ 2, 2, 3, 3 ];{}
535;[ 2, 3, 12 ];{}
535;[ 2, 6, 6 ];{}
536;[ 2, 2, 2, 18 ];{}
536;[ 2, 2, 2, 3 ];{}
536;[ 2, 2, 2, 4 ];{[ $.1 * $.2 * $.3 * $.4 * $.5 * $.7, $.1 * $.2 * $.3 * $.4^2 * $.5^2, $.1 * $.3^2 * $.4^2 * $.5 * $.6, $.1 * $.3^2 * $.4 * $.6 * $.7 ]}
536;[ 2, 2, 2, 6 ];{}
536;[ 2, 2, 2, 9 ];{}
536;[ 2, 2, 3, 3 ];{}
536;[ 2, 2, 3, 4 ];{}
536;[ 2, 3, 18 ];{}
536;[ 2, 4, 18 ];{}
536;[ 2, 4, 6 ];{}
536;[ 2, 4, 9 ];{}
536;[ 2, 6, 6 ];{}
536;[ 3, 4, 4 ];{}
537;[ 2, 2, 2, 18 ];{}
537;[ 2, 2, 2, 3 ];{}
537;[ 2, 2, 2, 4 ];{[ $.1 * $.2 * $.3 * $.4 * $.5 * $.7, $.1 * $.2 * $.3 * $.4^2 * $.5^2, $.1 * $.3^2 * $.4^2 * $.5 * $.6, $.1 * $.3^2 * $.4 * $.6 * $.7 ]}
537;[ 2, 2, 2, 6 ];{}
537;[ 2, 2, 2, 9 ];{}
537;[ 2, 2, 3, 3 ];{}
537;[ 2, 2, 3, 4 ];{}
537;[ 2, 3, 18 ];{}
537;[ 2, 4, 18 ];{}
537;[ 2, 4, 6 ];{}
537;[ 2, 4, 9 ];{}
537;[ 2, 6, 6 ];{}
537;[ 3, 4, 4 ];{}
538;[ 2, 2, 2, 12 ];{[ $.1 * $.2 * $.3^2 * $.4 * $.5 * $.6, $.1 * $.2 * $.4^2 * $.6 * $.7, $.1 * $.3 * $.4 * $.5^2 * $.7, $.1 * $.5 * $.7 ]}
538;[ 2, 2, 2, 3 ];{}
538;[ 2, 2, 2, 4 ];{}
538;[ 2, 2, 2, 6 ];{}
538;[ 2, 2, 3, 3 ];{}
538;[ 2, 2, 3, 4 ];{}
538;[ 2, 3, 12 ];{}
538;[ 2, 4, 12 ];{}
538;[ 2, 4, 6 ];{}
538;[ 2, 6, 6 ];{}
538;[ 3, 4, 4 ];{}
539;[ 2, 2, 3, 3 ];{}
539;[ 2, 3, 18 ];{}
539;[ 2, 6, 6 ];{}
540;[ 2, 2, 3, 3 ];{}
540;[ 2, 3, 18 ];{}
540;[ 2, 6, 6 ];{}
542;[ 2, 2, 3, 3 ];{}
542;[ 2, 6, 6 ];{[ $.2 * $.3^2 * $.4 * $.6^2 * $.7, $.1 * $.4 * $.5 * $.6^2 * $.7^2, $.1 * $.2 * $.3 * $.4 * $.7 ]}
547;[ 2, 2, 3, 3 ];{}
547;[ 2, 3, 18 ];{}
547;[ 2, 6, 6 ];{}
549;[ 2, 2, 3, 3 ];{}
549;[ 2, 3, 18 ];{}
549;[ 2, 6, 6 ];{}
550;[ 2, 2, 3, 3 ];{}
550;[ 2, 6, 6 ];{}
552;[ 2, 2, 3, 3 ];{}
552;[ 2, 3, 18 ];{}
552;[ 2, 6, 6 ];{}
552;[ 3, 3, 6 ];{}
554;[ 2, 2, 3, 3 ];{}
554;[ 2, 6, 6 ];{}
554;[ 3, 3, 6 ];{}
555;[ 2, 2, 3, 3 ];{}
555;[ 2, 6, 6 ];{}
555;[ 3, 3, 6 ];{}
567;[ 2, 4, 12 ];{}
567;[ 3, 4, 4 ];{}
568;[ 2, 4, 12 ];{[ $.1 * $.3 * $.4, $.2 * $.4 * $.5 * $.7^2, $.1 * $.2 * $.4 * $.5 * $.6^2 * $.7^2 ]}
568;[ 3, 4, 4 ];{}
569;[ 2, 4, 12 ];{}
569;[ 3, 4, 4 ];{}
572;[ 2, 4, 12 ];{}
572;[ 2, 4, 8 ];{}
572;[ 2, 8, 12 ];{}
572;[ 3, 4, 4 ];{}
572;[ 3, 4, 8 ];{}
573;[ 2, 4, 12 ];{}
573;[ 2, 4, 8 ];{}
573;[ 2, 8, 12 ];{}
573;[ 3, 4, 4 ];{}
573;[ 3, 4, 8 ];{}
576;[ 2, 2, 3, 3 ];{}
576;[ 2, 3, 12 ];{}
576;[ 2, 3, 24 ];{}
576;[ 2, 6, 24 ];{[ $.1 * $.3^2 * $.4 * $.6 * $.7^2, $.2 * $.4 * $.6^2 * $.7^2, $.1 * $.2 * $.3 * $.4 * $.6 ]}
576;[ 2, 6, 6 ];{}
577;[ 2, 2, 3, 3 ];{}
577;[ 2, 3, 12 ];{}
577;[ 2, 3, 24 ];{}
577;[ 2, 6, 24 ];{}
577;[ 2, 6, 6 ];{}
578;[ 2, 2, 3, 3 ];{}
578;[ 2, 3, 12 ];{}
578;[ 2, 3, 24 ];{}
578;[ 2, 6, 24 ];{}
578;[ 2, 6, 6 ];{}
579;[ 2, 4, 12 ];{[ $.2 * $.3 * $.4 * $.5^2 * $.6 * $.7, $.1 * $.4 * $.7, $.1 * $.2 * $.3 * $.4 * $.5 * $.6 ]}
579;[ 3, 4, 4 ];{}
580;[ 2, 4, 12 ];{}
580;[ 3, 4, 4 ];{}
581;[ 2, 4, 12 ];{}
581;[ 3, 4, 4 ];{}
582;[ 2, 2, 2, 12 ];{}
582;[ 2, 2, 2, 3 ];{}
582;[ 2, 2, 2, 4 ];{}
582;[ 2, 2, 2, 6 ];{[ $.2 * $.6^2 * $.7, $.2 * $.5^2, $.1 * $.3 * $.7^2, $.1 * $.3 * $.5 * $.6 * $.7 ]}
582;[ 2, 2, 2, 8 ];{}
582;[ 2, 2, 3, 3 ];{}
582;[ 2, 2, 3, 4 ];{}
582;[ 2, 3, 12 ];{}
582;[ 2, 3, 8 ];{}
582;[ 2, 4, 12 ];{}
582;[ 2, 4, 6 ];{}
582;[ 2, 4, 8 ];{}
582;[ 2, 6, 6 ];{}
582;[ 2, 8, 12 ];{}
582;[ 3, 4, 4 ];{}
582;[ 3, 4, 8 ];{}
583;[ 2, 2, 2, 12 ];{}
583;[ 2, 2, 2, 3 ];{}
583;[ 2, 2, 2, 4 ];{}
583;[ 2, 2, 2, 6 ];{}
583;[ 2, 2, 2, 8 ];{}
583;[ 2, 2, 3, 3 ];{}
583;[ 2, 2, 3, 4 ];{}
583;[ 2, 3, 12 ];{}
583;[ 2, 3, 8 ];{}
583;[ 2, 4, 12 ];{}
583;[ 2, 4, 6 ];{}
583;[ 2, 4, 8 ];{}
583;[ 2, 6, 6 ];{}
583;[ 2, 8, 12 ];{[ $.2 * $.3 * $.4 * $.5^2 * $.6^2 * $.7, $.1, $.1 * $.2 * $.3 * $.5 * $.6^2 * $.7^2 ]}
583;[ 3, 4, 4 ];{}
583;[ 3, 4, 8 ];{}
584;[ 2, 2, 2, 12 ];{}
584;[ 2, 2, 2, 3 ];{}
584;[ 2, 2, 2, 4 ];{}
584;[ 2, 2, 2, 6 ];{}
584;[ 2, 2, 2, 8 ];{}
584;[ 2, 2, 3, 3 ];{}
584;[ 2, 2, 3, 4 ];{}
584;[ 2, 3, 12 ];{}
584;[ 2, 3, 8 ];{}
584;[ 2, 4, 12 ];{}
584;[ 2, 4, 6 ];{}
584;[ 2, 4, 8 ];{}
584;[ 2, 6, 6 ];{}
584;[ 2, 8, 12 ];{}
584;[ 3, 4, 4 ];{}
584;[ 3, 4, 8 ];{}
585;[ 2, 2, 2, 12 ];{}
585;[ 2, 2, 2, 3 ];{}
585;[ 2, 2, 2, 4 ];{}
585;[ 2, 2, 2, 6 ];{}
585;[ 2, 2, 2, 8 ];{}
585;[ 2, 2, 3, 3 ];{}
585;[ 2, 2, 3, 4 ];{}
585;[ 2, 3, 12 ];{}
585;[ 2, 3, 8 ];{}
585;[ 2, 4, 12 ];{}
585;[ 2, 4, 6 ];{}
585;[ 2, 4, 8 ];{}
585;[ 2, 6, 6 ];{}
585;[ 2, 8, 12 ];{}
585;[ 3, 4, 4 ];{}
585;[ 3, 4, 8 ];{}
586;[ 2, 4, 12 ];{}
586;[ 3, 4, 4 ];{}
587;[ 2, 4, 12 ];{}
587;[ 3, 4, 4 ];{}
588;[ 2, 2, 2, 12 ];{}
588;[ 2, 2, 2, 24 ];{}
588;[ 2, 2, 2, 3 ];{}
588;[ 2, 2, 2, 4 ];{}
588;[ 2, 2, 2, 6 ];{[ $.1 * $.3 * $.4 * $.5^2 * $.6^2, $.1 * $.5^2 * $.6^2 * $.7, $.1 * $.2 * $.6 * $.7^2, $.1 * $.2 * $.3 * $.4 * $.5 * $.7 ]}
588;[ 2, 2, 2, 8 ];{}
588;[ 2, 2, 3, 3 ];{}
588;[ 2, 2, 3, 4 ];{}
588;[ 2, 3, 12 ];{}
588;[ 2, 3, 24 ];{}
588;[ 2, 3, 8 ];{}
588;[ 2, 4, 12 ];{}
588;[ 2, 4, 6 ];{}
588;[ 2, 4, 8 ];{}
588;[ 2, 6, 24 ];{[ $.2 * $.3 * $.4 * $.6 * $.7^2, $.1 * $.4 * $.5^2 * $.7^2, $.1 * $.2 ]}
588;[ 2, 6, 6 ];{}
588;[ 2, 8, 12 ];{}
588;[ 3, 4, 4 ];{}
588;[ 3, 4, 8 ];{}
589;[ 2, 2, 2, 12 ];{}
589;[ 2, 2, 2, 24 ];{}
589;[ 2, 2, 2, 3 ];{}
589;[ 2, 2, 2, 4 ];{}
589;[ 2, 2, 2, 6 ];{}
589;[ 2, 2, 2, 8 ];{}
589;[ 2, 2, 3, 3 ];{}
589;[ 2, 2, 3, 4 ];{}
589;[ 2, 3, 12 ];{}
589;[ 2, 3, 24 ];{}
589;[ 2, 3, 8 ];{}
589;[ 2, 4, 12 ];{}
589;[ 2, 4, 6 ];{}
589;[ 2, 4, 8 ];{}
589;[ 2, 6, 24 ];{}
589;[ 2, 6, 6 ];{}
589;[ 2, 8, 12 ];{}
589;[ 3, 4, 4 ];{}
589;[ 3, 4, 8 ];{}
590;[ 2, 2, 2, 12 ];{}
590;[ 2, 2, 2, 24 ];{}
590;[ 2, 2, 2, 3 ];{}
590;[ 2, 2, 2, 4 ];{}
590;[ 2, 2, 2, 6 ];{}
590;[ 2, 2, 2, 8 ];{}
590;[ 2, 2, 3, 3 ];{}
590;[ 2, 2, 3, 4 ];{}
590;[ 2, 3, 12 ];{}
590;[ 2, 3, 24 ];{}
590;[ 2, 3, 8 ];{}
590;[ 2, 4, 12 ];{}
590;[ 2, 4, 6 ];{}
590;[ 2, 4, 8 ];{}
590;[ 2, 6, 24 ];{}
590;[ 2, 6, 6 ];{}
590;[ 2, 8, 12 ];{}
590;[ 3, 4, 4 ];{}
590;[ 3, 4, 8 ];{}
592;[ 2, 4, 12 ];{}
592;[ 3, 4, 4 ];{}
593;[ 2, 4, 12 ];{}
593;[ 3, 4, 4 ];{}
597;[ 2, 2, 2, 12 ];{}
597;[ 2, 2, 2, 3 ];{}
597;[ 2, 2, 2, 4 ];{}
597;[ 2, 2, 2, 6 ];{}
597;[ 2, 2, 3, 3 ];{}
597;[ 2, 2, 3, 4 ];{}
598;[ 2, 2, 2, 12 ];{}
598;[ 2, 2, 2, 3 ];{}
598;[ 2, 2, 2, 4 ];{}
598;[ 2, 2, 2, 6 ];{[ $.1 * $.2 * $.4 * $.6^2 * $.7^2, $.2 * $.3 * $.5^2 * $.6, $.2 * $.4 * $.5^2 * $.6 * $.7^2, $.1 * $.2 * $.3 * $.4 * $.5 * $.6^2 * $.7 ]}
598;[ 2, 2, 3, 3 ];{}
598;[ 2, 2, 3, 4 ];{}
599;[ 2, 2, 2, 12 ];{}
599;[ 2, 2, 2, 3 ];{}
599;[ 2, 2, 2, 4 ];{}
599;[ 2, 2, 2, 6 ];{}
599;[ 2, 2, 3, 3 ];{}
599;[ 2, 2, 3, 4 ];{}
6;[ 2, 4, 216 ];{}
6;[ 2, 8, 108 ];{}
6;[ 2, 8, 12 ];{}
6;[ 3, 4, 8 ];{}
60;[ 2, 4, 12 ];{}
60;[ 2, 4, 8 ];{}
60;[ 2, 8, 12 ];{}
60;[ 3, 4, 4 ];{}
60;[ 3, 4, 8 ];{}
600;[ 2, 2, 2, 12 ];{}
600;[ 2, 2, 2, 3 ];{}
600;[ 2, 2, 2, 4 ];{}
600;[ 2, 2, 2, 6 ];{}
600;[ 2, 2, 3, 3 ];{}
600;[ 2, 2, 3, 4 ];{}
601;[ 2, 2, 2, 12 ];{[ $.3 * $.5 * $.6 * $.7^2, $.1 * $.3 * $.5^2 * $.7, $.2 * $.3 * $.4 * $.5^2, $.1 * $.2 * $.3 * $.4 * $.5 * $.6^2 * $.7^2 ]}
601;[ 2, 2, 2, 3 ];{}
601;[ 2, 2, 2, 4 ];{}
601;[ 2, 2, 2, 6 ];{}
601;[ 2, 2, 3, 3 ];{}
601;[ 2, 2, 3, 4 ];{}
602;[ 2, 2, 2, 12 ];{[ $.2 * $.3 * $.4, $.2 * $.5 * $.6^2 * $.7^2, $.1 * $.2 * $.4 * $.6, $.1 * $.2 * $.3 * $.5 * $.6^2 * $.7 ]}
602;[ 2, 2, 2, 3 ];{}
602;[ 2, 2, 2, 4 ];{}
602;[ 2, 2, 2, 6 ];{[ $.1 * $.4 * $.5 * $.6^2 * $.7, $.1 * $.3 * $.4 * $.5 * $.7^2, $.1 * $.2 * $.7^2, $.1 * $.2 * $.3 * $.4 * $.6 * $.7 ]}
602;[ 2, 2, 3, 3 ];{}
602;[ 2, 2, 3, 4 ];{}
603;[ 2, 2, 2, 12 ];{}
603;[ 2, 2, 2, 3 ];{}
603;[ 2, 2, 2, 4 ];{}
603;[ 2, 2, 2, 6 ];{}
603;[ 2, 2, 3, 3 ];{}
603;[ 2, 2, 3, 4 ];{}
604;[ 2, 2, 2, 12 ];{}
604;[ 2, 2, 2, 3 ];{}
604;[ 2, 2, 2, 4 ];{}
604;[ 2, 2, 2, 6 ];{}
604;[ 2, 2, 3, 3 ];{}
604;[ 2, 2, 3, 4 ];{}
605;[ 2, 2, 2, 12 ];{}
605;[ 2, 2, 2, 3 ];{}
605;[ 2, 2, 2, 4 ];{}
605;[ 2, 2, 2, 6 ];{}
605;[ 2, 2, 3, 3 ];{}
605;[ 2, 2, 3, 4 ];{}
606;[ 2, 2, 2, 12 ];{}
606;[ 2, 2, 2, 3 ];{}
606;[ 2, 2, 2, 4 ];{}
606;[ 2, 2, 2, 6 ];{}
606;[ 2, 2, 3, 3 ];{}
606;[ 2, 2, 3, 4 ];{}
607;[ 2, 2, 2, 12 ];{}
607;[ 2, 2, 2, 3 ];{}
607;[ 2, 2, 2, 4 ];{}
607;[ 2, 2, 2, 6 ];{}
607;[ 2, 2, 3, 3 ];{}
607;[ 2, 2, 3, 4 ];{}
608;[ 2, 2, 2, 12 ];{}
608;[ 2, 2, 2, 3 ];{}
608;[ 2, 2, 2, 4 ];{}
608;[ 2, 2, 2, 6 ];{}
608;[ 2, 2, 3, 3 ];{}
608;[ 2, 2, 3, 4 ];{}
609;[ 2, 2, 2, 12 ];{}
609;[ 2, 2, 2, 3 ];{}
609;[ 2, 2, 2, 4 ];{}
609;[ 2, 2, 2, 6 ];{}
609;[ 2, 2, 3, 3 ];{}
609;[ 2, 2, 3, 4 ];{}
61;[ 2, 4, 12 ];{}
61;[ 2, 4, 8 ];{}
61;[ 2, 8, 12 ];{}
61;[ 3, 4, 4 ];{}
61;[ 3, 4, 8 ];{}
610;[ 2, 2, 2, 12 ];{}
610;[ 2, 2, 2, 3 ];{}
610;[ 2, 2, 2, 4 ];{}
610;[ 2, 2, 2, 6 ];{}
610;[ 2, 2, 3, 3 ];{}
610;[ 2, 2, 3, 4 ];{}
611;[ 2, 2, 2, 12 ];{}
611;[ 2, 2, 2, 3 ];{}
611;[ 2, 2, 2, 4 ];{}
611;[ 2, 2, 2, 6 ];{}
611;[ 2, 2, 3, 3 ];{}
611;[ 2, 2, 3, 4 ];{}
612;[ 2, 2, 2, 12 ];{[ $.1 * $.3, $.1 * $.2 * $.6^2 * $.7^2, $.1 * $.5^2 * $.6^2, $.1 * $.2 * $.3 * $.5^2 * $.6 * $.7 ]}
612;[ 2, 2, 2, 3 ];{}
612;[ 2, 2, 2, 4 ];{}
612;[ 2, 2, 2, 6 ];{}
612;[ 2, 2, 3, 3 ];{}
612;[ 2, 2, 3, 4 ];{}
613;[ 2, 2, 3, 3 ];{}
613;[ 2, 3, 12 ];{}
613;[ 2, 3, 24 ];{}
613;[ 2, 6, 24 ];{}
613;[ 2, 6, 6 ];{}
614;[ 2, 2, 3, 3 ];{}
614;[ 2, 3, 12 ];{}
614;[ 2, 3, 24 ];{}
614;[ 2, 6, 24 ];{}
614;[ 2, 6, 6 ];{}
616;[ 2, 2, 3, 3 ];{}
616;[ 2, 3, 12 ];{}
616;[ 2, 3, 24 ];{}
616;[ 2, 6, 24 ];{}
616;[ 2, 6, 6 ];{}
617;[ 2, 2, 3, 3 ];{[ $.2^2 * $.3^2 * $.4^2 * $.5 * $.7, $.2 * $.3^2 * $.4 * $.5 * $.6, $.1 * $.4 * $.7, $.1 * $.3^2 * $.4 ]}
617;[ 2, 3, 12 ];{}
617;[ 2, 3, 24 ];{}
617;[ 2, 6, 24 ];{}
617;[ 2, 6, 6 ];{}
619;[ 2, 2, 2, 12 ];{}
619;[ 2, 2, 2, 3 ];{}
619;[ 2, 2, 2, 4 ];{}
619;[ 2, 2, 2, 6 ];{}
619;[ 2, 2, 2, 8 ];{}
619;[ 2, 2, 3, 3 ];{}
619;[ 2, 2, 3, 4 ];{}
619;[ 2, 3, 12 ];{}
619;[ 2, 3, 8 ];{}
619;[ 2, 4, 12 ];{}
619;[ 2, 4, 6 ];{}
619;[ 2, 4, 8 ];{}
619;[ 2, 6, 6 ];{}
619;[ 2, 8, 12 ];{}
619;[ 3, 4, 4 ];{}
619;[ 3, 4, 8 ];{}
62;[ 2, 2, 2, 12 ];{}
62;[ 2, 2, 2, 18 ];{}
62;[ 2, 2, 2, 24 ];{}
62;[ 2, 2, 2, 3 ];{}
62;[ 2, 2, 2, 4 ];{}
62;[ 2, 2, 2, 6 ];{}
62;[ 2, 2, 2, 8 ];{}
62;[ 2, 2, 2, 9 ];{}
62;[ 2, 2, 3, 3 ];{}
62;[ 2, 2, 3, 4 ];{}
62;[ 2, 3, 12 ];{}
62;[ 2, 3, 18 ];{}
62;[ 2, 3, 24 ];{}
62;[ 2, 3, 36 ];{}
62;[ 2, 3, 72 ];{}
62;[ 2, 4, 12 ];{}
62;[ 2, 4, 18 ];{}
62;[ 2, 4, 6 ];{}
62;[ 2, 4, 8 ];{}
62;[ 2, 4, 9 ];{}
62;[ 2, 6, 24 ];{}
62;[ 2, 6, 6 ];{}
62;[ 2, 8, 12 ];{}
62;[ 3, 4, 4 ];{}
62;[ 3, 4, 8 ];{}
620;[ 2, 2, 2, 12 ];{}
620;[ 2, 2, 2, 3 ];{}
620;[ 2, 2, 2, 4 ];{}
620;[ 2, 2, 2, 6 ];{}
620;[ 2, 2, 2, 8 ];{}
620;[ 2, 2, 3, 3 ];{}
620;[ 2, 2, 3, 4 ];{}
620;[ 2, 3, 12 ];{}
620;[ 2, 3, 8 ];{}
620;[ 2, 4, 12 ];{}
620;[ 2, 4, 6 ];{}
620;[ 2, 4, 8 ];{}
620;[ 2, 6, 6 ];{}
620;[ 2, 8, 12 ];{}
620;[ 3, 4, 4 ];{}
620;[ 3, 4, 8 ];{}
621;[ 3, 4, 4 ];{}
622;[ 2, 2, 3, 3 ];{}
622;[ 2, 3, 12 ];{}
622;[ 2, 6, 6 ];{}
623;[ 2, 2, 3, 3 ];{}
623;[ 2, 3, 12 ];{}
623;[ 2, 6, 6 ];{}
625;[ 2, 2, 3, 3 ];{[ $.2 * $.3 * $.5 * $.6^2 * $.7, $.2^2 * $.3 * $.4 * $.5^2 * $.6^2, $.1 * $.3 * $.4 * $.5^2 * $.6^2, $.1 * $.4 * $.5^2 * $.6 ]}
625;[ 2, 3, 12 ];{}
625;[ 2, 6, 6 ];{}
626;[ 2, 2, 3, 3 ];{}
626;[ 2, 3, 12 ];{}
626;[ 2, 6, 6 ];{}
63;[ 2, 2, 2, 12 ];{}
63;[ 2, 2, 2, 18 ];{}
63;[ 2, 2, 2, 24 ];{}
63;[ 2, 2, 2, 3 ];{}
63;[ 2, 2, 2, 4 ];{}
63;[ 2, 2, 2, 6 ];{}
63;[ 2, 2, 2, 8 ];{}
63;[ 2, 2, 2, 9 ];{}
63;[ 2, 2, 3, 3 ];{}
63;[ 2, 2, 3, 4 ];{}
63;[ 2, 3, 12 ];{}
63;[ 2, 3, 18 ];{}
63;[ 2, 3, 24 ];{}
63;[ 2, 3, 36 ];{}
63;[ 2, 3, 72 ];{}
63;[ 2, 4, 12 ];{}
63;[ 2, 4, 18 ];{}
63;[ 2, 4, 6 ];{}
63;[ 2, 4, 8 ];{}
63;[ 2, 4, 9 ];{}
63;[ 2, 6, 24 ];{}
63;[ 2, 6, 6 ];{}
63;[ 2, 8, 12 ];{}
63;[ 3, 4, 4 ];{}
63;[ 3, 4, 8 ];{}
636;[ 2, 4, 12 ];{}
636;[ 2, 4, 8 ];{}
636;[ 2, 8, 12 ];{}
636;[ 3, 4, 4 ];{}
636;[ 3, 4, 8 ];{}
637;[ 2, 4, 12 ];{}
637;[ 3, 4, 4 ];{}
638;[ 2, 4, 12 ];{}
638;[ 3, 4, 4 ];{}
64;[ 2, 2, 2, 12 ];{}
64;[ 2, 2, 2, 18 ];{}
64;[ 2, 2, 2, 24 ];{}
64;[ 2, 2, 2, 3 ];{}
64;[ 2, 2, 2, 4 ];{}
64;[ 2, 2, 2, 6 ];{[ $.1 * $.3 * $.4 * $.5 * $.7, $.1 * $.3 * $.6, $.1 * $.2 * $.3 * $.4 * $.5 * $.7, $.1 * $.2 * $.3 * $.6^2 ]}
64;[ 2, 2, 2, 8 ];{}
64;[ 2, 2, 2, 9 ];{}
64;[ 2, 2, 3, 3 ];{}
64;[ 2, 2, 3, 4 ];{}
64;[ 2, 3, 12 ];{}
64;[ 2, 3, 18 ];{}
64;[ 2, 3, 24 ];{}
64;[ 2, 3, 36 ];{}
64;[ 2, 3, 72 ];{}
64;[ 2, 4, 12 ];{}
64;[ 2, 4, 18 ];{}
64;[ 2, 4, 6 ];{}
64;[ 2, 4, 8 ];{}
64;[ 2, 4, 9 ];{}
64;[ 2, 6, 24 ];{}
64;[ 2, 6, 6 ];{}
64;[ 2, 8, 12 ];{}
64;[ 3, 4, 4 ];{}
64;[ 3, 4, 8 ];{}
640;[ 2, 4, 12 ];{}
640;[ 2, 4, 8 ];{}
640;[ 2, 8, 12 ];{}
640;[ 3, 4, 4 ];{}
640;[ 3, 4, 8 ];{}
641;[ 3, 4, 4 ];{}
642;[ 2, 2, 3, 3 ];{}
643;[ 2, 2, 3, 3 ];{}
644;[ 2, 2, 3, 3 ];{}
645;[ 2, 2, 3, 3 ];{}
646;[ 2, 2, 3, 3 ];{}
647;[ 2, 2, 3, 3 ];{}
649;[ 2, 2, 3, 3 ];{}
65;[ 2, 2, 2, 12 ];{}
65;[ 2, 2, 2, 18 ];{}
65;[ 2, 2, 2, 24 ];{}
65;[ 2, 2, 2, 3 ];{}
65;[ 2, 2, 2, 4 ];{}
65;[ 2, 2, 2, 6 ];{}
65;[ 2, 2, 2, 8 ];{}
65;[ 2, 2, 2, 9 ];{}
65;[ 2, 2, 3, 3 ];{}
65;[ 2, 2, 3, 4 ];{}
65;[ 2, 3, 12 ];{}
65;[ 2, 3, 18 ];{}
65;[ 2, 3, 24 ];{}
65;[ 2, 3, 36 ];{}
65;[ 2, 3, 72 ];{}
65;[ 2, 4, 12 ];{}
65;[ 2, 4, 18 ];{}
65;[ 2, 4, 6 ];{}
65;[ 2, 4, 8 ];{}
65;[ 2, 4, 9 ];{}
65;[ 2, 6, 24 ];{}
65;[ 2, 6, 6 ];{}
65;[ 2, 8, 12 ];{}
65;[ 3, 4, 4 ];{}
65;[ 3, 4, 8 ];{}
650;[ 2, 2, 3, 3 ];{}
652;[ 2, 2, 3, 3 ];{}
653;[ 2, 2, 3, 3 ];{}
655;[ 2, 2, 3, 3 ];{}
656;[ 2, 2, 3, 3 ];{}
657;[ 2, 2, 3, 3 ];{}
658;[ 2, 2, 3, 3 ];{}
659;[ 2, 2, 3, 3 ];{}
660;[ 2, 2, 2, 12 ];{}
660;[ 2, 2, 2, 3 ];{}
660;[ 2, 2, 2, 4 ];{}
660;[ 2, 2, 2, 6 ];{}
660;[ 2, 2, 3, 3 ];{}
660;[ 2, 2, 3, 4 ];{}
661;[ 2, 2, 2, 12 ];{}
661;[ 2, 2, 2, 3 ];{}
661;[ 2, 2, 2, 4 ];{}
661;[ 2, 2, 2, 6 ];{}
661;[ 2, 2, 3, 3 ];{}
661;[ 2, 2, 3, 4 ];{}
662;[ 2, 2, 2, 12 ];{}
662;[ 2, 2, 2, 3 ];{}
662;[ 2, 2, 2, 4 ];{}
662;[ 2, 2, 2, 6 ];{}
662;[ 2, 2, 3, 3 ];{}
662;[ 2, 2, 3, 4 ];{}
663;[ 2, 2, 2, 12 ];{}
663;[ 2, 2, 2, 3 ];{}
663;[ 2, 2, 2, 4 ];{}
663;[ 2, 2, 2, 6 ];{}
663;[ 2, 2, 3, 3 ];{}
663;[ 2, 2, 3, 4 ];{}
664;[ 2, 2, 2, 12 ];{}
664;[ 2, 2, 2, 3 ];{}
664;[ 2, 2, 2, 4 ];{}
664;[ 2, 2, 2, 6 ];{}
664;[ 2, 2, 3, 3 ];{}
664;[ 2, 2, 3, 4 ];{}
665;[ 2, 2, 2, 12 ];{[ $.2 * $.3 * $.5^2, $.1 * $.2 * $.4 * $.5 * $.6^2, $.2 * $.4 * $.5 * $.7, $.1 * $.2 * $.3 * $.5^2 * $.6 * $.7 ]}
665;[ 2, 2, 2, 3 ];{}
665;[ 2, 2, 2, 4 ];{}
665;[ 2, 2, 2, 6 ];{}
665;[ 2, 2, 3, 3 ];{}
665;[ 2, 2, 3, 4 ];{}
666;[ 2, 2, 2, 12 ];{}
666;[ 2, 2, 2, 3 ];{}
666;[ 2, 2, 2, 4 ];{}
666;[ 2, 2, 2, 6 ];{}
666;[ 2, 2, 3, 3 ];{}
666;[ 2, 2, 3, 4 ];{}
667;[ 2, 2, 2, 12 ];{}
667;[ 2, 2, 2, 3 ];{}
667;[ 2, 2, 2, 4 ];{}
667;[ 2, 2, 2, 6 ];{}
667;[ 2, 2, 3, 3 ];{}
667;[ 2, 2, 3, 4 ];{}
668;[ 2, 2, 2, 12 ];{}
668;[ 2, 2, 2, 3 ];{}
668;[ 2, 2, 2, 4 ];{}
668;[ 2, 2, 2, 6 ];{}
668;[ 2, 2, 3, 3 ];{}
668;[ 2, 2, 3, 4 ];{}
669;[ 2, 2, 2, 12 ];{}
669;[ 2, 2, 2, 3 ];{}
669;[ 2, 2, 2, 4 ];{}
669;[ 2, 2, 2, 6 ];{}
669;[ 2, 2, 3, 3 ];{}
669;[ 2, 2, 3, 4 ];{}
67;[ 2, 4, 12 ];{}
67;[ 2, 4, 8 ];{}
67;[ 2, 8, 12 ];{}
67;[ 3, 4, 4 ];{}
67;[ 3, 4, 8 ];{}
671;[ 2, 2, 2, 12 ];{}
671;[ 2, 2, 2, 3 ];{}
671;[ 2, 2, 2, 4 ];{}
671;[ 2, 2, 2, 6 ];{[ $.2 * $.3 * $.6^2 * $.7^2, $.2 * $.4 * $.5^2 * $.6^2, $.1 * $.2 * $.5^2, $.1 * $.2 * $.3 * $.4 * $.7 ]}
671;[ 2, 2, 3, 3 ];{}
671;[ 2, 2, 3, 4 ];{}
672;[ 2, 2, 2, 12 ];{[ $.2 * $.4, $.1 * $.2 * $.5^2 * $.6 * $.7, $.2 * $.3 * $.6 * $.7, $.1 * $.2 * $.3 * $.4 * $.5 * $.7^2 ]}
672;[ 2, 2, 2, 3 ];{}
672;[ 2, 2, 2, 4 ];{}
672;[ 2, 2, 2, 6 ];{}
672;[ 2, 2, 3, 3 ];{}
672;[ 2, 2, 3, 4 ];{}
673;[ 2, 2, 2, 12 ];{}
673;[ 2, 2, 2, 3 ];{}
673;[ 2, 2, 2, 4 ];{}
673;[ 2, 2, 2, 6 ];{}
673;[ 2, 2, 3, 3 ];{}
673;[ 2, 2, 3, 4 ];{}
675;[ 2, 2, 2, 12 ];{}
675;[ 2, 2, 2, 3 ];{}
675;[ 2, 2, 2, 4 ];{}
675;[ 2, 2, 2, 6 ];{}
675;[ 2, 2, 3, 3 ];{}
675;[ 2, 2, 3, 4 ];{}
676;[ 2, 2, 2, 12 ];{}
676;[ 2, 2, 2, 3 ];{}
676;[ 2, 2, 2, 4 ];{}
676;[ 2, 2, 2, 6 ];{}
676;[ 2, 2, 3, 3 ];{}
676;[ 2, 2, 3, 4 ];{}
678;[ 2, 2, 2, 12 ];{}
678;[ 2, 2, 2, 3 ];{}
678;[ 2, 2, 2, 4 ];{}
678;[ 2, 2, 2, 6 ];{}
678;[ 2, 2, 3, 3 ];{}
678;[ 2, 2, 3, 4 ];{}
68;[ 2, 2, 2, 12 ];{}
68;[ 2, 2, 2, 18 ];{}
68;[ 2, 2, 2, 3 ];{}
68;[ 2, 2, 2, 4 ];{}
68;[ 2, 2, 2, 6 ];{}
68;[ 2, 2, 2, 8 ];{}
68;[ 2, 2, 2, 9 ];{}
68;[ 2, 2, 3, 3 ];{}
68;[ 2, 2, 3, 4 ];{}
68;[ 2, 3, 12 ];{}
68;[ 2, 3, 18 ];{}
68;[ 2, 3, 36 ];{}
68;[ 2, 3, 8 ];{}
68;[ 2, 4, 12 ];{}
68;[ 2, 4, 18 ];{}
68;[ 2, 4, 6 ];{}
68;[ 2, 4, 8 ];{}
68;[ 2, 4, 9 ];{}
68;[ 2, 6, 6 ];{}
68;[ 2, 8, 12 ];{}
68;[ 3, 4, 4 ];{}
68;[ 3, 4, 8 ];{}
680;[ 2, 2, 2, 3 ];{}
680;[ 2, 2, 2, 4 ];{}
680;[ 2, 2, 2, 6 ];{}
680;[ 2, 2, 3, 3 ];{}
680;[ 2, 2, 3, 4 ];{}
681;[ 2, 2, 2, 12 ];{}
681;[ 2, 2, 2, 3 ];{}
681;[ 2, 2, 2, 4 ];{}
681;[ 2, 2, 2, 6 ];{}
681;[ 2, 2, 3, 3 ];{}
681;[ 2, 2, 3, 4 ];{}
682;[ 2, 2, 2, 12 ];{}
682;[ 2, 2, 2, 3 ];{}
682;[ 2, 2, 2, 4 ];{}
682;[ 2, 2, 2, 6 ];{[ $.2 * $.6^2, $.2 * $.3 * $.4 * $.5 * $.6 * $.7, $.1 * $.2 * $.5^2 * $.6 * $.7^2, $.1 * $.2 * $.3 * $.4 * $.5 * $.6^2 * $.7 ]}
682;[ 2, 2, 3, 3 ];{}
682;[ 2, 2, 3, 4 ];{}
683;[ 2, 2, 2, 12 ];{}
683;[ 2, 2, 2, 3 ];{}
683;[ 2, 2, 2, 4 ];{}
683;[ 2, 2, 2, 6 ];{}
683;[ 2, 2, 3, 3 ];{}
683;[ 2, 2, 3, 4 ];{}
684;[ 2, 2, 2, 12 ];{}
684;[ 2, 2, 2, 3 ];{}
684;[ 2, 2, 2, 4 ];{}
684;[ 2, 2, 2, 6 ];{}
684;[ 2, 2, 3, 3 ];{}
684;[ 2, 2, 3, 4 ];{}
685;[ 2, 2, 2, 12 ];{}
685;[ 2, 2, 2, 3 ];{}
685;[ 2, 2, 2, 4 ];{}
685;[ 2, 2, 2, 6 ];{}
685;[ 2, 2, 3, 3 ];{}
685;[ 2, 2, 3, 4 ];{}
686;[ 2, 2, 2, 12 ];{[ $.2 * $.4 * $.5 * $.6, $.1 * $.2 * $.6^2 * $.7, $.2 * $.3 * $.4 * $.5^2 * $.6 * $.7, $.1 * $.2 * $.3 * $.7^2 ]}
686;[ 2, 2, 2, 3 ];{}
686;[ 2, 2, 2, 4 ];{}
686;[ 2, 2, 2, 6 ];{}
686;[ 2, 2, 3, 3 ];{}
686;[ 2, 2, 3, 4 ];{}
687;[ 2, 2, 2, 12 ];{}
687;[ 2, 2, 2, 3 ];{}
687;[ 2, 2, 2, 4 ];{}
687;[ 2, 2, 2, 6 ];{}
687;[ 2, 2, 3, 3 ];{}
687;[ 2, 2, 3, 4 ];{}
688;[ 2, 2, 2, 12 ];{}
688;[ 2, 2, 2, 3 ];{}
688;[ 2, 2, 2, 4 ];{}
688;[ 2, 2, 2, 6 ];{}
688;[ 2, 2, 3, 3 ];{}
688;[ 2, 2, 3, 4 ];{}
689;[ 2, 2, 2, 12 ];{[ $.2, $.1 * $.4 * $.5^2 * $.7^2, $.3 * $.5 * $.6 * $.7^2, $.1 * $.2 * $.3 * $.6 * $.7 ]}
689;[ 2, 2, 2, 3 ];{}
689;[ 2, 2, 2, 4 ];{}
689;[ 2, 2, 2, 6 ];{}
689;[ 2, 2, 3, 3 ];{}
689;[ 2, 2, 3, 4 ];{}
69;[ 2, 2, 2, 12 ];{}
69;[ 2, 2, 2, 18 ];{[ $.1 * $.3 * $.6^2, $.1 * $.5^2 * $.6, $.1 * $.2 * $.5 * $.6, $.1 * $.2 * $.3 * $.5^2 * $.6^2 * $.7 ]}
69;[ 2, 2, 2, 24 ];{}
69;[ 2, 2, 2, 3 ];{}
69;[ 2, 2, 2, 4 ];{}
69;[ 2, 2, 2, 6 ];{}
69;[ 2, 2, 2, 8 ];{}
69;[ 2, 2, 2, 9 ];{}
69;[ 2, 2, 3, 3 ];{}
69;[ 2, 2, 3, 4 ];{}
69;[ 2, 3, 12 ];{}
69;[ 2, 3, 18 ];{}
69;[ 2, 3, 24 ];{}
69;[ 2, 3, 36 ];{}
69;[ 2, 3, 8 ];{}
69;[ 2, 4, 12 ];{}
69;[ 2, 4, 18 ];{}
69;[ 2, 4, 6 ];{}
69;[ 2, 4, 8 ];{}
69;[ 2, 4, 9 ];{}
69;[ 2, 6, 24 ];{}
69;[ 2, 6, 6 ];{}
69;[ 2, 8, 12 ];{}
69;[ 3, 4, 4 ];{}
69;[ 3, 4, 8 ];{}
691;[ 2, 2, 2, 12 ];{[ $.1 * $.4, $.2 * $.4 * $.5^2 * $.6^2, $.3 * $.5 * $.6 * $.7, $.1 * $.2 * $.3 * $.7 ]}
691;[ 2, 2, 2, 3 ];{}
691;[ 2, 2, 2, 4 ];{}
691;[ 2, 2, 2, 6 ];{}
691;[ 2, 2, 3, 3 ];{}
691;[ 2, 2, 3, 4 ];{}
693;[ 2, 2, 2, 12 ];{}
693;[ 2, 2, 2, 3 ];{}
693;[ 2, 2, 2, 4 ];{}
693;[ 2, 2, 2, 6 ];{}
693;[ 2, 2, 3, 3 ];{}
693;[ 2, 2, 3, 4 ];{}
694;[ 2, 2, 2, 12 ];{}
694;[ 2, 2, 2, 3 ];{}
694;[ 2, 2, 2, 4 ];{}
694;[ 2, 2, 2, 6 ];{}
694;[ 2, 2, 3, 3 ];{}
694;[ 2, 2, 3, 4 ];{}
695;[ 2, 2, 2, 12 ];{}
695;[ 2, 2, 2, 3 ];{}
695;[ 2, 2, 2, 4 ];{}
695;[ 2, 2, 2, 6 ];{}
695;[ 2, 2, 3, 3 ];{}
695;[ 2, 2, 3, 4 ];{}
696;[ 2, 2, 2, 12 ];{}
696;[ 2, 2, 2, 3 ];{}
696;[ 2, 2, 2, 4 ];{}
696;[ 2, 2, 2, 6 ];{[ $.3 * $.4 * $.5 * $.6 * $.7, $.2 * $.6, $.1 * $.3 * $.4 * $.5^2, $.1 * $.2 * $.4 * $.7^2 ]}
696;[ 2, 2, 3, 3 ];{}
696;[ 2, 2, 3, 4 ];{}
698;[ 2, 2, 3, 3 ];{}
699;[ 2, 2, 3, 3 ];{}
7;[ 2, 2, 2, 12 ];{}
7;[ 2, 2, 2, 18 ];{}
7;[ 2, 2, 2, 24 ];{}
7;[ 2, 2, 2, 4 ];{}
7;[ 2, 2, 2, 6 ];{}
7;[ 2, 2, 2, 8 ];{}
7;[ 2, 2, 2, 9 ];{}
7;[ 2, 2, 3, 3 ];{}
7;[ 2, 2, 3, 4 ];{}
7;[ 2, 4, 216 ];{[ $.1 * $.2 * $.5 * $.7, $.2 * $.3 * $.4 * $.5^2 * $.6^2 * $.7, $.1 * $.6 * $.7^2 ]}
7;[ 2, 6, 216 ];{}
7;[ 2, 6, 24 ];{}
7;[ 2, 8, 108 ];{}
7;[ 2, 8, 12 ];{}
7;[ 2, 9, 216 ];{}
7;[ 3, 4, 8 ];{}
70;[ 2, 2, 2, 12 ];{}
70;[ 2, 2, 2, 18 ];{}
70;[ 2, 2, 2, 3 ];{}
70;[ 2, 2, 2, 4 ];{}
70;[ 2, 2, 2, 6 ];{}
70;[ 2, 2, 2, 8 ];{}
70;[ 2, 2, 2, 9 ];{}
70;[ 2, 2, 3, 3 ];{}
70;[ 2, 2, 3, 4 ];{}
70;[ 2, 3, 12 ];{}
70;[ 2, 3, 18 ];{}
70;[ 2, 3, 36 ];{}
70;[ 2, 3, 8 ];{}
70;[ 2, 4, 12 ];{}
70;[ 2, 4, 18 ];{}
70;[ 2, 4, 6 ];{}
70;[ 2, 4, 8 ];{}
70;[ 2, 4, 9 ];{}
70;[ 2, 6, 6 ];{}
70;[ 2, 8, 12 ];{}
70;[ 3, 4, 4 ];{}
70;[ 3, 4, 8 ];{}
700;[ 2, 2, 3, 3 ];{}
702;[ 2, 2, 3, 3 ];{}
703;[ 2, 2, 3, 3 ];{}
704;[ 2, 2, 3, 3 ];{}
705;[ 2, 2, 3, 3 ];{}
706;[ 2, 2, 3, 3 ];{}
707;[ 2, 2, 3, 3 ];{}
709;[ 2, 2, 3, 3 ];{}
71;[ 2, 2, 2, 12 ];{}
71;[ 2, 2, 2, 18 ];{}
71;[ 2, 2, 2, 24 ];{}
71;[ 2, 2, 2, 3 ];{}
71;[ 2, 2, 2, 4 ];{}
71;[ 2, 2, 2, 6 ];{}
71;[ 2, 2, 2, 8 ];{}
71;[ 2, 2, 2, 9 ];{}
71;[ 2, 2, 3, 3 ];{}
71;[ 2, 2, 3, 4 ];{}
71;[ 2, 3, 12 ];{}
71;[ 2, 3, 18 ];{}
71;[ 2, 3, 24 ];{}
71;[ 2, 3, 36 ];{}
71;[ 2, 3, 8 ];{}
71;[ 2, 4, 12 ];{}
71;[ 2, 4, 18 ];{}
71;[ 2, 4, 6 ];{}
71;[ 2, 4, 8 ];{}
71;[ 2, 4, 9 ];{}
71;[ 2, 6, 24 ];{}
71;[ 2, 6, 6 ];{}
71;[ 2, 8, 12 ];{}
71;[ 3, 4, 4 ];{}
71;[ 3, 4, 8 ];{}
710;[ 2, 2, 3, 3 ];{}
712;[ 2, 2, 3, 3 ];{}
713;[ 2, 2, 3, 3 ];{}
714;[ 2, 2, 3, 3 ];{}
715;[ 2, 2, 3, 3 ];{}
716;[ 2, 2, 3, 3 ];{}
717;[ 2, 2, 3, 3 ];{}
719;[ 2, 2, 3, 3 ];{}
72;[ 2, 2, 2, 12 ];{}
72;[ 2, 2, 2, 18 ];{}
72;[ 2, 2, 2, 3 ];{}
72;[ 2, 2, 2, 4 ];{}
72;[ 2, 2, 2, 6 ];{}
72;[ 2, 2, 2, 8 ];{}
72;[ 2, 2, 2, 9 ];{}
72;[ 2, 2, 3, 3 ];{}
72;[ 2, 2, 3, 4 ];{}
72;[ 2, 3, 12 ];{}
72;[ 2, 3, 18 ];{}
72;[ 2, 3, 36 ];{}
72;[ 2, 3, 8 ];{}
72;[ 2, 4, 12 ];{}
72;[ 2, 4, 18 ];{}
72;[ 2, 4, 6 ];{}
72;[ 2, 4, 8 ];{}
72;[ 2, 4, 9 ];{}
72;[ 2, 6, 6 ];{}
72;[ 2, 8, 12 ];{}
72;[ 3, 4, 4 ];{}
72;[ 3, 4, 8 ];{}
720;[ 2, 2, 2, 12 ];{}
720;[ 2, 2, 2, 3 ];{}
720;[ 2, 2, 2, 4 ];{}
720;[ 2, 2, 2, 6 ];{}
720;[ 2, 2, 3, 3 ];{}
720;[ 2, 2, 3, 4 ];{}
722;[ 2, 2, 2, 12 ];{}
722;[ 2, 2, 2, 3 ];{}
722;[ 2, 2, 2, 4 ];{}
722;[ 2, 2, 2, 6 ];{}
722;[ 2, 2, 3, 3 ];{}
722;[ 2, 2, 3, 4 ];{}
723;[ 2, 2, 2, 12 ];{}
723;[ 2, 2, 2, 3 ];{}
723;[ 2, 2, 2, 4 ];{}
723;[ 2, 2, 2, 6 ];{}
723;[ 2, 2, 3, 3 ];{}
723;[ 2, 2, 3, 4 ];{}
724;[ 2, 2, 2, 12 ];{}
724;[ 2, 2, 2, 3 ];{}
724;[ 2, 2, 2, 4 ];{}
724;[ 2, 2, 2, 6 ];{}
724;[ 2, 2, 3, 3 ];{}
724;[ 2, 2, 3, 4 ];{}
725;[ 2, 2, 2, 12 ];{}
725;[ 2, 2, 2, 3 ];{}
725;[ 2, 2, 2, 4 ];{}
725;[ 2, 2, 2, 6 ];{}
725;[ 2, 2, 3, 3 ];{}
725;[ 2, 2, 3, 4 ];{}
726;[ 2, 2, 2, 12 ];{}
726;[ 2, 2, 2, 3 ];{}
726;[ 2, 2, 2, 4 ];{}
726;[ 2, 2, 2, 6 ];{}
726;[ 2, 2, 3, 3 ];{}
726;[ 2, 2, 3, 4 ];{}
727;[ 2, 2, 2, 12 ];{}
727;[ 2, 2, 2, 3 ];{}
727;[ 2, 2, 2, 4 ];{}
727;[ 2, 2, 2, 6 ];{}
727;[ 2, 2, 3, 3 ];{}
727;[ 2, 2, 3, 4 ];{}
729;[ 2, 2, 2, 3 ];{}
729;[ 2, 2, 2, 4 ];{}
729;[ 2, 2, 2, 6 ];{}
729;[ 2, 2, 3, 3 ];{}
729;[ 2, 2, 3, 4 ];{}
73;[ 2, 2, 2, 12 ];{}
73;[ 2, 2, 2, 18 ];{}
73;[ 2, 2, 2, 24 ];{}
73;[ 2, 2, 2, 3 ];{}
73;[ 2, 2, 2, 4 ];{}
73;[ 2, 2, 2, 6 ];{}
73;[ 2, 2, 2, 8 ];{}
73;[ 2, 2, 2, 9 ];{}
73;[ 2, 2, 3, 3 ];{}
73;[ 2, 2, 3, 4 ];{}
73;[ 2, 3, 12 ];{}
73;[ 2, 3, 18 ];{}
73;[ 2, 3, 24 ];{}
73;[ 2, 3, 36 ];{}
73;[ 2, 3, 8 ];{}
73;[ 2, 4, 12 ];{}
73;[ 2, 4, 18 ];{}
73;[ 2, 4, 6 ];{}
73;[ 2, 4, 8 ];{}
73;[ 2, 4, 9 ];{}
73;[ 2, 6, 24 ];{}
73;[ 2, 6, 6 ];{}
73;[ 2, 8, 12 ];{}
73;[ 3, 4, 4 ];{}
73;[ 3, 4, 8 ];{}
731;[ 2, 2, 3, 3 ];{}
732;[ 2, 2, 3, 3 ];{}
733;[ 2, 2, 3, 3 ];{}
734;[ 2, 2, 2, 3 ];{}
734;[ 2, 2, 2, 4 ];{}
734;[ 2, 2, 2, 6 ];{}
734;[ 2, 2, 2, 8 ];{[ $.1 * $.2, $.1 * $.3 * $.6^2 * $.7, $.1 * $.7^2, $.1 * $.2 * $.4 * $.6 * $.7^2 ]:[ $.1 * $.2 * $.3 * $.4 * $.5 * $.7, $.1 * $.2^2 * $.4 * $.5 * $.6, $.1 * $.3 * $.5, $.1 * $.2^2 * $.3 * $.6 * $.7^2 ]}
734;[ 2, 2, 3, 3 ];{[ $.1 * $.5, $.1 * $.2^2 * $.4 * $.7, $.2^2 * $.3 * $.5 * $.6, $.2^2 * $.6 ]:[ $.1 * $.2^2 * $.6 * $.7^2, $.1 * $.3 * $.5 * $.6^2, $.2 * $.6^2 * $.7, $.2 * $.3 * $.4 * $.5 * $.6^2 * $.7^2 ]}
734;[ 2, 2, 3, 4 ];{[ $.1 * $.2^2 * $.5 * $.6 * $.7, $.1 * $.3, $.2^2 * $.6 * $.7, $.3 * $.4 * $.5 * $.7 ]:[ $.1 * $.2^2, $.1 * $.3 * $.5 * $.6, $.2^2 * $.4 * $.6^2, $.3 * $.6^2 * $.7^2 ]}
734;[ 2, 3, 8 ];{[ $.1 * $.3 * $.5 * $.6, $.2^2 * $.4 * $.6^2 * $.7^2, $.1 * $.2^2 * $.3 * $.4 ]:[ $.1 * $.3, $.2^2 * $.4 * $.6, $.1 * $.2^2 * $.3 * $.4 * $.5 * $.6 * $.7^2 ]}
734;[ 2, 4, 6 ];{}
734;[ 2, 4, 8 ];{}
734;[ 2, 6, 6 ];{}
734;[ 3, 4, 4 ];{}
734;[ 3, 4, 8 ];{}
735;[ 2, 2, 3, 3 ];{}
735;[ 2, 6, 6 ];{}
737;[ 2, 2, 3, 3 ];{}
737;[ 2, 3, 12 ];{}
737;[ 2, 3, 24 ];{}
737;[ 2, 6, 24 ];{}
737;[ 2, 6, 6 ];{}
738;[ 2, 2, 2, 12 ];{}
738;[ 2, 2, 2, 3 ];{}
738;[ 2, 2, 2, 4 ];{}
738;[ 2, 2, 2, 6 ];{}
738;[ 2, 2, 2, 8 ];{}
738;[ 2, 2, 3, 3 ];{}
738;[ 2, 2, 3, 4 ];{}
738;[ 2, 3, 12 ];{}
738;[ 2, 3, 8 ];{}
738;[ 2, 4, 12 ];{}
738;[ 2, 4, 6 ];{}
738;[ 2, 4, 8 ];{}
738;[ 2, 6, 6 ];{}
738;[ 2, 8, 12 ];{}
738;[ 3, 4, 4 ];{}
738;[ 3, 4, 8 ];{}
739;[ 2, 2, 2, 12 ];{}
739;[ 2, 2, 2, 3 ];{}
739;[ 2, 2, 2, 4 ];{}
739;[ 2, 2, 2, 6 ];{}
739;[ 2, 2, 2, 8 ];{}
739;[ 2, 2, 3, 3 ];{}
739;[ 2, 2, 3, 4 ];{}
739;[ 2, 3, 12 ];{}
739;[ 2, 3, 8 ];{}
739;[ 2, 4, 12 ];{}
739;[ 2, 4, 6 ];{}
739;[ 2, 4, 8 ];{}
739;[ 2, 6, 6 ];{}
739;[ 2, 8, 12 ];{[ $.2 * $.4 * $.7, $.1 * $.3 * $.4 * $.5 * $.6 * $.7, $.1 * $.2 * $.3 * $.5 * $.6^2 ]:[ $.2 * $.3 * $.4 * $.5^2 * $.6 * $.7^2, $.1 * $.4 * $.7^2, $.1 * $.2 * $.3 * $.4 * $.6^2 ]}
739;[ 3, 4, 4 ];{}
739;[ 3, 4, 8 ];{}
74;[ 2, 2, 2, 12 ];{}
74;[ 2, 2, 2, 18 ];{}
74;[ 2, 2, 2, 3 ];{}
74;[ 2, 2, 2, 4 ];{}
74;[ 2, 2, 2, 6 ];{}
74;[ 2, 2, 2, 8 ];{}
74;[ 2, 2, 2, 9 ];{}
74;[ 2, 2, 3, 3 ];{}
74;[ 2, 2, 3, 4 ];{}
74;[ 2, 3, 12 ];{}
74;[ 2, 3, 18 ];{}
74;[ 2, 3, 36 ];{}
74;[ 2, 3, 8 ];{}
74;[ 2, 4, 12 ];{}
74;[ 2, 4, 18 ];{}
74;[ 2, 4, 6 ];{}
74;[ 2, 4, 8 ];{}
74;[ 2, 4, 9 ];{}
74;[ 2, 6, 6 ];{}
74;[ 2, 8, 12 ];{}
74;[ 3, 4, 4 ];{}
74;[ 3, 4, 8 ];{}
740;[ 2, 2, 2, 12 ];{}
740;[ 2, 2, 2, 24 ];{}
740;[ 2, 2, 2, 3 ];{}
740;[ 2, 2, 2, 4 ];{}
740;[ 2, 2, 2, 6 ];{}
740;[ 2, 2, 2, 8 ];{}
740;[ 2, 2, 3, 3 ];{}
740;[ 2, 2, 3, 4 ];{}
740;[ 2, 3, 12 ];{}
740;[ 2, 3, 24 ];{}
740;[ 2, 3, 8 ];{}
740;[ 2, 4, 12 ];{}
740;[ 2, 4, 6 ];{}
740;[ 2, 4, 8 ];{}
740;[ 2, 6, 24 ];{}
740;[ 2, 6, 6 ];{}
740;[ 2, 8, 12 ];{}
740;[ 3, 4, 4 ];{}
740;[ 3, 4, 8 ];{}
741;[ 2, 2, 2, 12 ];{[ $.2 * $.4 * $.5 * $.6, $.1 * $.3 * $.4, $.1 * $.4 * $.7, $.2 * $.3 * $.5 * $.6 * $.7^2 ]}
741;[ 2, 2, 2, 3 ];{}
741;[ 2, 2, 2, 4 ];{[ $.1 * $.2 * $.4 * $.5^2 * $.6^2, $.1 * $.3, $.1 * $.4 * $.6^2 * $.7^2, $.1 * $.2 * $.3 * $.4 * $.6^2 * $.7^2 ]}
741;[ 2, 2, 2, 6 ];{[ $.2 * $.4 * $.5 * $.6, $.1 * $.2 * $.4 * $.5^2 * $.6^2, $.1 * $.3 * $.7^2, $.3 * $.5^2 * $.6^2 * $.7 ]}
741;[ 2, 2, 3, 3 ];{}
741;[ 2, 2, 3, 4 ];{}
742;[ 2, 2, 2, 12 ];{}
742;[ 2, 2, 2, 3 ];{}
742;[ 2, 2, 2, 4 ];{}
742;[ 2, 2, 2, 6 ];{}
742;[ 2, 2, 3, 3 ];{}
742;[ 2, 2, 3, 4 ];{}
743;[ 3, 4, 4 ];{[ $.1 * $.3 * $.4^2 * $.5^2 * $.6 * $.7, $.3 * $.5 * $.6 * $.7, $.1 * $.2 * $.3^2 * $.4 * $.5^2 * $.6 * $.7 ]:[ $.1 * $.4 * $.5^2 * $.6 * $.7, $.3^2 * $.4^2 * $.5^2, $.1 * $.2 * $.3^2 * $.4 * $.5 * $.6 * $.7 ]}
745;[ 2, 2, 3, 3 ];{}
745;[ 2, 3, 12 ];{}
745;[ 2, 6, 6 ];{}
746;[ 2, 2, 2, 12 ];{}
746;[ 2, 2, 2, 3 ];{}
746;[ 2, 2, 2, 4 ];{}
746;[ 2, 2, 2, 6 ];{[ $.1 * $.4^2 * $.5 * $.7, $.1 * $.2 * $.4^2 * $.5^2 * $.6 * $.7, $.1 * $.2 * $.3 * $.5 * $.7, $.1 * $.3^2 ]}
746;[ 2, 2, 3, 3 ];{}
746;[ 2, 2, 3, 4 ];{}
746;[ 2, 3, 12 ];{}
746;[ 2, 4, 12 ];{}
746;[ 2, 4, 6 ];{}
746;[ 2, 6, 6 ];{}
746;[ 3, 4, 4 ];{}
747;[ 2, 2, 2, 12 ];{[ $.1 * $.3^2 * $.4^2 * $.5 * $.6 * $.7, $.1 * $.5^2 * $.6 * $.7, $.1 * $.2 * $.4^2 * $.5, $.1 * $.2 * $.3^2 ]}
747;[ 2, 2, 2, 3 ];{}
747;[ 2, 2, 2, 4 ];{}
747;[ 2, 2, 2, 6 ];{}
747;[ 2, 2, 3, 3 ];{}
747;[ 2, 2, 3, 4 ];{}
747;[ 2, 3, 12 ];{}
747;[ 2, 4, 12 ];{}
747;[ 2, 4, 6 ];{}
747;[ 2, 6, 6 ];{}
747;[ 3, 4, 4 ];{}
748;[ 2, 2, 2, 12 ];{}
748;[ 2, 2, 2, 3 ];{[ $.3 * $.4^2 * $.5^2 * $.6 * $.7, $.1 * $.2 * $.3^2, $.1 * $.3 * $.4, $.2 * $.4^2 * $.5 * $.7 ]}
748;[ 2, 2, 2, 4 ];{}
748;[ 2, 2, 2, 6 ];{}
748;[ 2, 2, 3, 3 ];{}
748;[ 2, 2, 3, 4 ];{[ $.3^2 * $.4^2 * $.5 * $.6 * $.7, $.2, $.1 * $.2 * $.3 * $.5^2 * $.7, $.1 * $.3^2 * $.4 * $.7 ]:[ $.3 * $.4 * $.5 * $.7, $.1 * $.2 * $.3 * $.5^2 * $.7, $.1 * $.4 * $.7, $.2 * $.5 * $.7 ]}
748;[ 2, 3, 12 ];{}
748;[ 2, 4, 12 ];{}
748;[ 2, 4, 6 ];{}
748;[ 2, 6, 6 ];{}
748;[ 3, 4, 4 ];{}
749;[ 2, 2, 3, 3 ];{}
749;[ 2, 6, 6 ];{[ $.1 * $.3 * $.5 * $.6 * $.7^2, $.2 * $.3^2 * $.4 * $.6 * $.7, $.1 * $.2 * $.5 ]}
75;[ 2, 2, 2, 12 ];{}
75;[ 2, 2, 2, 18 ];{}
75;[ 2, 2, 2, 24 ];{}
75;[ 2, 2, 2, 3 ];{}
75;[ 2, 2, 2, 4 ];{}
75;[ 2, 2, 2, 6 ];{}
75;[ 2, 2, 2, 8 ];{}
75;[ 2, 2, 2, 9 ];{}
75;[ 2, 2, 3, 3 ];{}
75;[ 2, 2, 3, 4 ];{}
75;[ 2, 3, 12 ];{}
75;[ 2, 3, 18 ];{}
75;[ 2, 3, 24 ];{}
75;[ 2, 3, 36 ];{}
75;[ 2, 3, 8 ];{}
75;[ 2, 4, 12 ];{}
75;[ 2, 4, 18 ];{}
75;[ 2, 4, 6 ];{}
75;[ 2, 4, 8 ];{}
75;[ 2, 4, 9 ];{}
75;[ 2, 6, 24 ];{}
75;[ 2, 6, 6 ];{}
75;[ 2, 8, 12 ];{}
75;[ 3, 4, 4 ];{}
75;[ 3, 4, 8 ];{}
750;[ 2, 2, 3, 3 ];{}
754;[ 2, 2, 3, 3 ];{}
755;[ 2, 2, 2, 3 ];{}
755;[ 2, 2, 2, 4 ];{}
755;[ 2, 2, 2, 6 ];{[ $.2 * $.3 * $.4 * $.6, $.2 * $.5^2 * $.6^2 * $.7, $.1 * $.5 * $.6^2 * $.7, $.1 * $.3 * $.4 * $.5 * $.6 ]}
755;[ 2, 2, 3, 3 ];{}
755;[ 2, 2, 3, 4 ];{}
756;[ 2, 2, 2, 12 ];{[ $.3 * $.4 * $.6, $.2 * $.5 * $.7^2, $.1 * $.2 * $.4 * $.5^2 * $.7^2, $.1 * $.3 ]}
756;[ 2, 2, 2, 3 ];{}
756;[ 2, 2, 2, 4 ];{}
756;[ 2, 2, 2, 6 ];{[ $.1 * $.2 * $.3, $.1 * $.4 * $.5^2 * $.6^2 * $.7^2, $.1 * $.3, $.1 * $.2 * $.4 * $.5^2 * $.6 * $.7 ]}
756;[ 2, 2, 3, 3 ];{}
756;[ 2, 2, 3, 4 ];{}
757;[ 2, 2, 3, 3 ];{}
758;[ 2, 2, 2, 12 ];{}
758;[ 2, 2, 2, 3 ];{}
758;[ 2, 2, 2, 4 ];{}
758;[ 2, 2, 2, 6 ];{}
758;[ 2, 2, 3, 3 ];{}
758;[ 2, 2, 3, 4 ];{}
760;[ 2, 2, 3, 3 ];{}
760;[ 2, 3, 12 ];{}
760;[ 2, 6, 6 ];{}
761;[ 2, 2, 3, 3 ];{}
761;[ 2, 3, 12 ];{}
761;[ 2, 6, 6 ];{}
762;[ 2, 2, 2, 3 ];{}
762;[ 2, 2, 2, 4 ];{}
762;[ 2, 2, 2, 6 ];{}
762;[ 2, 2, 3, 3 ];{}
762;[ 2, 2, 3, 4 ];{}
762;[ 2, 4, 6 ];{}
762;[ 2, 6, 6 ];{}
762;[ 3, 4, 4 ];{}
763;[ 2, 2, 3, 3 ];{}
763;[ 2, 6, 6 ];{}
764;[ 2, 2, 3, 3 ];{}
764;[ 2, 6, 6 ];{}
77;[ 2, 4, 12 ];{}
77;[ 2, 4, 8 ];{}
77;[ 2, 8, 12 ];{}
77;[ 3, 4, 4 ];{}
77;[ 3, 4, 8 ];{}
770;[ 2, 2, 3, 3 ];{}
771;[ 2, 2, 3, 3 ];{}
78;[ 2, 2, 2, 12 ];{}
78;[ 2, 2, 2, 24 ];{}
78;[ 2, 2, 2, 3 ];{}
78;[ 2, 2, 2, 4 ];{}
78;[ 2, 2, 2, 6 ];{}
78;[ 2, 2, 2, 8 ];{}
78;[ 2, 2, 3, 3 ];{}
78;[ 2, 2, 3, 4 ];{}
78;[ 2, 3, 12 ];{}
78;[ 2, 3, 24 ];{}
78;[ 2, 3, 8 ];{}
78;[ 2, 4, 12 ];{}
78;[ 2, 4, 6 ];{}
78;[ 2, 4, 8 ];{}
78;[ 2, 6, 24 ];{}
78;[ 2, 6, 6 ];{}
78;[ 2, 8, 12 ];{}
78;[ 3, 4, 4 ];{}
78;[ 3, 4, 8 ];{}
79;[ 2, 2, 2, 12 ];{}
79;[ 2, 2, 2, 24 ];{}
79;[ 2, 2, 2, 3 ];{}
79;[ 2, 2, 2, 4 ];{}
79;[ 2, 2, 2, 6 ];{}
79;[ 2, 2, 2, 8 ];{}
79;[ 2, 2, 3, 3 ];{}
79;[ 2, 2, 3, 4 ];{}
79;[ 2, 3, 12 ];{}
79;[ 2, 3, 24 ];{}
79;[ 2, 3, 8 ];{}
79;[ 2, 4, 12 ];{}
79;[ 2, 4, 6 ];{}
79;[ 2, 4, 8 ];{}
79;[ 2, 6, 24 ];{}
79;[ 2, 6, 6 ];{}
79;[ 2, 8, 12 ];{}
79;[ 3, 4, 4 ];{}
79;[ 3, 4, 8 ];{}
8;[ 2, 2, 2, 12 ];{}
8;[ 2, 2, 2, 18 ];{}
8;[ 2, 2, 2, 24 ];{}
8;[ 2, 2, 2, 4 ];{}
8;[ 2, 2, 2, 6 ];{}
8;[ 2, 2, 2, 8 ];{}
8;[ 2, 2, 2, 9 ];{}
8;[ 2, 2, 3, 3 ];{}
8;[ 2, 2, 3, 4 ];{}
8;[ 2, 4, 216 ];{}
8;[ 2, 6, 216 ];{}
8;[ 2, 6, 24 ];{}
8;[ 2, 8, 108 ];{}
8;[ 2, 8, 12 ];{}
8;[ 2, 9, 216 ];{}
8;[ 3, 4, 8 ];{}
80;[ 2, 2, 2, 12 ];{}
80;[ 2, 2, 2, 24 ];{}
80;[ 2, 2, 2, 3 ];{}
80;[ 2, 2, 2, 4 ];{}
80;[ 2, 2, 2, 6 ];{}
80;[ 2, 2, 2, 8 ];{}
80;[ 2, 2, 3, 3 ];{}
80;[ 2, 2, 3, 4 ];{}
80;[ 2, 3, 12 ];{}
80;[ 2, 3, 24 ];{}
80;[ 2, 3, 8 ];{}
80;[ 2, 4, 12 ];{}
80;[ 2, 4, 6 ];{}
80;[ 2, 4, 8 ];{}
80;[ 2, 6, 24 ];{}
80;[ 2, 6, 6 ];{}
80;[ 2, 8, 12 ];{}
80;[ 3, 4, 4 ];{}
80;[ 3, 4, 8 ];{}
82;[ 2, 4, 12 ];{}
82;[ 2, 4, 8 ];{}
82;[ 2, 8, 12 ];{}
82;[ 3, 4, 4 ];{}
82;[ 3, 4, 8 ];{}
83;[ 2, 2, 2, 12 ];{}
83;[ 2, 2, 2, 24 ];{}
83;[ 2, 2, 2, 3 ];{}
83;[ 2, 2, 2, 4 ];{}
83;[ 2, 2, 2, 6 ];{[ $.1 * $.4 * $.5 * $.6 * $.7^2, $.1, $.1 * $.2 * $.3, $.1 * $.2 * $.3 * $.4 * $.5^2 * $.6 * $.7 ]}
83;[ 2, 2, 2, 8 ];{}
83;[ 2, 2, 3, 3 ];{}
83;[ 2, 2, 3, 4 ];{}
83;[ 2, 3, 12 ];{}
83;[ 2, 3, 24 ];{}
83;[ 2, 3, 8 ];{}
83;[ 2, 4, 12 ];{}
83;[ 2, 4, 6 ];{}
83;[ 2, 4, 8 ];{}
83;[ 2, 6, 24 ];{[ $.2 * $.4 * $.6^2, $.1 * $.5 * $.7, $.1 * $.2 * $.3 * $.4 * $.5 * $.6 * $.7^2 ]}
83;[ 2, 6, 6 ];{}
83;[ 2, 8, 12 ];{}
83;[ 3, 4, 4 ];{}
83;[ 3, 4, 8 ];{}
84;[ 2, 2, 2, 12 ];{}
84;[ 2, 2, 2, 24 ];{}
84;[ 2, 2, 2, 3 ];{}
84;[ 2, 2, 2, 4 ];{}
84;[ 2, 2, 2, 6 ];{}
84;[ 2, 2, 2, 8 ];{}
84;[ 2, 2, 3, 3 ];{}
84;[ 2, 2, 3, 4 ];{}
84;[ 2, 3, 12 ];{}
84;[ 2, 3, 24 ];{}
84;[ 2, 3, 8 ];{}
84;[ 2, 4, 12 ];{}
84;[ 2, 4, 6 ];{}
84;[ 2, 4, 8 ];{}
84;[ 2, 6, 24 ];{}
84;[ 2, 6, 6 ];{}
84;[ 2, 8, 12 ];{}
84;[ 3, 4, 4 ];{}
84;[ 3, 4, 8 ];{}
85;[ 2, 2, 2, 12 ];{}
85;[ 2, 2, 2, 24 ];{}
85;[ 2, 2, 2, 3 ];{}
85;[ 2, 2, 2, 4 ];{}
85;[ 2, 2, 2, 6 ];{}
85;[ 2, 2, 2, 8 ];{}
85;[ 2, 2, 3, 3 ];{}
85;[ 2, 2, 3, 4 ];{}
85;[ 2, 3, 12 ];{}
85;[ 2, 3, 24 ];{}
85;[ 2, 3, 8 ];{}
85;[ 2, 4, 12 ];{}
85;[ 2, 4, 6 ];{}
85;[ 2, 4, 8 ];{}
85;[ 2, 6, 24 ];{}
85;[ 2, 6, 6 ];{}
85;[ 2, 8, 12 ];{}
85;[ 3, 4, 4 ];{}
85;[ 3, 4, 8 ];{}
86;[ 2, 2, 2, 12 ];{}
86;[ 2, 2, 2, 24 ];{}
86;[ 2, 2, 2, 3 ];{}
86;[ 2, 2, 2, 4 ];{}
86;[ 2, 2, 2, 6 ];{}
86;[ 2, 2, 2, 8 ];{}
86;[ 2, 2, 3, 3 ];{}
86;[ 2, 2, 3, 4 ];{}
86;[ 2, 3, 12 ];{}
86;[ 2, 3, 24 ];{}
86;[ 2, 3, 8 ];{}
86;[ 2, 4, 12 ];{}
86;[ 2, 4, 6 ];{}
86;[ 2, 4, 8 ];{}
86;[ 2, 6, 24 ];{}
86;[ 2, 6, 6 ];{}
86;[ 2, 8, 12 ];{}
86;[ 3, 4, 4 ];{}
86;[ 3, 4, 8 ];{}
87;[ 2, 4, 12 ];{}
87;[ 3, 4, 4 ];{}
88;[ 2, 4, 12 ];{}
88;[ 3, 4, 4 ];{}
89;[ 2, 4, 12 ];{}
89;[ 3, 4, 4 ];{}
90;[ 2, 4, 12 ];{}
90;[ 3, 4, 4 ];{}
91;[ 2, 4, 12 ];{}
91;[ 3, 4, 4 ];{}
92;[ 2, 4, 12 ];{}
92;[ 3, 4, 4 ];{}
93;[ 2, 4, 12 ];{}
93;[ 3, 4, 4 ];{}
94;[ 2, 4, 12 ];{}
94;[ 3, 4, 4 ];{}
95;[ 2, 4, 12 ];{}
95;[ 3, 4, 4 ];{}
96;[ 2, 4, 12 ];{}
96;[ 3, 4, 4 ];{}
97;[ 2, 4, 12 ];{}
97;[ 3, 4, 4 ];{}
98;[ 2, 4, 12 ];{}
98;[ 3, 4, 4 ];{}
