11;[ 2, 5, 10 ];{}
11;[ 2, 5, 20 ];{}
13;[ 2, 5, 10 ];{}
13;[ 2, 5, 20 ];{}
14;[ 2, 5, 10 ];{}
14;[ 2, 5, 20 ];{}
16;[ 2, 8, 8 ];{}
17;[ 4, 4, 4 ];{}
18;[ 2, 4, 20 ];{}
18;[ 4, 4, 4 ];{}
19;[ 2, 4, 20 ];{}
19;[ 4, 4, 4 ];{}
20;[ 2, 2, 2, 10 ];{}
20;[ 2, 2, 2, 11 ];{}
20;[ 2, 2, 2, 4 ];{}
20;[ 2, 2, 2, 5 ];{}
20;[ 2, 4, 10 ];{}
20;[ 2, 4, 11 ];{}
20;[ 2, 4, 110 ];{}
20;[ 2, 5, 10 ];{}
20;[ 2, 5, 22 ];{}
20;[ 4, 4, 4 ];{}
21;[ 2, 10, 44 ];{[ $.2 * $.3 * $.4 * $.5^2, $.1 * $.3 * $.4^3 * $.5^8, $.1 * $.2 * $.3 * $.4^4 * $.5^6 ]}
21;[ 2, 2, 2, 10 ];{[ $.1 * $.3 * $.4^3 * $.5^9, $.1 * $.5^3, $.1 * $.2 * $.3 * $.4 * $.5^8, $.1 * $.2 * $.4^3 * $.5^3 ]}
21;[ 2, 2, 2, 11 ];{}
21;[ 2, 2, 2, 4 ];{}
21;[ 2, 2, 2, 5 ];{}
21;[ 2, 4, 10 ];{}
21;[ 2, 4, 11 ];{}
21;[ 2, 4, 110 ];{}
21;[ 2, 5, 10 ];{}
21;[ 2, 5, 22 ];{}
21;[ 4, 4, 4 ];{}
22;[ 2, 11, 20 ];{}
22;[ 2, 2, 2, 10 ];{}
22;[ 2, 2, 2, 11 ];{}
22;[ 2, 2, 2, 20 ];{}
22;[ 2, 2, 2, 4 ];{}
22;[ 2, 2, 2, 5 ];{}
22;[ 2, 4, 10 ];{}
22;[ 2, 4, 11 ];{}
22;[ 2, 4, 110 ];{}
22;[ 2, 4, 20 ];{}
22;[ 2, 5, 10 ];{}
22;[ 2, 5, 20 ];{}
22;[ 2, 5, 22 ];{}
22;[ 4, 4, 4 ];{}
23;[ 2, 10, 44 ];{}
23;[ 2, 11, 20 ];{}
23;[ 2, 2, 2, 10 ];{}
23;[ 2, 2, 2, 11 ];{}
23;[ 2, 2, 2, 20 ];{}
23;[ 2, 2, 2, 4 ];{}
23;[ 2, 2, 2, 5 ];{}
23;[ 2, 4, 10 ];{}
23;[ 2, 4, 11 ];{}
23;[ 2, 4, 110 ];{}
23;[ 2, 4, 20 ];{}
23;[ 2, 5, 10 ];{}
23;[ 2, 5, 20 ];{}
23;[ 2, 5, 22 ];{}
23;[ 4, 4, 4 ];{}
24;[ 2, 5, 20 ];{}
24;[ 2, 5, 220 ];{}
26;[ 2, 5, 20 ];{}
26;[ 2, 5, 220 ];{}
28;[ 2, 5, 10 ];{}
28;[ 2, 5, 20 ];{}
34;[ 2, 10, 44 ];{}
34;[ 2, 11, 20 ];{}
34;[ 2, 2, 2, 10 ];{}
34;[ 2, 2, 2, 11 ];{}
34;[ 2, 2, 2, 20 ];{}
34;[ 2, 2, 2, 4 ];{}
34;[ 2, 2, 2, 5 ];{}
34;[ 2, 5, 20 ];{}
34;[ 2, 5, 22 ];{}
34;[ 2, 5, 220 ];{}
34;[ 4, 4, 4 ];{}
35;[ 4, 4, 4 ];{}
36;[ 2, 10, 44 ];{}
36;[ 2, 11, 20 ];{}
36;[ 2, 2, 2, 10 ];{}
36;[ 2, 2, 2, 11 ];{}
36;[ 2, 2, 2, 20 ];{}
36;[ 2, 2, 2, 4 ];{}
36;[ 2, 2, 2, 5 ];{}
36;[ 2, 5, 20 ];{}
36;[ 2, 5, 22 ];{}
36;[ 2, 5, 220 ];{}
36;[ 4, 4, 4 ];{}
37;[ 4, 4, 4 ];{}
38;[ 2, 2, 2, 10 ];{}
38;[ 2, 2, 2, 11 ];{}
38;[ 2, 2, 2, 4 ];{}
38;[ 2, 2, 2, 5 ];{}
38;[ 2, 4, 10 ];{}
38;[ 2, 4, 11 ];{}
38;[ 2, 4, 110 ];{[ $.1 * $.2 * $.4^3 * $.5^9, $.2 * $.3 * $.4^2 * $.5^3, $.1 * $.3 * $.5 ]}
38;[ 2, 5, 10 ];{}
38;[ 2, 5, 22 ];{}
38;[ 4, 4, 4 ];{}
43;[ 4, 4, 4 ];{}
46;[ 4, 4, 4 ];{}
47;[ 2, 2, 2, 10 ];{[ $.1 * $.3 * $.4^2 * $.5^2, $.1 * $.5^2, $.1 * $.2 * $.4^2, $.1 * $.2 * $.3 ]}
47;[ 2, 2, 2, 11 ];{}
47;[ 2, 2, 2, 5 ];{}
5;[ 2, 8, 8 ];{}
50;[ 2, 2, 2, 10 ];{}
50;[ 2, 2, 2, 11 ];{}
50;[ 2, 2, 2, 5 ];{}
7;[ 2, 5, 10 ];{}
7;[ 2, 5, 20 ];{}
9;[ 2, 5, 10 ];{}
9;[ 2, 5, 20 ];{}
