10;[ 2, 8, 8 ];{}
100;[ 2, 4, 8 ];{}
100;[ 2, 8, 8 ];{}
100;[ 4, 4, 4 ];{}
101;[ 2, 4, 8 ];{}
101;[ 2, 8, 8 ];{}
101;[ 4, 4, 4 ];{}
102;[ 4, 4, 4 ];{}
103;[ 2, 4, 8 ];{}
103;[ 2, 8, 8 ];{}
103;[ 4, 4, 4 ];{}
104;[ 2, 4, 8 ];{}
104;[ 2, 8, 8 ];{}
104;[ 4, 4, 4 ];{}
105;[ 2, 4, 8 ];{}
105;[ 2, 8, 8 ];{}
105;[ 4, 4, 4 ];{}
107;[ 2, 8, 8 ];{}
108;[ 2, 4, 8 ];{}
108;[ 2, 8, 8 ];{}
108;[ 4, 4, 4 ];{}
109;[ 2, 4, 8 ];{}
109;[ 2, 8, 8 ];{}
109;[ 4, 4, 4 ];{}
11;[ 2, 8, 8 ];{}
110;[ 2, 8, 8 ];{}
111;[ 2, 4, 8 ];{}
111;[ 2, 8, 8 ];{}
111;[ 4, 4, 4 ];{}
112;[ 2, 4, 8 ];{}
112;[ 2, 8, 8 ];{}
112;[ 4, 4, 4 ];{}
113;[ 2, 4, 8 ];{}
113;[ 2, 8, 8 ];{}
113;[ 4, 4, 4 ];{}
114;[ 2, 4, 8 ];{}
114;[ 2, 8, 8 ];{}
114;[ 4, 4, 4 ];{}
115;[ 2, 4, 8 ];{}
115;[ 2, 8, 8 ];{}
115;[ 4, 4, 4 ];{}
116;[ 2, 4, 8 ];{}
116;[ 2, 8, 8 ];{}
116;[ 4, 4, 4 ];{}
117;[ 2, 4, 8 ];{}
117;[ 2, 8, 8 ];{}
117;[ 4, 4, 4 ];{}
118;[ 2, 8, 8 ];{}
119;[ 2, 4, 16 ];{}
119;[ 2, 4, 8 ];{}
119;[ 2, 8, 8 ];{}
119;[ 4, 4, 4 ];{}
12;[ 2, 8, 8 ];{}
120;[ 2, 4, 16 ];{}
120;[ 2, 4, 8 ];{}
120;[ 2, 8, 8 ];{}
120;[ 4, 4, 4 ];{}
121;[ 2, 4, 16 ];{}
121;[ 2, 4, 8 ];{}
121;[ 2, 8, 8 ];{}
121;[ 4, 4, 4 ];{}
122;[ 2, 4, 16 ];{}
122;[ 2, 4, 8 ];{}
122;[ 2, 8, 8 ];{}
122;[ 4, 4, 4 ];{}
123;[ 2, 4, 16 ];{}
123;[ 2, 4, 8 ];{}
123;[ 2, 8, 8 ];{}
123;[ 4, 4, 4 ];{}
124;[ 2, 4, 16 ];{}
124;[ 2, 4, 8 ];{}
124;[ 2, 8, 8 ];{}
124;[ 4, 4, 4 ];{}
13;[ 2, 8, 8 ];{}
14;[ 2, 8, 8 ];{}
15;[ 2, 8, 8 ];{}
16;[ 2, 8, 8 ];{}
175;[ 2, 7, 224 ];{}
176;[ 2, 7, 224 ];{}
177;[ 2, 7, 224 ];{}
18;[ 2, 8, 8 ];{}
190;[ 2, 2, 2, 14 ];{}
190;[ 2, 2, 2, 4 ];{}
190;[ 2, 2, 2, 7 ];{}
191;[ 2, 2, 2, 14 ];{}
191;[ 2, 2, 2, 4 ];{}
191;[ 2, 2, 2, 7 ];{}
192;[ 2, 2, 2, 14 ];{}
192;[ 2, 2, 2, 4 ];{}
192;[ 2, 2, 2, 7 ];{}
193;[ 2, 2, 2, 14 ];{}
193;[ 2, 2, 2, 4 ];{}
193;[ 2, 2, 2, 7 ];{}
194;[ 2, 2, 2, 14 ];{}
194;[ 2, 2, 2, 4 ];{}
194;[ 2, 2, 2, 7 ];{}
195;[ 2, 2, 2, 14 ];{}
195;[ 2, 2, 2, 4 ];{}
195;[ 2, 2, 2, 7 ];{}
196;[ 2, 2, 2, 14 ];{}
196;[ 2, 2, 2, 4 ];{}
196;[ 2, 2, 2, 7 ];{}
20;[ 2, 8, 8 ];{}
205;[ 2, 2, 2, 14 ];{}
205;[ 2, 2, 2, 4 ];{[ $.1 * $.2 * $.4 * $.5 * $.6 * $.7^6, $.1 * $.2 * $.3 * $.4 * $.5 * $.7^3, $.1 * $.5 * $.6 * $.7^4, $.1 * $.3 * $.4 * $.5 ]}
205;[ 2, 2, 2, 7 ];{}
206;[ 2, 2, 2, 14 ];{}
206;[ 2, 2, 2, 4 ];{}
206;[ 2, 2, 2, 7 ];{}
207;[ 2, 2, 2, 14 ];{}
207;[ 2, 2, 2, 4 ];{}
207;[ 2, 2, 2, 7 ];{}
208;[ 2, 2, 2, 14 ];{}
208;[ 2, 2, 2, 4 ];{}
208;[ 2, 2, 2, 7 ];{}
209;[ 2, 2, 2, 14 ];{}
209;[ 2, 2, 2, 4 ];{}
209;[ 2, 2, 2, 7 ];{}
21;[ 2, 4, 8 ];{}
21;[ 2, 8, 8 ];{}
21;[ 4, 4, 4 ];{}
210;[ 2, 2, 2, 14 ];{}
210;[ 2, 2, 2, 4 ];{}
210;[ 2, 2, 2, 7 ];{}
211;[ 2, 2, 2, 14 ];{}
211;[ 2, 2, 2, 4 ];{}
211;[ 2, 2, 2, 7 ];{}
214;[ 2, 2, 2, 14 ];{}
214;[ 2, 2, 2, 4 ];{}
214;[ 2, 2, 2, 7 ];{}
214;[ 2, 2, 2, 8 ];{}
215;[ 2, 2, 2, 14 ];{}
215;[ 2, 2, 2, 4 ];{}
215;[ 2, 2, 2, 7 ];{}
215;[ 2, 2, 2, 8 ];{}
216;[ 2, 2, 2, 14 ];{}
216;[ 2, 2, 2, 4 ];{}
216;[ 2, 2, 2, 7 ];{}
216;[ 2, 2, 2, 8 ];{}
217;[ 2, 2, 2, 14 ];{}
217;[ 2, 2, 2, 4 ];{}
217;[ 2, 2, 2, 7 ];{}
217;[ 2, 2, 2, 8 ];{}
22;[ 2, 4, 8 ];{}
22;[ 2, 8, 8 ];{}
22;[ 4, 4, 4 ];{}
227;[ 2, 2, 2, 14 ];{}
227;[ 2, 2, 2, 4 ];{}
227;[ 2, 2, 2, 7 ];{}
227;[ 2, 2, 2, 8 ];{}
228;[ 2, 2, 2, 14 ];{}
228;[ 2, 2, 2, 4 ];{}
228;[ 2, 2, 2, 7 ];{}
228;[ 2, 2, 2, 8 ];{}
229;[ 2, 2, 2, 14 ];{}
229;[ 2, 2, 2, 4 ];{}
229;[ 2, 2, 2, 7 ];{}
229;[ 2, 2, 2, 8 ];{}
23;[ 2, 4, 16 ];{}
23;[ 2, 4, 8 ];{}
23;[ 2, 8, 8 ];{}
23;[ 4, 4, 4 ];{}
230;[ 2, 2, 2, 14 ];{}
230;[ 2, 2, 2, 4 ];{}
230;[ 2, 2, 2, 7 ];{}
230;[ 2, 2, 2, 8 ];{}
231;[ 2, 2, 2, 14 ];{}
231;[ 2, 2, 2, 4 ];{}
231;[ 2, 2, 2, 7 ];{}
231;[ 2, 2, 2, 8 ];{}
233;[ 2, 2, 2, 14 ];{}
233;[ 2, 2, 2, 4 ];{}
233;[ 2, 2, 2, 7 ];{}
233;[ 2, 2, 2, 8 ];{}
236;[ 2, 2, 2, 14 ];{}
236;[ 2, 2, 2, 4 ];{}
236;[ 2, 2, 2, 7 ];{}
236;[ 2, 2, 2, 8 ];{}
237;[ 2, 2, 2, 14 ];{}
237;[ 2, 2, 2, 4 ];{}
237;[ 2, 2, 2, 7 ];{}
237;[ 2, 2, 2, 8 ];{}
24;[ 2, 4, 8 ];{}
24;[ 2, 8, 8 ];{}
24;[ 4, 4, 4 ];{}
246;[ 2, 2, 2, 14 ];{}
246;[ 2, 2, 2, 4 ];{[ $.1 * $.2 * $.3 * $.4 * $.6 * $.7^2, $.1 * $.2 * $.5 * $.6, $.1 * $.5 * $.6 * $.7, $.1 * $.3 * $.4 * $.6 * $.7^3 ]}
246;[ 2, 2, 2, 7 ];{}
246;[ 2, 2, 2, 8 ];{}
247;[ 2, 2, 2, 14 ];{}
247;[ 2, 2, 2, 4 ];{}
247;[ 2, 2, 2, 7 ];{}
247;[ 2, 2, 2, 8 ];{}
248;[ 2, 2, 2, 14 ];{}
248;[ 2, 2, 2, 4 ];{}
248;[ 2, 2, 2, 7 ];{}
248;[ 2, 2, 2, 8 ];{}
249;[ 2, 2, 2, 14 ];{}
249;[ 2, 2, 2, 4 ];{}
249;[ 2, 2, 2, 7 ];{}
249;[ 2, 2, 2, 8 ];{}
25;[ 2, 8, 8 ];{}
255;[ 2, 2, 2, 14 ];{}
255;[ 2, 2, 2, 4 ];{}
255;[ 2, 2, 2, 7 ];{}
255;[ 2, 2, 2, 8 ];{}
256;[ 2, 2, 2, 14 ];{}
256;[ 2, 2, 2, 4 ];{}
256;[ 2, 2, 2, 7 ];{}
256;[ 2, 2, 2, 8 ];{}
257;[ 2, 2, 2, 14 ];{}
257;[ 2, 2, 2, 4 ];{}
257;[ 2, 2, 2, 7 ];{}
257;[ 2, 2, 2, 8 ];{}
26;[ 2, 8, 8 ];{}
265;[ 2, 2, 2, 14 ];{}
265;[ 2, 2, 2, 4 ];{}
265;[ 2, 2, 2, 7 ];{}
265;[ 2, 2, 2, 8 ];{}
266;[ 2, 2, 2, 14 ];{}
266;[ 2, 2, 2, 4 ];{[ $.1 * $.2 * $.3 * $.4 * $.7^6, $.1 * $.6 * $.7, $.1 * $.2 * $.4 * $.5 * $.7^2, $.1 * $.3 ]}
266;[ 2, 2, 2, 7 ];{}
266;[ 2, 2, 2, 8 ];{}
267;[ 2, 2, 2, 14 ];{}
267;[ 2, 2, 2, 4 ];{}
267;[ 2, 2, 2, 7 ];{}
267;[ 2, 2, 2, 8 ];{}
268;[ 2, 2, 2, 14 ];{}
268;[ 2, 2, 2, 4 ];{}
268;[ 2, 2, 2, 7 ];{}
268;[ 2, 2, 2, 8 ];{}
269;[ 2, 2, 2, 14 ];{}
269;[ 2, 2, 2, 4 ];{}
269;[ 2, 2, 2, 7 ];{}
269;[ 2, 2, 2, 8 ];{}
27;[ 2, 4, 8 ];{}
27;[ 2, 8, 8 ];{}
27;[ 4, 4, 4 ];{}
270;[ 2, 2, 2, 14 ];{}
270;[ 2, 2, 2, 4 ];{}
270;[ 2, 2, 2, 7 ];{}
270;[ 2, 2, 2, 8 ];{}
271;[ 2, 2, 2, 14 ];{}
271;[ 2, 2, 2, 4 ];{}
271;[ 2, 2, 2, 7 ];{}
271;[ 2, 2, 2, 8 ];{}
272;[ 2, 2, 2, 14 ];{}
272;[ 2, 2, 2, 4 ];{}
272;[ 2, 2, 2, 7 ];{}
272;[ 2, 2, 2, 8 ];{}
273;[ 2, 2, 2, 14 ];{}
273;[ 2, 2, 2, 4 ];{}
273;[ 2, 2, 2, 7 ];{}
273;[ 2, 2, 2, 8 ];{}
275;[ 2, 2, 2, 14 ];{}
275;[ 2, 2, 2, 4 ];{[ $.1 * $.2 * $.4 * $.5 * $.7^4, $.1 * $.6 * $.7^3, $.1 * $.3 * $.4 * $.7^5, $.1 * $.2 * $.3 * $.7^6 ]}
275;[ 2, 2, 2, 7 ];{}
276;[ 2, 2, 2, 14 ];{}
276;[ 2, 2, 2, 4 ];{}
276;[ 2, 2, 2, 7 ];{}
28;[ 2, 4, 8 ];{}
28;[ 2, 8, 8 ];{}
28;[ 4, 4, 4 ];{}
280;[ 2, 2, 2, 14 ];{}
280;[ 2, 2, 2, 4 ];{}
280;[ 2, 2, 2, 7 ];{}
280;[ 2, 2, 2, 8 ];{}
281;[ 2, 2, 2, 14 ];{}
281;[ 2, 2, 2, 4 ];{[ $.1 * $.2 * $.3 * $.7^6, $.1 * $.7^5, $.1 * $.2 * $.4 * $.5 * $.6 * $.7^5, $.1 * $.3 * $.4 * $.6 * $.7^6 ]}
281;[ 2, 2, 2, 7 ];{}
281;[ 2, 2, 2, 8 ];{}
282;[ 2, 2, 2, 14 ];{}
282;[ 2, 2, 2, 4 ];{}
282;[ 2, 2, 2, 7 ];{}
282;[ 2, 2, 2, 8 ];{}
283;[ 2, 2, 2, 14 ];{}
283;[ 2, 2, 2, 4 ];{}
283;[ 2, 2, 2, 7 ];{}
283;[ 2, 2, 2, 8 ];{}
286;[ 2, 2, 2, 14 ];{}
286;[ 2, 2, 2, 4 ];{}
286;[ 2, 2, 2, 7 ];{}
286;[ 2, 2, 2, 8 ];{}
287;[ 2, 2, 2, 14 ];{}
287;[ 2, 2, 2, 4 ];{[ $.1 * $.2 * $.3 * $.5 * $.6, $.1 * $.2 * $.5, $.1 * $.4 * $.7^6, $.1 * $.3 * $.4 * $.5 * $.6 * $.7^6 ]}
287;[ 2, 2, 2, 7 ];{}
287;[ 2, 2, 2, 8 ];{}
288;[ 2, 2, 2, 14 ];{}
288;[ 2, 2, 2, 4 ];{}
288;[ 2, 2, 2, 7 ];{}
288;[ 2, 2, 2, 8 ];{}
289;[ 2, 2, 2, 14 ];{}
289;[ 2, 2, 2, 4 ];{}
289;[ 2, 2, 2, 7 ];{}
289;[ 2, 2, 2, 8 ];{}
29;[ 2, 4, 8 ];{}
29;[ 2, 8, 8 ];{}
29;[ 4, 4, 4 ];{}
293;[ 2, 2, 2, 14 ];{}
293;[ 2, 2, 2, 4 ];{}
293;[ 2, 2, 2, 7 ];{}
293;[ 2, 2, 2, 8 ];{}
294;[ 2, 2, 2, 14 ];{}
294;[ 2, 2, 2, 4 ];{}
294;[ 2, 2, 2, 7 ];{}
294;[ 2, 2, 2, 8 ];{}
295;[ 2, 2, 2, 14 ];{}
295;[ 2, 2, 2, 4 ];{}
295;[ 2, 2, 2, 7 ];{}
295;[ 2, 2, 2, 8 ];{}
296;[ 2, 2, 2, 14 ];{}
296;[ 2, 2, 2, 4 ];{}
296;[ 2, 2, 2, 7 ];{}
296;[ 2, 2, 2, 8 ];{}
297;[ 2, 2, 2, 14 ];{}
297;[ 2, 2, 2, 4 ];{}
297;[ 2, 2, 2, 7 ];{}
297;[ 2, 2, 2, 8 ];{}
298;[ 2, 2, 2, 14 ];{}
298;[ 2, 2, 2, 4 ];{}
298;[ 2, 2, 2, 7 ];{}
298;[ 2, 2, 2, 8 ];{}
299;[ 2, 2, 2, 14 ];{}
299;[ 2, 2, 2, 4 ];{}
299;[ 2, 2, 2, 7 ];{}
299;[ 2, 2, 2, 8 ];{}
30;[ 4, 4, 4 ];{}
300;[ 2, 2, 2, 14 ];{}
300;[ 2, 2, 2, 4 ];{}
300;[ 2, 2, 2, 7 ];{}
300;[ 2, 2, 2, 8 ];{}
301;[ 2, 2, 2, 14 ];{}
301;[ 2, 2, 2, 4 ];{}
301;[ 2, 2, 2, 7 ];{}
301;[ 2, 2, 2, 8 ];{}
302;[ 2, 2, 2, 14 ];{}
302;[ 2, 2, 2, 4 ];{}
302;[ 2, 2, 2, 7 ];{}
302;[ 2, 2, 2, 8 ];{}
307;[ 2, 2, 2, 14 ];{}
307;[ 2, 2, 2, 4 ];{}
307;[ 2, 2, 2, 7 ];{}
307;[ 2, 2, 2, 8 ];{[ $.1 * $.7^2, $.1 * $.2 * $.4 * $.6, $.1 * $.2 * $.3 * $.6 * $.7^3, $.1 * $.3 * $.4 * $.7^5 ]}
308;[ 2, 2, 2, 14 ];{}
308;[ 2, 2, 2, 4 ];{}
308;[ 2, 2, 2, 7 ];{}
308;[ 2, 2, 2, 8 ];{}
309;[ 2, 2, 2, 14 ];{}
309;[ 2, 2, 2, 4 ];{}
309;[ 2, 2, 2, 7 ];{}
309;[ 2, 2, 2, 8 ];{}
31;[ 4, 4, 4 ];{}
310;[ 2, 2, 2, 14 ];{}
310;[ 2, 2, 2, 4 ];{}
310;[ 2, 2, 2, 7 ];{}
310;[ 2, 2, 2, 8 ];{}
311;[ 2, 2, 2, 14 ];{}
311;[ 2, 2, 2, 4 ];{}
311;[ 2, 2, 2, 7 ];{}
311;[ 2, 2, 2, 8 ];{}
312;[ 2, 2, 2, 14 ];{}
312;[ 2, 2, 2, 4 ];{}
312;[ 2, 2, 2, 7 ];{}
312;[ 2, 2, 2, 8 ];{}
313;[ 2, 2, 2, 14 ];{}
313;[ 2, 2, 2, 4 ];{}
313;[ 2, 2, 2, 7 ];{}
313;[ 2, 2, 2, 8 ];{}
314;[ 2, 2, 2, 14 ];{}
314;[ 2, 2, 2, 4 ];{}
314;[ 2, 2, 2, 7 ];{}
314;[ 2, 2, 2, 8 ];{}
315;[ 2, 2, 2, 14 ];{}
315;[ 2, 2, 2, 4 ];{}
315;[ 2, 2, 2, 7 ];{}
315;[ 2, 2, 2, 8 ];{}
316;[ 2, 2, 2, 14 ];{}
316;[ 2, 2, 2, 4 ];{}
316;[ 2, 2, 2, 7 ];{}
316;[ 2, 2, 2, 8 ];{}
317;[ 2, 2, 2, 14 ];{}
317;[ 2, 2, 2, 4 ];{}
317;[ 2, 2, 2, 7 ];{}
317;[ 2, 2, 2, 8 ];{}
318;[ 2, 2, 2, 14 ];{}
318;[ 2, 2, 2, 4 ];{}
318;[ 2, 2, 2, 7 ];{}
318;[ 2, 2, 2, 8 ];{}
32;[ 2, 4, 8 ];{}
32;[ 2, 8, 8 ];{}
32;[ 4, 4, 4 ];{}
320;[ 2, 2, 2, 14 ];{}
320;[ 2, 2, 2, 4 ];{}
320;[ 2, 2, 2, 7 ];{}
320;[ 2, 2, 2, 8 ];{}
321;[ 2, 2, 2, 14 ];{}
321;[ 2, 2, 2, 4 ];{}
321;[ 2, 2, 2, 7 ];{}
321;[ 2, 2, 2, 8 ];{}
325;[ 2, 2, 2, 14 ];{}
325;[ 2, 2, 2, 4 ];{}
325;[ 2, 2, 2, 7 ];{}
325;[ 2, 2, 2, 8 ];{}
326;[ 2, 2, 2, 14 ];{}
326;[ 2, 2, 2, 4 ];{}
326;[ 2, 2, 2, 7 ];{}
326;[ 2, 2, 2, 8 ];{}
327;[ 2, 2, 2, 14 ];{}
327;[ 2, 2, 2, 4 ];{}
327;[ 2, 2, 2, 7 ];{}
327;[ 2, 2, 2, 8 ];{}
328;[ 2, 2, 2, 14 ];{}
328;[ 2, 2, 2, 4 ];{}
328;[ 2, 2, 2, 7 ];{}
328;[ 2, 2, 2, 8 ];{}
329;[ 2, 2, 2, 14 ];{}
329;[ 2, 2, 2, 4 ];{}
329;[ 2, 2, 2, 7 ];{}
329;[ 2, 2, 2, 8 ];{}
33;[ 2, 4, 8 ];{}
33;[ 2, 8, 8 ];{}
33;[ 4, 4, 4 ];{}
330;[ 2, 2, 2, 14 ];{}
330;[ 2, 2, 2, 4 ];{}
330;[ 2, 2, 2, 7 ];{}
330;[ 2, 2, 2, 8 ];{}
331;[ 2, 2, 2, 14 ];{}
331;[ 2, 2, 2, 4 ];{}
331;[ 2, 2, 2, 7 ];{}
331;[ 2, 2, 2, 8 ];{}
332;[ 2, 2, 2, 14 ];{}
332;[ 2, 2, 2, 4 ];{}
332;[ 2, 2, 2, 7 ];{}
332;[ 2, 2, 2, 8 ];{}
333;[ 2, 2, 2, 14 ];{}
333;[ 2, 2, 2, 4 ];{}
333;[ 2, 2, 2, 7 ];{}
333;[ 2, 2, 2, 8 ];{}
334;[ 2, 2, 2, 14 ];{}
334;[ 2, 2, 2, 4 ];{}
334;[ 2, 2, 2, 7 ];{}
334;[ 2, 2, 2, 8 ];{}
339;[ 2, 2, 2, 14 ];{}
339;[ 2, 2, 2, 4 ];{}
339;[ 2, 2, 2, 7 ];{}
339;[ 2, 2, 2, 8 ];{}
34;[ 2, 4, 8 ];{}
34;[ 2, 8, 8 ];{}
34;[ 4, 4, 4 ];{}
340;[ 2, 2, 2, 14 ];{}
340;[ 2, 2, 2, 4 ];{}
340;[ 2, 2, 2, 7 ];{}
340;[ 2, 2, 2, 8 ];{}
341;[ 2, 2, 2, 14 ];{}
341;[ 2, 2, 2, 4 ];{}
341;[ 2, 2, 2, 7 ];{}
341;[ 2, 2, 2, 8 ];{}
342;[ 2, 2, 2, 14 ];{}
342;[ 2, 2, 2, 4 ];{}
342;[ 2, 2, 2, 7 ];{}
342;[ 2, 2, 2, 8 ];{}
343;[ 2, 2, 2, 14 ];{}
343;[ 2, 2, 2, 4 ];{}
343;[ 2, 2, 2, 7 ];{}
343;[ 2, 2, 2, 8 ];{}
344;[ 2, 2, 2, 14 ];{}
344;[ 2, 2, 2, 4 ];{}
344;[ 2, 2, 2, 7 ];{}
344;[ 2, 2, 2, 8 ];{}
345;[ 2, 2, 2, 14 ];{}
345;[ 2, 2, 2, 4 ];{}
345;[ 2, 2, 2, 7 ];{}
345;[ 2, 2, 2, 8 ];{[ $.1 * $.5 * $.7^6, $.1 * $.3 * $.4 * $.5 * $.6, $.1 * $.2 * $.3 * $.4 * $.6 * $.7^6, $.1 * $.2 * $.4 * $.7^5 ]}
346;[ 2, 2, 2, 14 ];{}
346;[ 2, 2, 2, 4 ];{}
346;[ 2, 2, 2, 7 ];{}
346;[ 2, 2, 2, 8 ];{}
347;[ 2, 2, 2, 14 ];{}
347;[ 2, 2, 2, 4 ];{}
347;[ 2, 2, 2, 7 ];{}
347;[ 2, 2, 2, 8 ];{}
348;[ 2, 2, 2, 14 ];{}
348;[ 2, 2, 2, 4 ];{}
348;[ 2, 2, 2, 7 ];{}
348;[ 2, 2, 2, 8 ];{}
349;[ 2, 2, 2, 14 ];{}
349;[ 2, 2, 2, 4 ];{}
349;[ 2, 2, 2, 7 ];{}
349;[ 2, 2, 2, 8 ];{}
35;[ 2, 4, 8 ];{}
35;[ 2, 8, 8 ];{}
35;[ 4, 4, 4 ];{}
350;[ 2, 2, 2, 14 ];{}
350;[ 2, 2, 2, 4 ];{}
350;[ 2, 2, 2, 7 ];{}
350;[ 2, 2, 2, 8 ];{}
352;[ 2, 2, 2, 14 ];{}
352;[ 2, 2, 2, 4 ];{}
352;[ 2, 2, 2, 7 ];{}
352;[ 2, 2, 2, 8 ];{}
353;[ 2, 2, 2, 14 ];{}
353;[ 2, 2, 2, 4 ];{}
353;[ 2, 2, 2, 7 ];{}
353;[ 2, 2, 2, 8 ];{}
356;[ 2, 2, 2, 14 ];{}
356;[ 2, 2, 2, 4 ];{}
356;[ 2, 2, 2, 7 ];{}
356;[ 2, 2, 2, 8 ];{[ $.1 * $.2 * $.4 * $.5 * $.7, $.1 * $.6 * $.7, $.1 * $.3 * $.4 * $.5 * $.7^6, $.1 * $.2 * $.3 * $.5 * $.7^6 ]}
359;[ 2, 2, 2, 14 ];{}
359;[ 2, 2, 2, 4 ];{}
359;[ 2, 2, 2, 7 ];{}
359;[ 2, 2, 2, 8 ];{}
36;[ 2, 8, 8 ];{}
360;[ 2, 2, 2, 14 ];{}
360;[ 2, 2, 2, 4 ];{}
360;[ 2, 2, 2, 7 ];{}
360;[ 2, 2, 2, 8 ];{}
361;[ 2, 2, 2, 14 ];{}
361;[ 2, 2, 2, 4 ];{}
361;[ 2, 2, 2, 7 ];{}
361;[ 2, 2, 2, 8 ];{}
363;[ 2, 2, 2, 14 ];{}
363;[ 2, 2, 2, 4 ];{}
363;[ 2, 2, 2, 7 ];{}
363;[ 2, 2, 2, 8 ];{}
37;[ 2, 8, 8 ];{}
375;[ 2, 2, 2, 14 ];{}
375;[ 2, 2, 2, 4 ];{}
375;[ 2, 2, 2, 7 ];{}
375;[ 2, 2, 2, 8 ];{}
376;[ 2, 2, 2, 14 ];{}
376;[ 2, 2, 2, 4 ];{}
376;[ 2, 2, 2, 7 ];{}
376;[ 2, 2, 2, 8 ];{}
377;[ 2, 2, 2, 14 ];{}
377;[ 2, 2, 2, 4 ];{[ $.1 * $.2 * $.5 * $.6 * $.7^4, $.1 * $.4 * $.5 * $.7^4, $.1 * $.3 * $.7^2, $.1 * $.2 * $.3 * $.4 * $.7^2 ]}
377;[ 2, 2, 2, 7 ];{}
377;[ 2, 2, 2, 8 ];{}
378;[ 2, 2, 2, 14 ];{}
378;[ 2, 2, 2, 4 ];{}
378;[ 2, 2, 2, 7 ];{}
378;[ 2, 2, 2, 8 ];{}
379;[ 2, 2, 2, 14 ];{}
379;[ 2, 2, 2, 4 ];{}
379;[ 2, 2, 2, 7 ];{}
379;[ 2, 2, 2, 8 ];{}
38;[ 2, 4, 8 ];{}
38;[ 2, 8, 8 ];{}
38;[ 4, 4, 4 ];{}
380;[ 2, 2, 2, 14 ];{}
380;[ 2, 2, 2, 4 ];{}
380;[ 2, 2, 2, 7 ];{}
380;[ 2, 2, 2, 8 ];{}
381;[ 2, 2, 2, 14 ];{}
381;[ 2, 2, 2, 4 ];{}
381;[ 2, 2, 2, 7 ];{}
381;[ 2, 2, 2, 8 ];{}
382;[ 2, 2, 2, 14 ];{}
382;[ 2, 2, 2, 4 ];{}
382;[ 2, 2, 2, 7 ];{}
382;[ 2, 2, 2, 8 ];{}
383;[ 2, 2, 2, 14 ];{}
383;[ 2, 2, 2, 4 ];{}
383;[ 2, 2, 2, 7 ];{}
383;[ 2, 2, 2, 8 ];{}
384;[ 2, 2, 2, 14 ];{}
384;[ 2, 2, 2, 4 ];{}
384;[ 2, 2, 2, 7 ];{}
384;[ 2, 2, 2, 8 ];{}
385;[ 2, 2, 2, 14 ];{}
385;[ 2, 2, 2, 4 ];{}
385;[ 2, 2, 2, 7 ];{}
385;[ 2, 2, 2, 8 ];{}
388;[ 2, 2, 2, 14 ];{}
388;[ 2, 2, 2, 4 ];{}
388;[ 2, 2, 2, 7 ];{}
388;[ 2, 2, 2, 8 ];{}
389;[ 2, 2, 2, 14 ];{}
389;[ 2, 2, 2, 4 ];{}
389;[ 2, 2, 2, 7 ];{}
389;[ 2, 2, 2, 8 ];{}
39;[ 2, 4, 8 ];{}
39;[ 2, 8, 8 ];{}
39;[ 4, 4, 4 ];{}
390;[ 2, 2, 2, 14 ];{}
390;[ 2, 2, 2, 4 ];{}
390;[ 2, 2, 2, 7 ];{}
390;[ 2, 2, 2, 8 ];{}
391;[ 2, 2, 2, 14 ];{}
391;[ 2, 2, 2, 4 ];{}
391;[ 2, 2, 2, 7 ];{}
391;[ 2, 2, 2, 8 ];{}
392;[ 2, 2, 2, 14 ];{}
392;[ 2, 2, 2, 4 ];{}
392;[ 2, 2, 2, 7 ];{}
392;[ 2, 2, 2, 8 ];{}
396;[ 2, 2, 2, 14 ];{}
396;[ 2, 2, 2, 4 ];{}
396;[ 2, 2, 2, 7 ];{}
396;[ 2, 2, 2, 8 ];{}
397;[ 2, 2, 2, 14 ];{}
397;[ 2, 2, 2, 4 ];{}
397;[ 2, 2, 2, 7 ];{}
397;[ 2, 2, 2, 8 ];{}
398;[ 2, 2, 2, 14 ];{}
398;[ 2, 2, 2, 4 ];{}
398;[ 2, 2, 2, 7 ];{}
398;[ 2, 2, 2, 8 ];{}
399;[ 2, 2, 2, 14 ];{}
399;[ 2, 2, 2, 4 ];{}
399;[ 2, 2, 2, 7 ];{}
399;[ 2, 2, 2, 8 ];{[ $.1 * $.7^5, $.1 * $.3 * $.6 * $.7^3, $.1 * $.2 * $.4 * $.5 * $.7^6, $.1 * $.2 * $.3 * $.6 * $.7 ]}
40;[ 2, 8, 8 ];{}
400;[ 2, 2, 2, 14 ];{}
400;[ 2, 2, 2, 4 ];{}
400;[ 2, 2, 2, 7 ];{}
400;[ 2, 2, 2, 8 ];{}
401;[ 2, 2, 2, 14 ];{}
401;[ 2, 2, 2, 4 ];{}
401;[ 2, 2, 2, 7 ];{}
401;[ 2, 2, 2, 8 ];{}
402;[ 2, 2, 2, 14 ];{}
402;[ 2, 2, 2, 4 ];{}
402;[ 2, 2, 2, 7 ];{}
402;[ 2, 2, 2, 8 ];{}
404;[ 2, 2, 2, 14 ];{}
404;[ 2, 2, 2, 4 ];{}
404;[ 2, 2, 2, 7 ];{}
404;[ 2, 2, 2, 8 ];{}
405;[ 2, 2, 2, 14 ];{}
405;[ 2, 2, 2, 4 ];{}
405;[ 2, 2, 2, 7 ];{}
405;[ 2, 2, 2, 8 ];{}
408;[ 2, 2, 2, 14 ];{}
408;[ 2, 2, 2, 4 ];{}
408;[ 2, 2, 2, 7 ];{}
408;[ 2, 2, 2, 8 ];{}
409;[ 2, 2, 2, 14 ];{}
409;[ 2, 2, 2, 4 ];{}
409;[ 2, 2, 2, 7 ];{}
409;[ 2, 2, 2, 8 ];{}
41;[ 2, 8, 8 ];{}
410;[ 2, 2, 2, 14 ];{}
410;[ 2, 2, 2, 4 ];{}
410;[ 2, 2, 2, 7 ];{}
410;[ 2, 2, 2, 8 ];{}
411;[ 2, 2, 2, 14 ];{}
411;[ 2, 2, 2, 4 ];{}
411;[ 2, 2, 2, 7 ];{}
411;[ 2, 2, 2, 8 ];{}
412;[ 2, 2, 2, 14 ];{}
412;[ 2, 2, 2, 4 ];{}
412;[ 2, 2, 2, 7 ];{}
412;[ 2, 2, 2, 8 ];{}
416;[ 2, 2, 2, 14 ];{}
416;[ 2, 2, 2, 4 ];{}
416;[ 2, 2, 2, 7 ];{}
416;[ 2, 2, 2, 8 ];{}
417;[ 2, 2, 2, 14 ];{}
417;[ 2, 2, 2, 4 ];{}
417;[ 2, 2, 2, 7 ];{}
417;[ 2, 2, 2, 8 ];{[ $.1 * $.2 * $.6 * $.7^5, $.1 * $.4 * $.6, $.1 * $.3 * $.4 * $.6 * $.7^2, $.1 * $.2 * $.3 * $.6 ]}
418;[ 2, 2, 2, 14 ];{}
418;[ 2, 2, 2, 4 ];{}
418;[ 2, 2, 2, 7 ];{}
418;[ 2, 2, 2, 8 ];{}
419;[ 2, 2, 2, 14 ];{}
419;[ 2, 2, 2, 4 ];{}
419;[ 2, 2, 2, 7 ];{}
419;[ 2, 2, 2, 8 ];{}
42;[ 2, 4, 8 ];{}
42;[ 2, 8, 8 ];{}
42;[ 4, 4, 4 ];{}
420;[ 2, 2, 2, 14 ];{}
420;[ 2, 2, 2, 4 ];{}
420;[ 2, 2, 2, 7 ];{}
420;[ 2, 2, 2, 8 ];{}
421;[ 2, 2, 2, 14 ];{}
421;[ 2, 2, 2, 4 ];{}
421;[ 2, 2, 2, 7 ];{}
421;[ 2, 2, 2, 8 ];{}
422;[ 2, 2, 2, 14 ];{}
422;[ 2, 2, 2, 4 ];{}
422;[ 2, 2, 2, 7 ];{}
422;[ 2, 2, 2, 8 ];{}
424;[ 2, 2, 2, 14 ];{}
424;[ 2, 2, 2, 4 ];{}
424;[ 2, 2, 2, 7 ];{}
424;[ 2, 2, 2, 8 ];{}
425;[ 2, 2, 2, 14 ];{}
425;[ 2, 2, 2, 4 ];{}
425;[ 2, 2, 2, 7 ];{}
425;[ 2, 2, 2, 8 ];{}
43;[ 2, 4, 8 ];{}
43;[ 2, 8, 8 ];{}
43;[ 4, 4, 4 ];{}
430;[ 2, 2, 2, 14 ];{}
430;[ 2, 2, 2, 4 ];{}
430;[ 2, 2, 2, 7 ];{}
430;[ 2, 2, 2, 8 ];{}
431;[ 2, 2, 2, 14 ];{}
431;[ 2, 2, 2, 4 ];{}
431;[ 2, 2, 2, 7 ];{}
431;[ 2, 2, 2, 8 ];{[ $.1 * $.4 * $.6 * $.7^2, $.1 * $.3 * $.5 * $.6 * $.7^6, $.1 * $.2 * $.4 * $.7^2, $.1 * $.2 * $.3 * $.4 * $.7^5 ]}
432;[ 2, 2, 2, 14 ];{}
432;[ 2, 2, 2, 4 ];{}
432;[ 2, 2, 2, 7 ];{}
432;[ 2, 2, 2, 8 ];{}
436;[ 2, 2, 2, 14 ];{}
436;[ 2, 2, 2, 16 ];{}
436;[ 2, 2, 2, 4 ];{}
436;[ 2, 2, 2, 7 ];{}
436;[ 2, 2, 2, 8 ];{}
437;[ 2, 2, 2, 14 ];{}
437;[ 2, 2, 2, 16 ];{}
437;[ 2, 2, 2, 4 ];{}
437;[ 2, 2, 2, 7 ];{}
437;[ 2, 2, 2, 8 ];{}
438;[ 2, 2, 2, 14 ];{}
438;[ 2, 2, 2, 16 ];{}
438;[ 2, 2, 2, 4 ];{}
438;[ 2, 2, 2, 7 ];{}
438;[ 2, 2, 2, 8 ];{}
439;[ 2, 2, 2, 14 ];{}
439;[ 2, 2, 2, 16 ];{}
439;[ 2, 2, 2, 4 ];{}
439;[ 2, 2, 2, 7 ];{}
439;[ 2, 2, 2, 8 ];{}
44;[ 2, 4, 16 ];{}
44;[ 2, 4, 8 ];{}
44;[ 2, 8, 8 ];{}
44;[ 4, 4, 4 ];{}
442;[ 2, 2, 2, 14 ];{}
442;[ 2, 2, 2, 16 ];{}
442;[ 2, 2, 2, 4 ];{[ $.1 * $.3 * $.6 * $.7^5, $.1 * $.4 * $.7^6, $.1 * $.2 * $.3 * $.4 * $.5 * $.6 * $.7^6, $.1 * $.2 * $.4 * $.7^5 ]}
442;[ 2, 2, 2, 7 ];{}
442;[ 2, 2, 2, 8 ];{}
443;[ 2, 2, 2, 14 ];{}
443;[ 2, 2, 2, 16 ];{}
443;[ 2, 2, 2, 4 ];{}
443;[ 2, 2, 2, 7 ];{}
443;[ 2, 2, 2, 8 ];{}
444;[ 2, 2, 2, 14 ];{[ $.3 * $.4 * $.6 * $.7^6, $.2 * $.5, $.1 * $.3 * $.6 * $.7^3, $.1 * $.2 * $.5 * $.6 * $.7^4 ]}
444;[ 2, 2, 2, 16 ];{[ $.1 * $.2 * $.3 * $.5 * $.6 * $.7^5, $.1 * $.6 * $.7^5, $.1 * $.3 * $.4 * $.5 * $.7^6, $.1 * $.2 * $.4 * $.7^6 ]}
444;[ 2, 2, 2, 4 ];{}
444;[ 2, 2, 2, 7 ];{}
444;[ 2, 2, 2, 8 ];{}
445;[ 2, 2, 2, 14 ];{}
445;[ 2, 2, 2, 16 ];{}
445;[ 2, 2, 2, 4 ];{}
445;[ 2, 2, 2, 7 ];{}
445;[ 2, 2, 2, 8 ];{}
446;[ 2, 2, 2, 14 ];{}
446;[ 2, 2, 2, 16 ];{}
446;[ 2, 2, 2, 4 ];{}
446;[ 2, 2, 2, 7 ];{}
446;[ 2, 2, 2, 8 ];{}
447;[ 2, 2, 2, 14 ];{}
447;[ 2, 2, 2, 16 ];{}
447;[ 2, 2, 2, 4 ];{}
447;[ 2, 2, 2, 7 ];{}
447;[ 2, 2, 2, 8 ];{}
448;[ 2, 2, 2, 14 ];{}
448;[ 2, 2, 2, 16 ];{[ $.1 * $.2 * $.3 * $.5 * $.7^4, $.1 * $.7^2, $.1 * $.3 * $.4 * $.6, $.1 * $.2 * $.4 * $.5 * $.6 * $.7^2 ]}
448;[ 2, 2, 2, 4 ];{}
448;[ 2, 2, 2, 7 ];{}
448;[ 2, 2, 2, 8 ];{}
449;[ 2, 2, 2, 14 ];{}
449;[ 2, 2, 2, 16 ];{}
449;[ 2, 2, 2, 4 ];{}
449;[ 2, 2, 2, 7 ];{}
449;[ 2, 2, 2, 8 ];{}
45;[ 2, 4, 16 ];{}
45;[ 2, 4, 8 ];{}
45;[ 2, 8, 8 ];{}
45;[ 4, 4, 4 ];{}
450;[ 2, 2, 2, 14 ];{}
450;[ 2, 2, 2, 16 ];{}
450;[ 2, 2, 2, 4 ];{}
450;[ 2, 2, 2, 7 ];{}
450;[ 2, 2, 2, 8 ];{}
451;[ 2, 2, 2, 14 ];{}
451;[ 2, 2, 2, 16 ];{}
451;[ 2, 2, 2, 4 ];{}
451;[ 2, 2, 2, 7 ];{}
451;[ 2, 2, 2, 8 ];{}
452;[ 2, 2, 2, 14 ];{}
452;[ 2, 2, 2, 16 ];{}
452;[ 2, 2, 2, 4 ];{}
452;[ 2, 2, 2, 7 ];{}
452;[ 2, 2, 2, 8 ];{}
453;[ 2, 2, 2, 14 ];{}
453;[ 2, 2, 2, 16 ];{[ $.1 * $.2 * $.3 * $.5 * $.6, $.1, $.1 * $.3 * $.4 * $.6 * $.7^2, $.1 * $.2 * $.4 * $.5 * $.7^2 ]}
453;[ 2, 2, 2, 4 ];{}
453;[ 2, 2, 2, 7 ];{}
453;[ 2, 2, 2, 8 ];{}
46;[ 2, 4, 16 ];{}
46;[ 2, 4, 8 ];{}
46;[ 2, 8, 8 ];{}
46;[ 4, 4, 4 ];{}
47;[ 2, 4, 16 ];{}
47;[ 2, 4, 8 ];{}
47;[ 2, 8, 8 ];{}
47;[ 4, 4, 4 ];{}
48;[ 2, 4, 16 ];{}
48;[ 2, 4, 8 ];{}
48;[ 2, 8, 8 ];{}
48;[ 4, 4, 4 ];{}
481;[ 2, 2, 2, 14 ];{}
481;[ 2, 2, 2, 4 ];{}
481;[ 2, 2, 2, 7 ];{}
482;[ 2, 2, 2, 14 ];{}
482;[ 2, 2, 2, 4 ];{}
482;[ 2, 2, 2, 7 ];{}
483;[ 2, 2, 2, 14 ];{}
483;[ 2, 2, 2, 4 ];{}
483;[ 2, 2, 2, 7 ];{}
486;[ 2, 2, 2, 14 ];{}
486;[ 2, 2, 2, 4 ];{}
486;[ 2, 2, 2, 7 ];{}
487;[ 2, 2, 2, 14 ];{}
487;[ 2, 2, 2, 4 ];{}
487;[ 2, 2, 2, 7 ];{}
49;[ 2, 4, 16 ];{}
49;[ 2, 4, 8 ];{}
49;[ 2, 8, 8 ];{}
49;[ 4, 4, 4 ];{}
493;[ 2, 2, 2, 14 ];{}
493;[ 2, 2, 2, 4 ];{}
493;[ 2, 2, 2, 7 ];{}
494;[ 2, 2, 2, 14 ];{}
494;[ 2, 2, 2, 4 ];{}
494;[ 2, 2, 2, 7 ];{}
495;[ 2, 2, 2, 14 ];{}
495;[ 2, 2, 2, 4 ];{}
495;[ 2, 2, 2, 7 ];{}
5;[ 2, 2, 2, 14 ];{}
5;[ 2, 2, 2, 16 ];{}
5;[ 2, 2, 2, 4 ];{}
5;[ 2, 2, 2, 7 ];{}
5;[ 2, 2, 2, 8 ];{}
5;[ 2, 4, 224 ];{}
5;[ 2, 7, 224 ];{}
5;[ 2, 8, 224 ];{}
5;[ 2, 8, 8 ];{}
5;[ 4, 4, 4 ];{}
50;[ 2, 4, 16 ];{}
50;[ 2, 4, 8 ];{}
50;[ 2, 8, 8 ];{}
50;[ 4, 4, 4 ];{}
501;[ 2, 2, 2, 14 ];{}
501;[ 2, 2, 2, 4 ];{}
501;[ 2, 2, 2, 7 ];{}
501;[ 2, 2, 2, 8 ];{}
502;[ 2, 2, 2, 14 ];{}
502;[ 2, 2, 2, 4 ];{}
502;[ 2, 2, 2, 7 ];{}
502;[ 2, 2, 2, 8 ];{}
504;[ 2, 2, 2, 14 ];{}
504;[ 2, 2, 2, 4 ];{}
504;[ 2, 2, 2, 7 ];{}
504;[ 2, 2, 2, 8 ];{}
505;[ 2, 2, 2, 14 ];{}
505;[ 2, 2, 2, 4 ];{}
505;[ 2, 2, 2, 7 ];{}
505;[ 2, 2, 2, 8 ];{}
51;[ 2, 4, 16 ];{}
51;[ 2, 4, 8 ];{}
51;[ 2, 8, 8 ];{}
51;[ 4, 4, 4 ];{}
513;[ 2, 2, 2, 14 ];{}
513;[ 2, 2, 2, 4 ];{}
513;[ 2, 2, 2, 7 ];{}
514;[ 2, 2, 2, 14 ];{}
514;[ 2, 2, 2, 4 ];{}
514;[ 2, 2, 2, 7 ];{}
516;[ 2, 2, 2, 14 ];{}
516;[ 2, 2, 2, 4 ];{}
516;[ 2, 2, 2, 7 ];{}
517;[ 2, 2, 2, 14 ];{}
517;[ 2, 2, 2, 4 ];{}
517;[ 2, 2, 2, 7 ];{}
518;[ 2, 2, 2, 14 ];{}
518;[ 2, 2, 2, 4 ];{}
518;[ 2, 2, 2, 7 ];{}
52;[ 2, 4, 16 ];{}
52;[ 2, 4, 8 ];{}
52;[ 2, 8, 8 ];{}
52;[ 4, 4, 4 ];{}
520;[ 2, 2, 2, 14 ];{}
520;[ 2, 2, 2, 4 ];{}
520;[ 2, 2, 2, 7 ];{}
525;[ 2, 2, 2, 14 ];{}
525;[ 2, 2, 2, 4 ];{}
525;[ 2, 2, 2, 7 ];{}
526;[ 2, 2, 2, 14 ];{}
526;[ 2, 2, 2, 4 ];{}
526;[ 2, 2, 2, 7 ];{}
527;[ 2, 2, 2, 14 ];{}
527;[ 2, 2, 2, 4 ];{}
527;[ 2, 2, 2, 7 ];{}
528;[ 2, 2, 2, 14 ];{}
528;[ 2, 2, 2, 4 ];{}
528;[ 2, 2, 2, 7 ];{}
53;[ 2, 4, 16 ];{}
53;[ 2, 4, 8 ];{}
53;[ 2, 8, 8 ];{}
53;[ 4, 4, 4 ];{}
530;[ 2, 2, 2, 14 ];{}
530;[ 2, 2, 2, 4 ];{}
530;[ 2, 2, 2, 7 ];{}
530;[ 2, 2, 2, 8 ];{}
537;[ 2, 2, 2, 14 ];{}
537;[ 2, 2, 2, 4 ];{}
537;[ 2, 2, 2, 7 ];{}
537;[ 2, 2, 2, 8 ];{}
54;[ 2, 4, 16 ];{}
54;[ 2, 4, 8 ];{}
54;[ 2, 8, 8 ];{}
54;[ 4, 4, 4 ];{}
541;[ 2, 2, 2, 14 ];{}
541;[ 2, 2, 2, 4 ];{}
541;[ 2, 2, 2, 7 ];{}
541;[ 2, 2, 2, 8 ];{}
542;[ 2, 2, 2, 14 ];{}
542;[ 2, 2, 2, 4 ];{}
542;[ 2, 2, 2, 7 ];{}
542;[ 2, 2, 2, 8 ];{}
543;[ 2, 2, 2, 14 ];{}
543;[ 2, 2, 2, 4 ];{}
543;[ 2, 2, 2, 7 ];{}
543;[ 2, 2, 2, 8 ];{}
549;[ 2, 2, 2, 14 ];{}
549;[ 2, 2, 2, 4 ];{}
549;[ 2, 2, 2, 7 ];{}
549;[ 2, 2, 2, 8 ];{}
550;[ 2, 2, 2, 14 ];{}
550;[ 2, 2, 2, 4 ];{}
550;[ 2, 2, 2, 7 ];{}
550;[ 2, 2, 2, 8 ];{}
553;[ 2, 2, 2, 14 ];{}
553;[ 2, 2, 2, 4 ];{}
553;[ 2, 2, 2, 7 ];{}
553;[ 2, 2, 2, 8 ];{}
554;[ 2, 2, 2, 14 ];{}
554;[ 2, 2, 2, 4 ];{}
554;[ 2, 2, 2, 7 ];{}
554;[ 2, 2, 2, 8 ];{}
555;[ 2, 2, 2, 14 ];{}
555;[ 2, 2, 2, 4 ];{}
555;[ 2, 2, 2, 7 ];{}
555;[ 2, 2, 2, 8 ];{}
556;[ 2, 2, 2, 14 ];{}
556;[ 2, 2, 2, 4 ];{}
556;[ 2, 2, 2, 7 ];{}
556;[ 2, 2, 2, 8 ];{}
561;[ 2, 2, 2, 14 ];{}
561;[ 2, 2, 2, 4 ];{}
561;[ 2, 2, 2, 7 ];{}
561;[ 2, 2, 2, 8 ];{}
562;[ 2, 2, 2, 14 ];{}
562;[ 2, 2, 2, 4 ];{}
562;[ 2, 2, 2, 7 ];{}
562;[ 2, 2, 2, 8 ];{}
565;[ 2, 2, 2, 14 ];{}
565;[ 2, 2, 2, 4 ];{}
565;[ 2, 2, 2, 7 ];{}
565;[ 2, 2, 2, 8 ];{}
566;[ 2, 2, 2, 14 ];{}
566;[ 2, 2, 2, 4 ];{}
566;[ 2, 2, 2, 7 ];{}
567;[ 2, 2, 2, 14 ];{}
567;[ 2, 2, 2, 4 ];{}
567;[ 2, 2, 2, 7 ];{}
567;[ 2, 2, 2, 8 ];{}
568;[ 2, 2, 2, 14 ];{}
568;[ 2, 2, 2, 4 ];{}
568;[ 2, 2, 2, 7 ];{}
568;[ 2, 2, 2, 8 ];{}
569;[ 2, 2, 2, 14 ];{}
569;[ 2, 2, 2, 4 ];{}
569;[ 2, 2, 2, 7 ];{}
569;[ 2, 2, 2, 8 ];{}
570;[ 2, 2, 2, 14 ];{}
570;[ 2, 2, 2, 4 ];{}
570;[ 2, 2, 2, 7 ];{}
570;[ 2, 2, 2, 8 ];{}
571;[ 2, 2, 2, 14 ];{}
571;[ 2, 2, 2, 4 ];{}
571;[ 2, 2, 2, 7 ];{}
571;[ 2, 2, 2, 8 ];{}
572;[ 2, 2, 2, 14 ];{}
572;[ 2, 2, 2, 4 ];{}
572;[ 2, 2, 2, 7 ];{}
572;[ 2, 2, 2, 8 ];{}
573;[ 2, 2, 2, 14 ];{}
573;[ 2, 2, 2, 4 ];{}
573;[ 2, 2, 2, 7 ];{}
573;[ 2, 2, 2, 8 ];{}
574;[ 2, 2, 2, 14 ];{}
574;[ 2, 2, 2, 4 ];{}
574;[ 2, 2, 2, 7 ];{}
574;[ 2, 2, 2, 8 ];{}
575;[ 2, 2, 2, 14 ];{}
575;[ 2, 2, 2, 4 ];{}
575;[ 2, 2, 2, 7 ];{}
575;[ 2, 2, 2, 8 ];{}
576;[ 2, 2, 2, 14 ];{}
576;[ 2, 2, 2, 4 ];{}
576;[ 2, 2, 2, 7 ];{}
576;[ 2, 2, 2, 8 ];{}
577;[ 2, 2, 2, 14 ];{}
577;[ 2, 2, 2, 4 ];{}
577;[ 2, 2, 2, 7 ];{}
577;[ 2, 2, 2, 8 ];{}
578;[ 2, 2, 2, 14 ];{}
578;[ 2, 2, 2, 4 ];{}
578;[ 2, 2, 2, 7 ];{}
578;[ 2, 2, 2, 8 ];{}
579;[ 2, 2, 2, 14 ];{}
579;[ 2, 2, 2, 4 ];{}
579;[ 2, 2, 2, 7 ];{}
579;[ 2, 2, 2, 8 ];{}
580;[ 2, 2, 2, 14 ];{}
580;[ 2, 2, 2, 4 ];{}
580;[ 2, 2, 2, 7 ];{}
580;[ 2, 2, 2, 8 ];{}
581;[ 2, 2, 2, 14 ];{}
581;[ 2, 2, 2, 4 ];{}
581;[ 2, 2, 2, 7 ];{}
581;[ 2, 2, 2, 8 ];{}
582;[ 2, 2, 2, 14 ];{}
582;[ 2, 2, 2, 4 ];{}
582;[ 2, 2, 2, 7 ];{}
582;[ 2, 2, 2, 8 ];{}
583;[ 2, 2, 2, 14 ];{}
583;[ 2, 2, 2, 4 ];{}
583;[ 2, 2, 2, 7 ];{}
583;[ 2, 2, 2, 8 ];{}
584;[ 2, 2, 2, 14 ];{}
584;[ 2, 2, 2, 4 ];{}
584;[ 2, 2, 2, 7 ];{}
584;[ 2, 2, 2, 8 ];{}
585;[ 2, 2, 2, 14 ];{}
585;[ 2, 2, 2, 4 ];{}
585;[ 2, 2, 2, 7 ];{}
585;[ 2, 2, 2, 8 ];{}
586;[ 2, 2, 2, 14 ];{}
586;[ 2, 2, 2, 4 ];{}
586;[ 2, 2, 2, 7 ];{}
586;[ 2, 2, 2, 8 ];{}
587;[ 2, 2, 2, 14 ];{}
587;[ 2, 2, 2, 4 ];{}
587;[ 2, 2, 2, 7 ];{}
588;[ 2, 2, 2, 14 ];{}
588;[ 2, 2, 2, 4 ];{}
588;[ 2, 2, 2, 7 ];{}
588;[ 2, 2, 2, 8 ];{}
589;[ 2, 2, 2, 14 ];{}
589;[ 2, 2, 2, 4 ];{}
589;[ 2, 2, 2, 7 ];{}
589;[ 2, 2, 2, 8 ];{}
59;[ 2, 8, 8 ];{}
590;[ 2, 2, 2, 14 ];{}
590;[ 2, 2, 2, 4 ];{}
590;[ 2, 2, 2, 7 ];{}
590;[ 2, 2, 2, 8 ];{}
591;[ 2, 2, 2, 14 ];{}
591;[ 2, 2, 2, 4 ];{}
591;[ 2, 2, 2, 7 ];{}
591;[ 2, 2, 2, 8 ];{}
592;[ 2, 2, 2, 14 ];{}
592;[ 2, 2, 2, 4 ];{}
592;[ 2, 2, 2, 7 ];{}
592;[ 2, 2, 2, 8 ];{}
593;[ 2, 2, 2, 14 ];{}
593;[ 2, 2, 2, 4 ];{}
593;[ 2, 2, 2, 7 ];{}
593;[ 2, 2, 2, 8 ];{}
594;[ 2, 2, 2, 14 ];{}
594;[ 2, 2, 2, 4 ];{}
594;[ 2, 2, 2, 7 ];{}
594;[ 2, 2, 2, 8 ];{}
595;[ 2, 2, 2, 14 ];{}
595;[ 2, 2, 2, 4 ];{}
595;[ 2, 2, 2, 7 ];{}
595;[ 2, 2, 2, 8 ];{}
596;[ 2, 2, 2, 14 ];{}
596;[ 2, 2, 2, 4 ];{}
596;[ 2, 2, 2, 7 ];{}
596;[ 2, 2, 2, 8 ];{}
597;[ 2, 2, 2, 14 ];{}
597;[ 2, 2, 2, 4 ];{}
597;[ 2, 2, 2, 7 ];{}
597;[ 2, 2, 2, 8 ];{}
598;[ 2, 2, 2, 14 ];{}
598;[ 2, 2, 2, 4 ];{}
598;[ 2, 2, 2, 7 ];{}
598;[ 2, 2, 2, 8 ];{}
599;[ 2, 2, 2, 14 ];{}
599;[ 2, 2, 2, 4 ];{}
599;[ 2, 2, 2, 7 ];{}
599;[ 2, 2, 2, 8 ];{}
6;[ 2, 2, 2, 14 ];{}
6;[ 2, 2, 2, 16 ];{}
6;[ 2, 2, 2, 4 ];{}
6;[ 2, 2, 2, 7 ];{}
6;[ 2, 2, 2, 8 ];{}
6;[ 2, 4, 224 ];{[ $.1 * $.2 * $.6 * $.7^3, $.2 * $.7^2, $.1 * $.3 * $.4 * $.6 * $.7^5 ]}
6;[ 2, 7, 224 ];{}
6;[ 2, 8, 224 ];{}
6;[ 2, 8, 8 ];{}
6;[ 4, 4, 4 ];{}
60;[ 2, 4, 16 ];{}
60;[ 2, 4, 8 ];{}
60;[ 2, 8, 8 ];{}
60;[ 4, 4, 4 ];{}
600;[ 2, 2, 2, 14 ];{}
600;[ 2, 2, 2, 4 ];{}
600;[ 2, 2, 2, 7 ];{}
600;[ 2, 2, 2, 8 ];{}
601;[ 2, 2, 2, 14 ];{}
601;[ 2, 2, 2, 4 ];{}
601;[ 2, 2, 2, 7 ];{}
601;[ 2, 2, 2, 8 ];{}
602;[ 2, 2, 2, 14 ];{}
602;[ 2, 2, 2, 4 ];{}
602;[ 2, 2, 2, 7 ];{}
602;[ 2, 2, 2, 8 ];{}
603;[ 2, 2, 2, 14 ];{}
603;[ 2, 2, 2, 4 ];{}
603;[ 2, 2, 2, 7 ];{}
603;[ 2, 2, 2, 8 ];{}
604;[ 2, 2, 2, 14 ];{}
604;[ 2, 2, 2, 4 ];{}
604;[ 2, 2, 2, 7 ];{}
604;[ 2, 2, 2, 8 ];{}
605;[ 2, 2, 2, 14 ];{}
605;[ 2, 2, 2, 4 ];{}
605;[ 2, 2, 2, 7 ];{}
605;[ 2, 2, 2, 8 ];{}
606;[ 2, 2, 2, 14 ];{}
606;[ 2, 2, 2, 4 ];{}
606;[ 2, 2, 2, 7 ];{}
606;[ 2, 2, 2, 8 ];{}
607;[ 2, 2, 2, 14 ];{[ $.3, $.1 * $.6 * $.7, $.2 * $.3 * $.4 * $.5 * $.7, $.1 * $.2 * $.6 * $.7^2 ]}
607;[ 2, 2, 2, 4 ];{}
607;[ 2, 2, 2, 7 ];{}
607;[ 2, 2, 2, 8 ];{}
608;[ 2, 2, 2, 14 ];{}
608;[ 2, 2, 2, 4 ];{}
608;[ 2, 2, 2, 7 ];{}
608;[ 2, 2, 2, 8 ];{}
609;[ 2, 2, 2, 14 ];{}
609;[ 2, 2, 2, 4 ];{}
609;[ 2, 2, 2, 7 ];{}
609;[ 2, 2, 2, 8 ];{}
61;[ 2, 4, 16 ];{}
61;[ 2, 4, 8 ];{}
61;[ 2, 8, 8 ];{}
61;[ 4, 4, 4 ];{}
610;[ 2, 2, 2, 14 ];{}
610;[ 2, 2, 2, 4 ];{}
610;[ 2, 2, 2, 7 ];{}
610;[ 2, 2, 2, 8 ];{}
611;[ 2, 2, 2, 14 ];{}
611;[ 2, 2, 2, 4 ];{}
611;[ 2, 2, 2, 7 ];{}
611;[ 2, 2, 2, 8 ];{}
612;[ 2, 2, 2, 14 ];{}
612;[ 2, 2, 2, 4 ];{}
612;[ 2, 2, 2, 7 ];{}
612;[ 2, 2, 2, 8 ];{}
613;[ 2, 2, 2, 14 ];{}
613;[ 2, 2, 2, 4 ];{}
613;[ 2, 2, 2, 7 ];{}
613;[ 2, 2, 2, 8 ];{}
614;[ 2, 2, 2, 14 ];{}
614;[ 2, 2, 2, 4 ];{}
614;[ 2, 2, 2, 7 ];{}
614;[ 2, 2, 2, 8 ];{}
615;[ 2, 2, 2, 14 ];{}
615;[ 2, 2, 2, 4 ];{}
615;[ 2, 2, 2, 7 ];{}
615;[ 2, 2, 2, 8 ];{}
616;[ 2, 2, 2, 14 ];{}
616;[ 2, 2, 2, 4 ];{}
616;[ 2, 2, 2, 7 ];{}
616;[ 2, 2, 2, 8 ];{}
617;[ 2, 2, 2, 14 ];{}
617;[ 2, 2, 2, 4 ];{}
617;[ 2, 2, 2, 7 ];{}
617;[ 2, 2, 2, 8 ];{}
618;[ 2, 2, 2, 14 ];{}
618;[ 2, 2, 2, 4 ];{}
618;[ 2, 2, 2, 7 ];{}
618;[ 2, 2, 2, 8 ];{}
619;[ 2, 2, 2, 14 ];{}
619;[ 2, 2, 2, 4 ];{}
619;[ 2, 2, 2, 7 ];{}
619;[ 2, 2, 2, 8 ];{}
62;[ 2, 4, 16 ];{}
62;[ 2, 4, 8 ];{}
62;[ 2, 8, 8 ];{}
62;[ 4, 4, 4 ];{}
620;[ 2, 2, 2, 14 ];{}
620;[ 2, 2, 2, 4 ];{}
620;[ 2, 2, 2, 7 ];{}
620;[ 2, 2, 2, 8 ];{}
621;[ 2, 2, 2, 14 ];{}
621;[ 2, 2, 2, 4 ];{}
621;[ 2, 2, 2, 7 ];{}
621;[ 2, 2, 2, 8 ];{}
622;[ 2, 2, 2, 14 ];{}
622;[ 2, 2, 2, 4 ];{}
622;[ 2, 2, 2, 7 ];{}
622;[ 2, 2, 2, 8 ];{}
623;[ 2, 2, 2, 14 ];{}
623;[ 2, 2, 2, 4 ];{}
623;[ 2, 2, 2, 7 ];{}
623;[ 2, 2, 2, 8 ];{}
624;[ 2, 2, 2, 14 ];{}
624;[ 2, 2, 2, 4 ];{}
624;[ 2, 2, 2, 7 ];{}
624;[ 2, 2, 2, 8 ];{}
625;[ 2, 2, 2, 14 ];{}
625;[ 2, 2, 2, 4 ];{}
625;[ 2, 2, 2, 7 ];{}
625;[ 2, 2, 2, 8 ];{}
626;[ 2, 2, 2, 14 ];{}
626;[ 2, 2, 2, 4 ];{}
626;[ 2, 2, 2, 7 ];{}
626;[ 2, 2, 2, 8 ];{}
627;[ 2, 2, 2, 14 ];{}
627;[ 2, 2, 2, 4 ];{}
627;[ 2, 2, 2, 7 ];{}
627;[ 2, 2, 2, 8 ];{}
628;[ 2, 2, 2, 14 ];{}
628;[ 2, 2, 2, 4 ];{}
628;[ 2, 2, 2, 7 ];{}
628;[ 2, 2, 2, 8 ];{}
629;[ 2, 2, 2, 14 ];{}
629;[ 2, 2, 2, 4 ];{}
629;[ 2, 2, 2, 7 ];{}
629;[ 2, 2, 2, 8 ];{}
63;[ 2, 4, 16 ];{}
63;[ 2, 4, 8 ];{}
63;[ 2, 8, 8 ];{}
63;[ 4, 4, 4 ];{}
648;[ 2, 2, 2, 14 ];{}
648;[ 2, 2, 2, 4 ];{}
648;[ 2, 2, 2, 7 ];{}
648;[ 2, 2, 2, 8 ];{}
649;[ 2, 2, 2, 14 ];{}
649;[ 2, 2, 2, 4 ];{}
649;[ 2, 2, 2, 7 ];{}
649;[ 2, 2, 2, 8 ];{}
65;[ 2, 8, 8 ];{}
650;[ 2, 2, 2, 14 ];{}
650;[ 2, 2, 2, 4 ];{}
650;[ 2, 2, 2, 7 ];{}
650;[ 2, 2, 2, 8 ];{}
66;[ 2, 4, 16 ];{}
66;[ 2, 4, 8 ];{}
66;[ 2, 8, 8 ];{}
66;[ 4, 4, 4 ];{}
668;[ 2, 2, 2, 14 ];{}
668;[ 2, 2, 2, 4 ];{}
668;[ 2, 2, 2, 7 ];{}
668;[ 2, 2, 2, 8 ];{}
669;[ 2, 2, 2, 14 ];{}
669;[ 2, 2, 2, 4 ];{}
669;[ 2, 2, 2, 7 ];{}
669;[ 2, 2, 2, 8 ];{}
67;[ 2, 4, 16 ];{}
67;[ 2, 4, 8 ];{}
67;[ 2, 8, 8 ];{}
67;[ 4, 4, 4 ];{}
671;[ 2, 2, 2, 14 ];{}
671;[ 2, 2, 2, 4 ];{}
671;[ 2, 2, 2, 7 ];{}
671;[ 2, 2, 2, 8 ];{}
675;[ 2, 2, 2, 14 ];{}
675;[ 2, 2, 2, 4 ];{}
675;[ 2, 2, 2, 7 ];{}
675;[ 2, 2, 2, 8 ];{}
676;[ 2, 2, 2, 14 ];{}
676;[ 2, 2, 2, 4 ];{}
676;[ 2, 2, 2, 7 ];{}
676;[ 2, 2, 2, 8 ];{}
677;[ 2, 2, 2, 14 ];{}
677;[ 2, 2, 2, 4 ];{}
677;[ 2, 2, 2, 7 ];{}
677;[ 2, 2, 2, 8 ];{}
68;[ 2, 8, 8 ];{}
680;[ 2, 2, 2, 14 ];{[ $.2 * $.3 * $.4 * $.6 * $.7^2, $.3 * $.5, $.1 * $.5 * $.6 * $.7^5, $.1 * $.2 * $.4 * $.7^3 ]}
680;[ 2, 2, 2, 16 ];{}
680;[ 2, 2, 2, 4 ];{}
680;[ 2, 2, 2, 7 ];{}
680;[ 2, 2, 2, 8 ];{}
681;[ 2, 2, 2, 14 ];{}
681;[ 2, 2, 2, 16 ];{}
681;[ 2, 2, 2, 4 ];{}
681;[ 2, 2, 2, 7 ];{}
681;[ 2, 2, 2, 8 ];{}
682;[ 2, 2, 2, 14 ];{}
682;[ 2, 2, 2, 16 ];{}
682;[ 2, 2, 2, 4 ];{}
682;[ 2, 2, 2, 7 ];{}
682;[ 2, 2, 2, 8 ];{}
684;[ 2, 2, 2, 14 ];{}
684;[ 2, 2, 2, 4 ];{}
684;[ 2, 2, 2, 7 ];{}
684;[ 2, 2, 2, 8 ];{}
685;[ 2, 2, 2, 14 ];{[ $.2 * $.4 * $.5 * $.6, $.1 * $.3 * $.4 * $.5 * $.7^3, $.3 * $.5 * $.7, $.1 * $.2 * $.6 * $.7^4 ]}
685;[ 2, 2, 2, 4 ];{}
685;[ 2, 2, 2, 7 ];{}
685;[ 2, 2, 2, 8 ];{}
687;[ 2, 2, 2, 14 ];{}
687;[ 2, 2, 2, 4 ];{}
687;[ 2, 2, 2, 7 ];{}
687;[ 2, 2, 2, 8 ];{}
688;[ 2, 2, 2, 14 ];{}
688;[ 2, 2, 2, 4 ];{}
688;[ 2, 2, 2, 7 ];{}
688;[ 2, 2, 2, 8 ];{}
689;[ 2, 2, 2, 14 ];{}
689;[ 2, 2, 2, 4 ];{}
689;[ 2, 2, 2, 7 ];{}
689;[ 2, 2, 2, 8 ];{}
69;[ 2, 4, 16 ];{}
69;[ 2, 4, 8 ];{}
69;[ 2, 8, 8 ];{}
69;[ 4, 4, 4 ];{}
690;[ 2, 2, 2, 14 ];{}
690;[ 2, 2, 2, 4 ];{}
690;[ 2, 2, 2, 7 ];{}
690;[ 2, 2, 2, 8 ];{}
691;[ 2, 2, 2, 14 ];{}
691;[ 2, 2, 2, 4 ];{}
691;[ 2, 2, 2, 7 ];{}
691;[ 2, 2, 2, 8 ];{}
692;[ 2, 2, 2, 14 ];{}
692;[ 2, 2, 2, 4 ];{}
692;[ 2, 2, 2, 7 ];{}
692;[ 2, 2, 2, 8 ];{}
693;[ 2, 2, 2, 14 ];{}
693;[ 2, 2, 2, 4 ];{}
693;[ 2, 2, 2, 7 ];{}
693;[ 2, 2, 2, 8 ];{}
694;[ 2, 2, 2, 14 ];{}
694;[ 2, 2, 2, 4 ];{}
694;[ 2, 2, 2, 7 ];{}
694;[ 2, 2, 2, 8 ];{}
696;[ 2, 2, 2, 14 ];{}
696;[ 2, 2, 2, 4 ];{}
696;[ 2, 2, 2, 7 ];{}
696;[ 2, 2, 2, 8 ];{}
697;[ 2, 2, 2, 14 ];{}
697;[ 2, 2, 2, 4 ];{}
697;[ 2, 2, 2, 7 ];{}
697;[ 2, 2, 2, 8 ];{}
699;[ 2, 2, 2, 14 ];{}
699;[ 2, 2, 2, 4 ];{}
699;[ 2, 2, 2, 7 ];{}
699;[ 2, 2, 2, 8 ];{}
7;[ 2, 2, 2, 14 ];{}
7;[ 2, 2, 2, 16 ];{}
7;[ 2, 2, 2, 4 ];{}
7;[ 2, 2, 2, 7 ];{}
7;[ 2, 2, 2, 8 ];{}
7;[ 2, 4, 224 ];{}
7;[ 2, 7, 224 ];{}
7;[ 2, 8, 224 ];{}
7;[ 2, 8, 8 ];{}
7;[ 4, 4, 4 ];{}
70;[ 2, 4, 16 ];{}
70;[ 2, 4, 8 ];{}
70;[ 2, 8, 8 ];{}
70;[ 4, 4, 4 ];{}
700;[ 2, 2, 2, 14 ];{}
700;[ 2, 2, 2, 4 ];{}
700;[ 2, 2, 2, 7 ];{}
700;[ 2, 2, 2, 8 ];{}
701;[ 2, 2, 2, 14 ];{}
701;[ 2, 2, 2, 4 ];{}
701;[ 2, 2, 2, 7 ];{}
701;[ 2, 2, 2, 8 ];{}
702;[ 2, 2, 2, 14 ];{}
702;[ 2, 2, 2, 4 ];{}
702;[ 2, 2, 2, 7 ];{}
702;[ 2, 2, 2, 8 ];{}
703;[ 2, 2, 2, 14 ];{}
703;[ 2, 2, 2, 4 ];{}
703;[ 2, 2, 2, 7 ];{}
703;[ 2, 2, 2, 8 ];{}
704;[ 2, 2, 2, 14 ];{}
704;[ 2, 2, 2, 4 ];{}
704;[ 2, 2, 2, 7 ];{}
704;[ 2, 2, 2, 8 ];{}
705;[ 2, 2, 2, 14 ];{}
705;[ 2, 2, 2, 4 ];{}
705;[ 2, 2, 2, 7 ];{}
705;[ 2, 2, 2, 8 ];{}
706;[ 2, 2, 2, 14 ];{}
706;[ 2, 2, 2, 4 ];{}
706;[ 2, 2, 2, 7 ];{}
706;[ 2, 2, 2, 8 ];{}
707;[ 2, 2, 2, 14 ];{}
707;[ 2, 2, 2, 4 ];{}
707;[ 2, 2, 2, 7 ];{}
707;[ 2, 2, 2, 8 ];{}
708;[ 2, 2, 2, 14 ];{}
708;[ 2, 2, 2, 4 ];{}
708;[ 2, 2, 2, 7 ];{}
708;[ 2, 2, 2, 8 ];{}
709;[ 2, 2, 2, 14 ];{}
709;[ 2, 2, 2, 4 ];{}
709;[ 2, 2, 2, 7 ];{}
709;[ 2, 2, 2, 8 ];{}
71;[ 2, 8, 8 ];{}
710;[ 2, 2, 2, 14 ];{}
710;[ 2, 2, 2, 4 ];{}
710;[ 2, 2, 2, 7 ];{}
710;[ 2, 2, 2, 8 ];{}
711;[ 2, 2, 2, 14 ];{}
711;[ 2, 2, 2, 4 ];{}
711;[ 2, 2, 2, 7 ];{}
711;[ 2, 2, 2, 8 ];{}
712;[ 2, 2, 2, 14 ];{}
712;[ 2, 2, 2, 16 ];{}
712;[ 2, 2, 2, 4 ];{}
712;[ 2, 2, 2, 7 ];{}
712;[ 2, 2, 2, 8 ];{}
713;[ 2, 2, 2, 14 ];{}
713;[ 2, 2, 2, 16 ];{}
713;[ 2, 2, 2, 4 ];{}
713;[ 2, 2, 2, 7 ];{}
713;[ 2, 2, 2, 8 ];{}
714;[ 2, 2, 2, 14 ];{}
714;[ 2, 2, 2, 16 ];{}
714;[ 2, 2, 2, 4 ];{}
714;[ 2, 2, 2, 7 ];{}
714;[ 2, 2, 2, 8 ];{}
715;[ 2, 2, 2, 14 ];{}
715;[ 2, 2, 2, 4 ];{}
715;[ 2, 2, 2, 7 ];{}
715;[ 2, 2, 2, 8 ];{}
716;[ 2, 2, 2, 14 ];{}
716;[ 2, 2, 2, 4 ];{}
716;[ 2, 2, 2, 7 ];{}
716;[ 2, 2, 2, 8 ];{}
719;[ 2, 2, 2, 14 ];{}
719;[ 2, 2, 2, 4 ];{}
719;[ 2, 2, 2, 7 ];{}
719;[ 2, 2, 2, 8 ];{}
72;[ 2, 8, 8 ];{}
720;[ 2, 2, 2, 14 ];{}
720;[ 2, 2, 2, 4 ];{}
720;[ 2, 2, 2, 7 ];{}
720;[ 2, 2, 2, 8 ];{}
721;[ 2, 2, 2, 14 ];{}
721;[ 2, 2, 2, 4 ];{}
721;[ 2, 2, 2, 7 ];{}
721;[ 2, 2, 2, 8 ];{}
722;[ 2, 2, 2, 14 ];{}
722;[ 2, 2, 2, 4 ];{}
722;[ 2, 2, 2, 7 ];{}
722;[ 2, 2, 2, 8 ];{}
723;[ 2, 2, 2, 14 ];{}
723;[ 2, 2, 2, 4 ];{}
723;[ 2, 2, 2, 7 ];{}
723;[ 2, 2, 2, 8 ];{}
724;[ 2, 2, 2, 14 ];{}
724;[ 2, 2, 2, 4 ];{}
724;[ 2, 2, 2, 7 ];{}
724;[ 2, 2, 2, 8 ];{}
725;[ 2, 2, 2, 14 ];{}
725;[ 2, 2, 2, 4 ];{}
725;[ 2, 2, 2, 7 ];{}
725;[ 2, 2, 2, 8 ];{}
726;[ 2, 2, 2, 14 ];{}
726;[ 2, 2, 2, 4 ];{}
726;[ 2, 2, 2, 7 ];{}
726;[ 2, 2, 2, 8 ];{}
727;[ 2, 2, 2, 14 ];{}
727;[ 2, 2, 2, 16 ];{}
727;[ 2, 2, 2, 4 ];{}
727;[ 2, 2, 2, 7 ];{}
727;[ 2, 2, 2, 8 ];{}
728;[ 2, 2, 2, 14 ];{}
728;[ 2, 2, 2, 16 ];{}
728;[ 2, 2, 2, 4 ];{}
728;[ 2, 2, 2, 7 ];{}
728;[ 2, 2, 2, 8 ];{}
729;[ 2, 2, 2, 14 ];{}
729;[ 2, 2, 2, 16 ];{}
729;[ 2, 2, 2, 4 ];{}
729;[ 2, 2, 2, 7 ];{}
729;[ 2, 2, 2, 8 ];{}
73;[ 2, 4, 16 ];{}
73;[ 2, 4, 8 ];{}
73;[ 2, 8, 8 ];{}
73;[ 4, 4, 4 ];{}
732;[ 2, 2, 2, 14 ];{}
732;[ 2, 2, 2, 4 ];{}
732;[ 2, 2, 2, 7 ];{}
732;[ 2, 2, 2, 8 ];{}
733;[ 2, 2, 2, 14 ];{}
733;[ 2, 2, 2, 4 ];{}
733;[ 2, 2, 2, 7 ];{}
733;[ 2, 2, 2, 8 ];{}
734;[ 2, 2, 2, 14 ];{}
734;[ 2, 2, 2, 4 ];{}
734;[ 2, 2, 2, 7 ];{}
734;[ 2, 2, 2, 8 ];{}
735;[ 2, 2, 2, 14 ];{}
735;[ 2, 2, 2, 4 ];{}
735;[ 2, 2, 2, 7 ];{}
735;[ 2, 2, 2, 8 ];{}
736;[ 2, 2, 2, 14 ];{}
736;[ 2, 2, 2, 4 ];{}
736;[ 2, 2, 2, 7 ];{}
736;[ 2, 2, 2, 8 ];{}
737;[ 2, 2, 2, 14 ];{}
737;[ 2, 2, 2, 4 ];{}
737;[ 2, 2, 2, 7 ];{}
737;[ 2, 2, 2, 8 ];{}
738;[ 2, 2, 2, 14 ];{}
738;[ 2, 2, 2, 4 ];{}
738;[ 2, 2, 2, 7 ];{}
738;[ 2, 2, 2, 8 ];{}
739;[ 2, 2, 2, 14 ];{}
739;[ 2, 2, 2, 4 ];{}
739;[ 2, 2, 2, 7 ];{}
739;[ 2, 2, 2, 8 ];{}
74;[ 2, 4, 16 ];{}
74;[ 2, 4, 8 ];{}
74;[ 2, 8, 8 ];{}
74;[ 4, 4, 4 ];{}
75;[ 2, 4, 16 ];{}
75;[ 2, 4, 8 ];{}
75;[ 2, 8, 8 ];{}
75;[ 4, 4, 4 ];{}
751;[ 2, 2, 2, 14 ];{}
751;[ 2, 2, 2, 4 ];{}
751;[ 2, 2, 2, 7 ];{}
751;[ 2, 2, 2, 8 ];{}
752;[ 2, 2, 2, 14 ];{}
752;[ 2, 2, 2, 4 ];{}
752;[ 2, 2, 2, 7 ];{}
752;[ 2, 2, 2, 8 ];{}
756;[ 2, 2, 2, 14 ];{}
756;[ 2, 2, 2, 4 ];{}
756;[ 2, 2, 2, 7 ];{}
757;[ 2, 2, 2, 14 ];{}
757;[ 2, 2, 2, 4 ];{}
757;[ 2, 2, 2, 7 ];{}
76;[ 2, 2, 2, 14 ];{[ $.2 * $.3 * $.6 * $.7, $.2 * $.3, $.1 * $.3 * $.6, $.1 * $.3 * $.7^6 ]}
76;[ 2, 2, 2, 16 ];{}
76;[ 2, 2, 2, 4 ];{}
76;[ 2, 2, 2, 7 ];{}
76;[ 2, 2, 2, 8 ];{}
76;[ 2, 4, 14 ];{}
76;[ 2, 4, 16 ];{}
76;[ 2, 4, 8 ];{}
76;[ 2, 8, 8 ];{}
76;[ 4, 4, 4 ];{}
761;[ 2, 2, 2, 14 ];{}
761;[ 2, 2, 2, 4 ];{}
761;[ 2, 2, 2, 7 ];{}
761;[ 2, 2, 2, 8 ];{}
762;[ 2, 2, 2, 14 ];{}
762;[ 2, 2, 2, 4 ];{}
762;[ 2, 2, 2, 7 ];{}
762;[ 2, 2, 2, 8 ];{}
763;[ 2, 2, 2, 14 ];{}
763;[ 2, 2, 2, 4 ];{}
763;[ 2, 2, 2, 7 ];{}
765;[ 2, 2, 2, 14 ];{}
765;[ 2, 2, 2, 4 ];{}
765;[ 2, 2, 2, 7 ];{}
77;[ 2, 2, 2, 14 ];{}
77;[ 2, 2, 2, 16 ];{}
77;[ 2, 2, 2, 4 ];{}
77;[ 2, 2, 2, 7 ];{}
77;[ 2, 2, 2, 8 ];{}
77;[ 2, 4, 14 ];{}
77;[ 2, 4, 16 ];{}
77;[ 2, 4, 8 ];{}
77;[ 2, 8, 8 ];{}
77;[ 4, 4, 4 ];{}
772;[ 2, 2, 2, 14 ];{}
772;[ 2, 2, 2, 4 ];{}
772;[ 2, 2, 2, 7 ];{}
772;[ 2, 2, 2, 8 ];{}
773;[ 2, 2, 2, 14 ];{}
773;[ 2, 2, 2, 4 ];{}
773;[ 2, 2, 2, 7 ];{}
773;[ 2, 2, 2, 8 ];{}
775;[ 2, 2, 2, 14 ];{}
775;[ 2, 2, 2, 4 ];{}
775;[ 2, 2, 2, 7 ];{}
775;[ 2, 2, 2, 8 ];{}
776;[ 2, 2, 2, 14 ];{}
776;[ 2, 2, 2, 4 ];{}
776;[ 2, 2, 2, 7 ];{}
776;[ 2, 2, 2, 8 ];{}
777;[ 2, 2, 2, 14 ];{}
777;[ 2, 2, 2, 4 ];{}
777;[ 2, 2, 2, 7 ];{}
778;[ 2, 2, 2, 14 ];{}
778;[ 2, 2, 2, 4 ];{}
778;[ 2, 2, 2, 7 ];{}
779;[ 2, 2, 2, 14 ];{}
779;[ 2, 2, 2, 4 ];{}
779;[ 2, 2, 2, 7 ];{}
779;[ 2, 2, 2, 8 ];{}
78;[ 2, 2, 2, 14 ];{}
78;[ 2, 2, 2, 16 ];{}
78;[ 2, 2, 2, 4 ];{}
78;[ 2, 2, 2, 7 ];{}
78;[ 2, 2, 2, 8 ];{}
78;[ 2, 4, 14 ];{}
78;[ 2, 4, 16 ];{}
78;[ 2, 4, 8 ];{}
78;[ 2, 8, 8 ];{}
78;[ 4, 4, 4 ];{}
780;[ 2, 2, 2, 14 ];{}
780;[ 2, 2, 2, 4 ];{}
780;[ 2, 2, 2, 7 ];{}
780;[ 2, 2, 2, 8 ];{}
79;[ 2, 2, 2, 14 ];{}
79;[ 2, 2, 2, 16 ];{}
79;[ 2, 2, 2, 4 ];{}
79;[ 2, 2, 2, 7 ];{}
79;[ 2, 2, 2, 8 ];{}
79;[ 2, 4, 14 ];{}
79;[ 2, 4, 16 ];{}
79;[ 2, 4, 8 ];{}
79;[ 2, 8, 8 ];{}
79;[ 4, 4, 4 ];{}
8;[ 2, 4, 8 ];{}
8;[ 2, 8, 8 ];{}
8;[ 4, 4, 4 ];{}
80;[ 2, 4, 8 ];{}
80;[ 2, 8, 8 ];{}
80;[ 4, 4, 4 ];{}
81;[ 2, 8, 8 ];{}
82;[ 2, 8, 8 ];{}
83;[ 4, 4, 4 ];{}
84;[ 4, 4, 4 ];{}
85;[ 2, 8, 8 ];{}
86;[ 2, 4, 8 ];{}
86;[ 2, 8, 8 ];{}
86;[ 4, 4, 4 ];{}
87;[ 2, 4, 8 ];{}
87;[ 2, 8, 8 ];{}
87;[ 4, 4, 4 ];{}
88;[ 2, 4, 8 ];{}
88;[ 2, 8, 8 ];{}
88;[ 4, 4, 4 ];{}
89;[ 2, 4, 8 ];{}
89;[ 2, 8, 8 ];{}
89;[ 4, 4, 4 ];{}
9;[ 2, 4, 8 ];{}
9;[ 2, 8, 8 ];{}
9;[ 4, 4, 4 ];{}
90;[ 2, 4, 8 ];{}
90;[ 2, 8, 8 ];{}
90;[ 4, 4, 4 ];{}
91;[ 2, 8, 8 ];{}
92;[ 2, 8, 8 ];{}
93;[ 2, 4, 8 ];{}
93;[ 2, 8, 8 ];{}
93;[ 4, 4, 4 ];{}
94;[ 2, 4, 8 ];{}
94;[ 2, 8, 8 ];{}
94;[ 4, 4, 4 ];{}
95;[ 2, 4, 8 ];{}
95;[ 2, 8, 8 ];{}
95;[ 4, 4, 4 ];{}
96;[ 2, 4, 8 ];{}
96;[ 2, 8, 8 ];{}
96;[ 4, 4, 4 ];{}
97;[ 2, 4, 8 ];{}
97;[ 2, 8, 8 ];{}
97;[ 4, 4, 4 ];{}
98;[ 4, 4, 4 ];{}
99;[ 2, 4, 8 ];{}
99;[ 2, 8, 8 ];{}
99;[ 4, 4, 4 ];{}
