1024;[ 2, 2, 2, 10 ];{}
1024;[ 2, 2, 2, 3 ];{}
1024;[ 2, 2, 2, 4 ];{}
1024;[ 2, 2, 2, 5 ];{}
1024;[ 2, 2, 2, 6 ];{}
1024;[ 2, 2, 3, 3 ];{}
1024;[ 2, 3, 10 ];{}
1024;[ 2, 3, 12 ];{}
1024;[ 2, 3, 20 ];{}
1024;[ 2, 3, 30 ];{}
1024;[ 2, 3, 60 ];{}
1024;[ 2, 4, 10 ];{}
1024;[ 2, 4, 12 ];{}
1024;[ 2, 4, 15 ];{}
1024;[ 2, 4, 6 ];{}
1024;[ 2, 4, 60 ];{}
1024;[ 2, 5, 6 ];{}
1024;[ 2, 6, 10 ];{}
1024;[ 2, 6, 6 ];{}
1024;[ 3, 4, 4 ];{}
1025;[ 2, 4, 12 ];{}
1025;[ 2, 4, 60 ];{[ $.2 * $.3 * $.4 * $.5^3 * $.6, $.1 * $.3 * $.4 * $.7, $.1 * $.2 * $.3 * $.5^2 * $.7 ]}
1025;[ 3, 4, 4 ];{}
1026;[ 2, 2, 2, 10 ];{}
1026;[ 2, 2, 2, 3 ];{}
1026;[ 2, 2, 2, 4 ];{[ $.1 * $.3 * $.4 * $.5^3 * $.7, $.1 * $.3 * $.4 * $.5^2, $.1 * $.2 * $.3 * $.5^3 * $.6, $.1 * $.2 * $.3 * $.5^4 ]}
1026;[ 2, 2, 2, 5 ];{}
1026;[ 2, 2, 2, 6 ];{}
1026;[ 2, 2, 3, 3 ];{}
1026;[ 2, 3, 10 ];{}
1026;[ 2, 3, 12 ];{}
1026;[ 2, 3, 20 ];{}
1026;[ 2, 3, 30 ];{}
1026;[ 2, 3, 60 ];{}
1026;[ 2, 4, 10 ];{}
1026;[ 2, 4, 12 ];{}
1026;[ 2, 4, 15 ];{}
1026;[ 2, 4, 6 ];{}
1026;[ 2, 4, 60 ];{[ $.2 * $.3 * $.4 * $.5^4, $.1 * $.2 * $.3 * $.4^2 * $.5^3 * $.7, $.1 * $.4 * $.5^4 * $.7 ]}
1026;[ 2, 5, 6 ];{}
1026;[ 2, 6, 10 ];{}
1026;[ 2, 6, 6 ];{}
1026;[ 3, 4, 4 ];{}
1027;[ 2, 2, 2, 10 ];{}
1027;[ 2, 2, 2, 3 ];{}
1027;[ 2, 2, 2, 4 ];{}
1027;[ 2, 2, 2, 5 ];{}
1027;[ 2, 2, 2, 6 ];{}
1027;[ 2, 2, 2, 8 ];{}
1027;[ 2, 2, 3, 3 ];{}
1027;[ 2, 3, 10 ];{}
1027;[ 2, 3, 20 ];{}
1027;[ 2, 3, 30 ];{}
1027;[ 2, 4, 10 ];{}
1027;[ 2, 4, 15 ];{}
1027;[ 2, 4, 6 ];{}
1027;[ 2, 4, 8 ];{}
1027;[ 2, 5, 6 ];{}
1027;[ 2, 5, 8 ];{}
1027;[ 2, 6, 10 ];{}
1027;[ 2, 6, 6 ];{}
1027;[ 3, 4, 4 ];{}
1028;[ 2, 2, 2, 10 ];{}
1028;[ 2, 2, 2, 3 ];{}
1028;[ 2, 2, 2, 4 ];{}
1028;[ 2, 2, 2, 5 ];{}
1028;[ 2, 2, 2, 6 ];{}
1028;[ 2, 2, 2, 8 ];{[ $.1 * $.2 * $.4^4 * $.5 * $.7, $.1 * $.3^2 * $.5 * $.7, $.1 * $.3 * $.4^4 * $.7, $.1 * $.2 * $.3^2 * $.4^3 * $.7 ]}
1028;[ 2, 2, 3, 3 ];{}
1028;[ 2, 3, 10 ];{}
1028;[ 2, 3, 20 ];{}
1028;[ 2, 3, 30 ];{}
1028;[ 2, 4, 10 ];{}
1028;[ 2, 4, 15 ];{}
1028;[ 2, 4, 6 ];{}
1028;[ 2, 4, 8 ];{}
1028;[ 2, 5, 6 ];{}
1028;[ 2, 5, 8 ];{}
1028;[ 2, 6, 10 ];{}
1028;[ 2, 6, 6 ];{}
1028;[ 3, 4, 4 ];{}
1029;[ 2, 2, 2, 10 ];{}
1029;[ 2, 2, 2, 3 ];{}
1029;[ 2, 2, 2, 4 ];{}
1029;[ 2, 2, 2, 5 ];{}
1029;[ 2, 2, 2, 6 ];{}
1029;[ 2, 2, 2, 8 ];{}
1029;[ 2, 2, 3, 3 ];{}
1029;[ 2, 3, 10 ];{}
1029;[ 2, 3, 20 ];{}
1029;[ 2, 3, 30 ];{}
1029;[ 2, 4, 10 ];{}
1029;[ 2, 4, 15 ];{}
1029;[ 2, 4, 6 ];{}
1029;[ 2, 4, 8 ];{}
1029;[ 2, 5, 6 ];{}
1029;[ 2, 5, 8 ];{}
1029;[ 2, 6, 10 ];{}
1029;[ 2, 6, 6 ];{}
1029;[ 3, 4, 4 ];{}
1030;[ 2, 2, 2, 10 ];{}
1030;[ 2, 2, 2, 3 ];{}
1030;[ 2, 2, 2, 4 ];{}
1030;[ 2, 2, 2, 5 ];{}
1030;[ 2, 2, 2, 6 ];{}
1030;[ 2, 2, 2, 8 ];{}
1030;[ 2, 2, 3, 3 ];{}
1030;[ 2, 3, 10 ];{}
1030;[ 2, 3, 12 ];{}
1030;[ 2, 3, 20 ];{}
1030;[ 2, 3, 30 ];{}
1030;[ 2, 3, 60 ];{}
1030;[ 2, 4, 10 ];{}
1030;[ 2, 4, 12 ];{}
1030;[ 2, 4, 15 ];{}
1030;[ 2, 4, 6 ];{}
1030;[ 2, 4, 60 ];{}
1030;[ 2, 4, 8 ];{}
1030;[ 2, 5, 6 ];{}
1030;[ 2, 5, 8 ];{}
1030;[ 2, 6, 10 ];{}
1030;[ 2, 6, 6 ];{}
1030;[ 3, 4, 4 ];{}
1031;[ 2, 2, 2, 10 ];{}
1031;[ 2, 2, 2, 3 ];{}
1031;[ 2, 2, 2, 4 ];{}
1031;[ 2, 2, 2, 5 ];{}
1031;[ 2, 2, 2, 6 ];{}
1031;[ 2, 2, 2, 8 ];{}
1031;[ 2, 2, 3, 3 ];{}
1031;[ 2, 3, 10 ];{}
1031;[ 2, 3, 12 ];{}
1031;[ 2, 3, 20 ];{}
1031;[ 2, 3, 30 ];{}
1031;[ 2, 3, 60 ];{}
1031;[ 2, 4, 10 ];{}
1031;[ 2, 4, 12 ];{}
1031;[ 2, 4, 15 ];{}
1031;[ 2, 4, 6 ];{}
1031;[ 2, 4, 60 ];{}
1031;[ 2, 4, 8 ];{}
1031;[ 2, 5, 6 ];{}
1031;[ 2, 5, 8 ];{}
1031;[ 2, 6, 10 ];{}
1031;[ 2, 6, 6 ];{}
1031;[ 3, 4, 4 ];{}
1032;[ 2, 2, 2, 10 ];{}
1032;[ 2, 2, 2, 3 ];{}
1032;[ 2, 2, 2, 4 ];{}
1032;[ 2, 2, 2, 5 ];{}
1032;[ 2, 2, 2, 6 ];{}
1032;[ 2, 2, 2, 8 ];{[ $.1 * $.2 * $.4^3 * $.5 * $.6, $.1 * $.3 * $.4^2 * $.6, $.1 * $.3^2 * $.4^4 * $.5, $.1 * $.2 * $.3 * $.5 * $.7 ]}
1032;[ 2, 2, 3, 3 ];{}
1032;[ 2, 3, 10 ];{}
1032;[ 2, 3, 12 ];{}
1032;[ 2, 3, 20 ];{}
1032;[ 2, 3, 30 ];{}
1032;[ 2, 3, 60 ];{}
1032;[ 2, 4, 10 ];{}
1032;[ 2, 4, 12 ];{}
1032;[ 2, 4, 15 ];{}
1032;[ 2, 4, 6 ];{}
1032;[ 2, 4, 60 ];{}
1032;[ 2, 4, 8 ];{}
1032;[ 2, 5, 6 ];{}
1032;[ 2, 5, 8 ];{}
1032;[ 2, 6, 10 ];{}
1032;[ 2, 6, 6 ];{}
1032;[ 3, 4, 4 ];{}
1033;[ 3, 4, 4 ];{}
1034;[ 2, 2, 2, 10 ];{}
1034;[ 2, 2, 2, 3 ];{}
1034;[ 2, 2, 2, 4 ];{}
1034;[ 2, 2, 2, 5 ];{}
1034;[ 2, 2, 2, 6 ];{}
1034;[ 2, 2, 3, 3 ];{}
1034;[ 2, 3, 10 ];{}
1034;[ 2, 3, 30 ];{}
1034;[ 2, 4, 10 ];{}
1034;[ 2, 4, 15 ];{}
1034;[ 2, 4, 6 ];{}
1034;[ 2, 5, 6 ];{}
1034;[ 2, 6, 10 ];{}
1034;[ 2, 6, 6 ];{}
1034;[ 3, 4, 4 ];{}
1035;[ 2, 2, 3, 3 ];{}
1035;[ 2, 3, 12 ];{}
1035;[ 2, 3, 30 ];{}
1035;[ 2, 3, 60 ];{}
1035;[ 2, 6, 6 ];{}
1037;[ 2, 2, 3, 3 ];{}
1037;[ 2, 3, 12 ];{}
1037;[ 2, 3, 30 ];{}
1037;[ 2, 3, 60 ];{}
1037;[ 2, 6, 6 ];{}
1038;[ 2, 2, 3, 3 ];{}
1038;[ 2, 3, 12 ];{}
1038;[ 2, 3, 30 ];{}
1038;[ 2, 6, 6 ];{}
1039;[ 2, 2, 3, 3 ];{}
1039;[ 2, 3, 30 ];{}
1039;[ 2, 6, 6 ];{}
104;[ 2, 2, 3, 3 ];{}
104;[ 2, 3, 120 ];{}
104;[ 2, 3, 24 ];{}
104;[ 2, 3, 30 ];{}
104;[ 2, 3, 48 ];{}
104;[ 2, 3, 60 ];{}
104;[ 2, 6, 6 ];{}
1040;[ 2, 2, 3, 3 ];{}
1040;[ 2, 3, 12 ];{}
1040;[ 2, 3, 30 ];{}
1040;[ 2, 6, 6 ];{}
1041;[ 2, 2, 3, 3 ];{}
1041;[ 2, 3, 12 ];{}
1041;[ 2, 3, 30 ];{}
1041;[ 2, 3, 60 ];{}
1041;[ 2, 6, 6 ];{}
1042;[ 2, 2, 3, 3 ];{}
1042;[ 2, 3, 12 ];{}
1042;[ 2, 3, 30 ];{}
1042;[ 2, 3, 60 ];{}
1042;[ 2, 6, 6 ];{}
1043;[ 2, 2, 3, 3 ];{}
1043;[ 2, 3, 12 ];{}
1043;[ 2, 3, 30 ];{}
1043;[ 2, 3, 60 ];{}
1043;[ 2, 6, 6 ];{}
1045;[ 2, 2, 3, 3 ];{}
1045;[ 2, 3, 12 ];{}
1045;[ 2, 3, 30 ];{}
1045;[ 2, 6, 6 ];{}
105;[ 2, 2, 3, 3 ];{}
105;[ 2, 3, 120 ];{}
105;[ 2, 3, 24 ];{}
105;[ 2, 3, 30 ];{}
105;[ 2, 3, 48 ];{}
105;[ 2, 3, 60 ];{}
105;[ 2, 6, 6 ];{}
106;[ 2, 2, 3, 3 ];{}
106;[ 2, 3, 120 ];{}
106;[ 2, 3, 24 ];{}
106;[ 2, 3, 30 ];{}
106;[ 2, 3, 48 ];{}
106;[ 2, 3, 60 ];{}
106;[ 2, 6, 6 ];{}
107;[ 2, 2, 3, 3 ];{}
107;[ 2, 3, 120 ];{}
107;[ 2, 3, 24 ];{}
107;[ 2, 3, 30 ];{}
107;[ 2, 3, 48 ];{}
107;[ 2, 3, 60 ];{}
107;[ 2, 6, 6 ];{}
118;[ 2, 5, 240 ];{}
1186;[ 2, 2, 2, 10 ];{[ (1, 4)(3, 5)(6, 9)(7, 8), (2, 4)(6, 7)(8, 9), (1, 5)(6, 9)(7, 8), (1, 3, 5, 4, 2)(6, 7)(8, 9) ]}
1186;[ 2, 2, 2, 3 ];{}
1186;[ 2, 2, 2, 4 ];{[ (1, 4)(2, 5)(6, 9)(7, 8), (1, 5)(3, 4)(6, 8)(7, 9), (2, 5)(6, 9)(7, 8), (1, 2, 4, 3)(6, 8)(7, 9) ]}
1186;[ 2, 2, 2, 5 ];{}
1186;[ 2, 2, 2, 6 ];{[ (1, 4)(2, 5)(6, 9)(7, 8), (1, 3)(2, 4)(6, 8)(7, 9), (3, 5)(6, 9)(7, 8), (1, 3, 2)(4, 5)(6, 8)(7, 9) ]}
1186;[ 2, 2, 3, 3 ];{}
1187;[ 2, 2, 2, 10 ];{[ (3, 6)(4, 5)(7, 9, 11, 10, 8), (1, 2)(7, 9)(10, 11), (1, 2)(3, 4)(5, 6)(7, 11)(8, 9), (3, 5)(4, 6)(7, 11)(9, 10) ]}
1187;[ 2, 2, 2, 3 ];{}
1187;[ 2, 2, 2, 5 ];{}
1187;[ 2, 2, 2, 6 ];{[ (1, 2)(3, 6)(4, 5)(7, 11)(8, 9), (3, 6)(4, 5)(7, 11)(8, 10), (1, 2)(3, 4)(5, 6)(7, 8)(9, 10), (3, 4)(5, 6)(7, 10, 8) ]}
1187;[ 2, 2, 3, 3 ];{}
1188;[ 2, 2, 3, 3 ];{}
1188;[ 2, 6, 6 ];{}
1189;[ 2, 4, 12 ];{[ $.1 * $.2 * $.3 * $.4 * $.5^4 * $.6 * $.7, $.2 * $.3 * $.4^2 * $.5^4 * $.6, $.1 * $.3 * $.4^2 * $.7 ]:[ $.1 * $.2 * $.4 * $.5 * $.6, $.2 * $.3, $.1 * $.4 * $.5^2 * $.6 * $.7 ]}
1189;[ 3, 4, 4 ];{}
119;[ 2, 5, 240 ];{}
1191;[ 3, 4, 4 ];{}
1193;[ 2, 2, 2, 10 ];{}
1193;[ 2, 2, 2, 3 ];{}
1193;[ 2, 2, 2, 4 ];{}
1193;[ 2, 2, 2, 5 ];{}
1193;[ 2, 2, 2, 6 ];{[ $.1 * $.2 * $.3 * $.4, $.1 * $.2 * $.4^2 * $.5^4, $.1 * $.3 * $.6, $.1 * $.4^2 * $.5 * $.6 * $.7 ]}
1193;[ 2, 2, 3, 3 ];{}
1194;[ 2, 2, 3, 3 ];{}
1194;[ 2, 3, 12 ];{}
1194;[ 2, 6, 6 ];{}
1195;[ 2, 2, 2, 3 ];{}
1195;[ 2, 2, 2, 4 ];{[ $.1 * $.2^2 * $.3^4 * $.5 * $.6 * $.7, $.1 * $.3^2 * $.4, $.1 * $.2^2 * $.3, $.1 * $.2 * $.3^3 * $.4 * $.5 ]}
1195;[ 2, 2, 2, 5 ];{}
1195;[ 2, 2, 2, 6 ];{}
1195;[ 2, 2, 3, 3 ];{}
1195;[ 2, 4, 15 ];{[ $.2 * $.3, $.1 * $.2 * $.3^4 * $.4 * $.5 * $.6, $.1 * $.3^3 * $.4 * $.5 * $.6 ]}
1195;[ 2, 4, 6 ];{}
1195;[ 2, 5, 6 ];{}
1195;[ 2, 6, 6 ];{}
1195;[ 3, 4, 4 ];{}
1199;[ 2, 2, 2, 10 ];{}
1199;[ 2, 2, 2, 3 ];{}
1199;[ 2, 2, 2, 4 ];{[ $.1 * $.2 * $.3 * $.5^3 * $.6, $.1 * $.6 * $.7, $.1 * $.3 * $.4^2 * $.5^2 * $.6, $.1 * $.2 * $.4^2 ]}
1199;[ 2, 2, 2, 5 ];{}
1199;[ 2, 2, 2, 6 ];{}
1199;[ 2, 2, 3, 3 ];{}
120;[ 2, 5, 240 ];{}
1201;[ 2, 2, 2, 10 ];{}
1201;[ 2, 2, 2, 3 ];{}
1201;[ 2, 2, 2, 4 ];{}
1201;[ 2, 2, 2, 5 ];{}
1201;[ 2, 2, 3, 3 ];{}
1201;[ 2, 3, 10 ];{}
1201;[ 2, 4, 10 ];{}
1201;[ 2, 4, 15 ];{}
1201;[ 3, 4, 4 ];{}
1202;[ 2, 2, 3, 3 ];{}
1203;[ 2, 2, 3, 3 ];{}
1203;[ 2, 6, 6 ];{}
13;[ 2, 2, 2, 10 ];{}
13;[ 2, 2, 2, 3 ];{}
13;[ 2, 2, 2, 4 ];{}
13;[ 2, 2, 2, 5 ];{}
13;[ 2, 2, 2, 6 ];{}
13;[ 2, 2, 2, 8 ];{}
13;[ 2, 2, 3, 3 ];{}
13;[ 2, 3, 120 ];{}
13;[ 2, 3, 24 ];{}
13;[ 2, 3, 30 ];{}
13;[ 2, 3, 40 ];{}
13;[ 2, 3, 60 ];{}
13;[ 2, 4, 10 ];{}
13;[ 2, 4, 12 ];{}
13;[ 2, 4, 15 ];{}
13;[ 2, 4, 60 ];{}
13;[ 2, 4, 8 ];{}
13;[ 2, 5, 6 ];{}
13;[ 2, 5, 8 ];{}
13;[ 2, 6, 10 ];{}
13;[ 2, 6, 16 ];{}
13;[ 2, 6, 6 ];{}
13;[ 3, 4, 4 ];{}
14;[ 2, 2, 2, 10 ];{}
14;[ 2, 2, 2, 3 ];{}
14;[ 2, 2, 2, 4 ];{}
14;[ 2, 2, 2, 5 ];{}
14;[ 2, 2, 2, 6 ];{[ $.1 * $.3 * $.4 * $.5 * $.7^3, $.1 * $.3 * $.6 * $.7^4, $.1 * $.2 * $.3 * $.6^2, $.1 * $.2 * $.3 * $.4 * $.5 * $.6 * $.7^4 ]}
14;[ 2, 2, 2, 8 ];{}
14;[ 2, 2, 3, 3 ];{}
14;[ 2, 3, 120 ];{}
14;[ 2, 3, 24 ];{}
14;[ 2, 3, 30 ];{}
14;[ 2, 3, 40 ];{}
14;[ 2, 3, 60 ];{}
14;[ 2, 4, 10 ];{}
14;[ 2, 4, 12 ];{}
14;[ 2, 4, 15 ];{}
14;[ 2, 4, 60 ];{}
14;[ 2, 4, 8 ];{}
14;[ 2, 5, 6 ];{}
14;[ 2, 5, 8 ];{}
14;[ 2, 6, 10 ];{}
14;[ 2, 6, 16 ];{}
14;[ 2, 6, 6 ];{}
14;[ 3, 4, 4 ];{}
15;[ 2, 2, 2, 10 ];{[ $.2 * $.3 * $.5 * $.7, $.2 * $.3 * $.5 * $.6^2, $.1 * $.2 * $.5 * $.6 * $.7^2, $.1 * $.2 * $.5 * $.6^2 * $.7 ]}
15;[ 2, 2, 2, 3 ];{}
15;[ 2, 2, 2, 4 ];{}
15;[ 2, 2, 2, 5 ];{}
15;[ 2, 2, 2, 6 ];{}
15;[ 2, 2, 2, 8 ];{}
15;[ 2, 2, 3, 3 ];{}
15;[ 2, 3, 120 ];{}
15;[ 2, 3, 24 ];{}
15;[ 2, 3, 30 ];{}
15;[ 2, 3, 40 ];{}
15;[ 2, 3, 48 ];{}
15;[ 2, 3, 60 ];{}
15;[ 2, 4, 10 ];{}
15;[ 2, 4, 12 ];{}
15;[ 2, 4, 15 ];{}
15;[ 2, 4, 48 ];{}
15;[ 2, 4, 60 ];{}
15;[ 2, 4, 8 ];{}
15;[ 2, 5, 6 ];{}
15;[ 2, 5, 8 ];{}
15;[ 2, 6, 10 ];{}
15;[ 2, 6, 16 ];{}
15;[ 2, 6, 6 ];{}
15;[ 3, 4, 4 ];{}
159;[ 2, 2, 2, 10 ];{}
159;[ 2, 2, 2, 4 ];{}
159;[ 2, 2, 2, 5 ];{}
159;[ 2, 2, 2, 6 ];{}
159;[ 2, 2, 2, 8 ];{}
159;[ 2, 2, 3, 3 ];{}
159;[ 2, 4, 240 ];{}
159;[ 2, 5, 240 ];{}
159;[ 2, 6, 16 ];{}
159;[ 2, 6, 240 ];{}
16;[ 2, 2, 2, 10 ];{}
16;[ 2, 2, 2, 3 ];{}
16;[ 2, 2, 2, 4 ];{}
16;[ 2, 2, 2, 5 ];{}
16;[ 2, 2, 2, 6 ];{}
16;[ 2, 2, 2, 8 ];{}
16;[ 2, 2, 3, 3 ];{}
16;[ 2, 3, 120 ];{}
16;[ 2, 3, 24 ];{}
16;[ 2, 3, 30 ];{}
16;[ 2, 3, 40 ];{}
16;[ 2, 3, 60 ];{}
16;[ 2, 4, 10 ];{}
16;[ 2, 4, 12 ];{}
16;[ 2, 4, 15 ];{}
16;[ 2, 4, 60 ];{}
16;[ 2, 4, 8 ];{}
16;[ 2, 5, 6 ];{}
16;[ 2, 5, 8 ];{}
16;[ 2, 6, 10 ];{}
16;[ 2, 6, 16 ];{}
16;[ 2, 6, 6 ];{}
16;[ 3, 4, 4 ];{}
160;[ 2, 2, 2, 10 ];{}
160;[ 2, 2, 2, 4 ];{}
160;[ 2, 2, 2, 5 ];{}
160;[ 2, 2, 2, 6 ];{}
160;[ 2, 2, 2, 8 ];{}
160;[ 2, 2, 3, 3 ];{}
160;[ 2, 4, 240 ];{[ $.1 * $.2 * $.3 * $.6^2 * $.7^3, $.2 * $.3 * $.4 * $.6 * $.7^2, $.1 * $.3 * $.4 * $.5 ]}
160;[ 2, 5, 240 ];{}
160;[ 2, 6, 16 ];{}
160;[ 2, 6, 240 ];{}
161;[ 2, 2, 2, 10 ];{}
161;[ 2, 2, 2, 4 ];{}
161;[ 2, 2, 2, 5 ];{}
161;[ 2, 2, 2, 6 ];{}
161;[ 2, 2, 2, 8 ];{}
161;[ 2, 2, 3, 3 ];{}
161;[ 2, 4, 240 ];{}
161;[ 2, 5, 240 ];{}
161;[ 2, 6, 16 ];{}
161;[ 2, 6, 240 ];{}
163;[ 2, 4, 12 ];{}
163;[ 2, 4, 60 ];{}
163;[ 2, 4, 8 ];{}
163;[ 3, 4, 4 ];{}
165;[ 2, 4, 12 ];{}
165;[ 2, 4, 60 ];{}
165;[ 2, 4, 8 ];{}
165;[ 3, 4, 4 ];{}
166;[ 2, 4, 12 ];{}
166;[ 2, 4, 60 ];{[ $.2 * $.3 * $.4 * $.5 * $.6^2 * $.7, $.1 * $.4 * $.6^2 * $.7, $.1 * $.2 * $.5 ]}
166;[ 3, 4, 4 ];{}
167;[ 2, 4, 12 ];{}
167;[ 2, 4, 60 ];{}
167;[ 2, 4, 8 ];{}
167;[ 3, 4, 4 ];{}
168;[ 2, 4, 12 ];{}
168;[ 2, 4, 60 ];{}
168;[ 2, 4, 8 ];{}
168;[ 3, 4, 4 ];{}
169;[ 2, 4, 12 ];{}
169;[ 2, 4, 60 ];{}
169;[ 2, 4, 8 ];{}
169;[ 3, 4, 4 ];{}
17;[ 2, 2, 2, 10 ];{}
17;[ 2, 2, 2, 3 ];{}
17;[ 2, 2, 2, 4 ];{}
17;[ 2, 2, 2, 5 ];{}
17;[ 2, 2, 2, 6 ];{}
17;[ 2, 2, 2, 8 ];{}
17;[ 2, 2, 3, 3 ];{}
17;[ 2, 3, 120 ];{}
17;[ 2, 3, 24 ];{}
17;[ 2, 3, 30 ];{}
17;[ 2, 3, 40 ];{}
17;[ 2, 3, 60 ];{}
17;[ 2, 4, 10 ];{}
17;[ 2, 4, 12 ];{}
17;[ 2, 4, 15 ];{}
17;[ 2, 4, 60 ];{}
17;[ 2, 4, 8 ];{}
17;[ 2, 5, 6 ];{}
17;[ 2, 5, 8 ];{}
17;[ 2, 6, 10 ];{}
17;[ 2, 6, 16 ];{}
17;[ 2, 6, 6 ];{}
17;[ 3, 4, 4 ];{}
170;[ 2, 4, 12 ];{}
170;[ 2, 4, 60 ];{}
170;[ 2, 4, 8 ];{}
170;[ 3, 4, 4 ];{}
175;[ 2, 4, 12 ];{}
175;[ 2, 4, 60 ];{}
175;[ 2, 4, 8 ];{}
175;[ 3, 4, 4 ];{}
176;[ 2, 4, 12 ];{}
176;[ 2, 4, 60 ];{}
176;[ 2, 4, 8 ];{}
176;[ 3, 4, 4 ];{}
177;[ 2, 4, 12 ];{}
177;[ 2, 4, 60 ];{}
177;[ 2, 4, 8 ];{}
177;[ 3, 4, 4 ];{}
178;[ 2, 4, 12 ];{}
178;[ 2, 4, 60 ];{}
178;[ 2, 4, 8 ];{}
178;[ 3, 4, 4 ];{}
179;[ 2, 4, 12 ];{}
179;[ 2, 4, 60 ];{}
179;[ 2, 4, 8 ];{}
179;[ 3, 4, 4 ];{}
18;[ 2, 2, 2, 10 ];{}
18;[ 2, 2, 2, 3 ];{}
18;[ 2, 2, 2, 4 ];{}
18;[ 2, 2, 2, 5 ];{}
18;[ 2, 2, 2, 6 ];{}
18;[ 2, 2, 2, 8 ];{}
18;[ 2, 2, 3, 3 ];{}
18;[ 2, 3, 120 ];{}
18;[ 2, 3, 24 ];{}
18;[ 2, 3, 30 ];{}
18;[ 2, 3, 40 ];{}
18;[ 2, 3, 60 ];{}
18;[ 2, 4, 10 ];{}
18;[ 2, 4, 12 ];{}
18;[ 2, 4, 15 ];{}
18;[ 2, 4, 60 ];{}
18;[ 2, 4, 8 ];{}
18;[ 2, 5, 6 ];{}
18;[ 2, 5, 8 ];{}
18;[ 2, 6, 10 ];{}
18;[ 2, 6, 16 ];{}
18;[ 2, 6, 6 ];{}
18;[ 3, 4, 4 ];{}
181;[ 2, 4, 12 ];{}
181;[ 2, 4, 60 ];{}
181;[ 2, 4, 8 ];{}
181;[ 3, 4, 4 ];{}
182;[ 2, 4, 12 ];{}
182;[ 2, 4, 60 ];{}
182;[ 2, 4, 8 ];{}
182;[ 3, 4, 4 ];{}
183;[ 2, 4, 12 ];{}
183;[ 2, 4, 60 ];{}
183;[ 2, 4, 8 ];{}
183;[ 3, 4, 4 ];{}
184;[ 2, 4, 12 ];{}
184;[ 2, 4, 60 ];{}
184;[ 2, 4, 8 ];{}
184;[ 3, 4, 4 ];{}
185;[ 2, 4, 12 ];{}
185;[ 2, 4, 60 ];{}
185;[ 2, 4, 8 ];{}
185;[ 3, 4, 4 ];{}
186;[ 2, 2, 2, 10 ];{}
186;[ 2, 2, 2, 3 ];{}
186;[ 2, 2, 2, 4 ];{}
186;[ 2, 2, 2, 5 ];{}
186;[ 2, 2, 2, 6 ];{}
186;[ 2, 2, 2, 8 ];{}
186;[ 2, 2, 3, 3 ];{}
186;[ 2, 3, 120 ];{}
186;[ 2, 3, 24 ];{}
186;[ 2, 3, 30 ];{}
186;[ 2, 3, 40 ];{}
186;[ 2, 3, 60 ];{}
186;[ 2, 4, 10 ];{}
186;[ 2, 4, 12 ];{}
186;[ 2, 4, 15 ];{}
186;[ 2, 4, 60 ];{}
186;[ 2, 4, 8 ];{}
186;[ 2, 5, 6 ];{}
186;[ 2, 5, 8 ];{}
186;[ 2, 6, 10 ];{}
186;[ 2, 6, 16 ];{}
186;[ 2, 6, 6 ];{}
186;[ 3, 4, 4 ];{}
187;[ 2, 2, 2, 10 ];{}
187;[ 2, 2, 2, 3 ];{}
187;[ 2, 2, 2, 4 ];{}
187;[ 2, 2, 2, 5 ];{}
187;[ 2, 2, 2, 6 ];{}
187;[ 2, 2, 2, 8 ];{}
187;[ 2, 2, 3, 3 ];{}
187;[ 2, 3, 120 ];{}
187;[ 2, 3, 24 ];{}
187;[ 2, 3, 30 ];{}
187;[ 2, 3, 40 ];{}
187;[ 2, 3, 60 ];{}
187;[ 2, 4, 10 ];{}
187;[ 2, 4, 12 ];{}
187;[ 2, 4, 15 ];{}
187;[ 2, 4, 60 ];{}
187;[ 2, 4, 8 ];{}
187;[ 2, 5, 6 ];{}
187;[ 2, 5, 8 ];{}
187;[ 2, 6, 10 ];{}
187;[ 2, 6, 16 ];{}
187;[ 2, 6, 6 ];{}
187;[ 3, 4, 4 ];{}
188;[ 2, 2, 2, 10 ];{}
188;[ 2, 2, 2, 3 ];{}
188;[ 2, 2, 2, 4 ];{}
188;[ 2, 2, 2, 5 ];{}
188;[ 2, 2, 2, 6 ];{}
188;[ 2, 2, 2, 8 ];{}
188;[ 2, 2, 3, 3 ];{}
188;[ 2, 3, 120 ];{}
188;[ 2, 3, 24 ];{}
188;[ 2, 3, 30 ];{}
188;[ 2, 3, 40 ];{}
188;[ 2, 3, 60 ];{}
188;[ 2, 4, 10 ];{}
188;[ 2, 4, 12 ];{}
188;[ 2, 4, 15 ];{}
188;[ 2, 4, 60 ];{}
188;[ 2, 4, 8 ];{}
188;[ 2, 5, 6 ];{}
188;[ 2, 5, 8 ];{}
188;[ 2, 6, 10 ];{}
188;[ 2, 6, 16 ];{}
188;[ 2, 6, 6 ];{}
188;[ 3, 4, 4 ];{}
189;[ 2, 2, 2, 10 ];{}
189;[ 2, 2, 2, 3 ];{}
189;[ 2, 2, 2, 4 ];{}
189;[ 2, 2, 2, 5 ];{}
189;[ 2, 2, 2, 6 ];{}
189;[ 2, 2, 2, 8 ];{}
189;[ 2, 2, 3, 3 ];{}
189;[ 2, 3, 120 ];{}
189;[ 2, 3, 24 ];{}
189;[ 2, 3, 30 ];{}
189;[ 2, 3, 40 ];{}
189;[ 2, 3, 60 ];{}
189;[ 2, 4, 10 ];{}
189;[ 2, 4, 12 ];{}
189;[ 2, 4, 15 ];{}
189;[ 2, 4, 60 ];{}
189;[ 2, 4, 8 ];{}
189;[ 2, 5, 6 ];{}
189;[ 2, 5, 8 ];{}
189;[ 2, 6, 10 ];{}
189;[ 2, 6, 16 ];{}
189;[ 2, 6, 6 ];{}
189;[ 3, 4, 4 ];{}
19;[ 2, 2, 2, 10 ];{}
19;[ 2, 2, 2, 3 ];{}
19;[ 2, 2, 2, 4 ];{}
19;[ 2, 2, 2, 5 ];{}
19;[ 2, 2, 2, 6 ];{}
19;[ 2, 2, 2, 8 ];{}
19;[ 2, 2, 3, 3 ];{}
19;[ 2, 3, 120 ];{}
19;[ 2, 3, 24 ];{}
19;[ 2, 3, 30 ];{}
19;[ 2, 3, 40 ];{}
19;[ 2, 3, 60 ];{}
19;[ 2, 4, 10 ];{}
19;[ 2, 4, 12 ];{}
19;[ 2, 4, 15 ];{}
19;[ 2, 4, 60 ];{}
19;[ 2, 4, 8 ];{}
19;[ 2, 5, 6 ];{}
19;[ 2, 5, 8 ];{}
19;[ 2, 6, 10 ];{}
19;[ 2, 6, 16 ];{}
19;[ 2, 6, 6 ];{}
19;[ 3, 4, 4 ];{}
191;[ 2, 4, 12 ];{}
191;[ 2, 4, 60 ];{}
191;[ 3, 4, 4 ];{}
192;[ 2, 4, 12 ];{}
192;[ 2, 4, 60 ];{}
192;[ 2, 4, 8 ];{}
192;[ 3, 4, 4 ];{}
193;[ 2, 4, 12 ];{}
193;[ 2, 4, 60 ];{}
193;[ 2, 4, 8 ];{}
193;[ 3, 4, 4 ];{}
194;[ 2, 4, 12 ];{}
194;[ 2, 4, 60 ];{}
194;[ 3, 4, 4 ];{}
195;[ 2, 4, 12 ];{}
195;[ 2, 4, 60 ];{}
195;[ 2, 4, 8 ];{}
195;[ 3, 4, 4 ];{}
196;[ 2, 4, 12 ];{}
196;[ 2, 4, 60 ];{}
196;[ 2, 4, 8 ];{}
196;[ 3, 4, 4 ];{}
197;[ 2, 4, 12 ];{}
197;[ 2, 4, 60 ];{}
197;[ 2, 4, 8 ];{}
197;[ 3, 4, 4 ];{}
20;[ 2, 2, 2, 10 ];{}
20;[ 2, 2, 2, 3 ];{}
20;[ 2, 2, 2, 4 ];{}
20;[ 2, 2, 2, 5 ];{}
20;[ 2, 2, 2, 6 ];{}
20;[ 2, 2, 2, 8 ];{}
20;[ 2, 2, 3, 3 ];{}
20;[ 2, 3, 120 ];{}
20;[ 2, 3, 24 ];{}
20;[ 2, 3, 30 ];{}
20;[ 2, 3, 40 ];{}
20;[ 2, 3, 48 ];{}
20;[ 2, 3, 60 ];{}
20;[ 2, 4, 10 ];{}
20;[ 2, 4, 12 ];{}
20;[ 2, 4, 15 ];{}
20;[ 2, 4, 48 ];{}
20;[ 2, 4, 60 ];{}
20;[ 2, 4, 8 ];{}
20;[ 2, 5, 6 ];{}
20;[ 2, 5, 8 ];{}
20;[ 2, 6, 10 ];{}
20;[ 2, 6, 16 ];{}
20;[ 2, 6, 6 ];{}
20;[ 3, 4, 4 ];{}
21;[ 2, 2, 2, 10 ];{}
21;[ 2, 2, 2, 3 ];{}
21;[ 2, 2, 2, 4 ];{}
21;[ 2, 2, 2, 5 ];{}
21;[ 2, 2, 2, 6 ];{}
21;[ 2, 2, 2, 8 ];{}
21;[ 2, 2, 3, 3 ];{}
21;[ 2, 3, 120 ];{}
21;[ 2, 3, 24 ];{}
21;[ 2, 3, 30 ];{}
21;[ 2, 3, 40 ];{}
21;[ 2, 3, 48 ];{}
21;[ 2, 3, 60 ];{}
21;[ 2, 4, 10 ];{}
21;[ 2, 4, 12 ];{}
21;[ 2, 4, 15 ];{}
21;[ 2, 4, 48 ];{}
21;[ 2, 4, 60 ];{}
21;[ 2, 4, 8 ];{}
21;[ 2, 5, 6 ];{}
21;[ 2, 5, 8 ];{}
21;[ 2, 6, 10 ];{}
21;[ 2, 6, 16 ];{}
21;[ 2, 6, 6 ];{}
21;[ 3, 4, 4 ];{}
218;[ 2, 4, 12 ];{}
218;[ 2, 4, 8 ];{}
218;[ 3, 4, 4 ];{[ (1, 2, 13)(3, 23, 8)(4, 12, 10)(5, 11, 7)(6, 24, 9)(14, 20, 16)(15, 22, 18)(17, 21, 19), (1, 10, 21, 5)(2, 22)(3, 11, 4, 20)(6, 13, 14, 18)(7, 8, 17, 24)(9, 16)(12, 23, 15, 19), (1, 7, 6, 22)(2, 15, 3, 14)(4, 5, 17, 23)(8, 11)(9, 20, 10, 13)(12, 21)(16, 24, 19, 18) ]}
219;[ 2, 4, 12 ];{}
219;[ 2, 4, 8 ];{}
219;[ 3, 4, 4 ];{}
22;[ 2, 2, 2, 10 ];{}
22;[ 2, 2, 2, 3 ];{}
22;[ 2, 2, 2, 4 ];{}
22;[ 2, 2, 2, 5 ];{}
22;[ 2, 2, 2, 6 ];{}
22;[ 2, 2, 2, 8 ];{}
22;[ 2, 2, 3, 3 ];{}
22;[ 2, 3, 120 ];{}
22;[ 2, 3, 24 ];{}
22;[ 2, 3, 30 ];{}
22;[ 2, 3, 40 ];{}
22;[ 2, 3, 60 ];{}
22;[ 2, 4, 10 ];{}
22;[ 2, 4, 12 ];{}
22;[ 2, 4, 15 ];{}
22;[ 2, 4, 60 ];{}
22;[ 2, 4, 8 ];{}
22;[ 2, 5, 6 ];{}
22;[ 2, 5, 8 ];{}
22;[ 2, 6, 10 ];{}
22;[ 2, 6, 16 ];{}
22;[ 2, 6, 6 ];{}
22;[ 3, 4, 4 ];{}
221;[ 2, 4, 12 ];{}
221;[ 2, 4, 8 ];{}
221;[ 3, 4, 4 ];{}
222;[ 2, 4, 12 ];{}
222;[ 3, 4, 4 ];{}
225;[ 2, 4, 12 ];{}
225;[ 2, 4, 60 ];{}
225;[ 2, 4, 8 ];{}
225;[ 3, 4, 4 ];{}
226;[ 2, 4, 12 ];{}
226;[ 2, 4, 60 ];{}
226;[ 2, 4, 8 ];{}
226;[ 3, 4, 4 ];{}
227;[ 2, 4, 12 ];{}
227;[ 2, 4, 60 ];{}
227;[ 2, 4, 8 ];{}
227;[ 3, 4, 4 ];{}
228;[ 2, 4, 12 ];{}
228;[ 2, 4, 60 ];{}
228;[ 2, 4, 8 ];{}
228;[ 3, 4, 4 ];{}
229;[ 2, 4, 12 ];{}
229;[ 2, 4, 60 ];{}
229;[ 2, 4, 8 ];{}
229;[ 3, 4, 4 ];{}
23;[ 2, 2, 2, 10 ];{}
23;[ 2, 2, 2, 3 ];{}
23;[ 2, 2, 2, 4 ];{}
23;[ 2, 2, 2, 5 ];{}
23;[ 2, 2, 2, 6 ];{}
23;[ 2, 2, 2, 8 ];{}
23;[ 2, 2, 3, 3 ];{}
23;[ 2, 3, 120 ];{}
23;[ 2, 3, 24 ];{}
23;[ 2, 3, 30 ];{}
23;[ 2, 3, 40 ];{}
23;[ 2, 3, 60 ];{}
23;[ 2, 4, 10 ];{}
23;[ 2, 4, 12 ];{}
23;[ 2, 4, 15 ];{}
23;[ 2, 4, 60 ];{}
23;[ 2, 4, 8 ];{}
23;[ 2, 5, 6 ];{}
23;[ 2, 5, 8 ];{}
23;[ 2, 6, 10 ];{}
23;[ 2, 6, 16 ];{}
23;[ 2, 6, 6 ];{}
23;[ 3, 4, 4 ];{}
230;[ 2, 4, 12 ];{}
230;[ 2, 4, 60 ];{}
230;[ 2, 4, 8 ];{}
230;[ 3, 4, 4 ];{}
231;[ 2, 4, 12 ];{}
231;[ 2, 4, 60 ];{}
231;[ 2, 4, 8 ];{}
231;[ 3, 4, 4 ];{}
232;[ 2, 4, 12 ];{}
232;[ 2, 4, 60 ];{}
232;[ 2, 4, 8 ];{}
232;[ 3, 4, 4 ];{}
233;[ 2, 4, 12 ];{}
233;[ 2, 4, 60 ];{}
233;[ 2, 4, 8 ];{}
233;[ 3, 4, 4 ];{}
234;[ 2, 4, 12 ];{}
234;[ 2, 4, 60 ];{}
234;[ 2, 4, 8 ];{}
234;[ 3, 4, 4 ];{}
235;[ 2, 4, 12 ];{}
235;[ 2, 4, 60 ];{}
235;[ 2, 4, 8 ];{}
235;[ 3, 4, 4 ];{}
236;[ 2, 4, 12 ];{}
236;[ 2, 4, 60 ];{}
236;[ 2, 4, 8 ];{}
236;[ 3, 4, 4 ];{}
237;[ 2, 4, 12 ];{}
237;[ 2, 4, 60 ];{}
237;[ 2, 4, 8 ];{}
237;[ 3, 4, 4 ];{}
238;[ 2, 4, 12 ];{}
238;[ 2, 4, 60 ];{}
238;[ 2, 4, 8 ];{}
238;[ 3, 4, 4 ];{}
24;[ 2, 2, 2, 10 ];{}
24;[ 2, 2, 2, 3 ];{}
24;[ 2, 2, 2, 4 ];{}
24;[ 2, 2, 2, 5 ];{}
24;[ 2, 2, 2, 6 ];{}
24;[ 2, 2, 2, 8 ];{}
24;[ 2, 2, 3, 3 ];{}
24;[ 2, 3, 120 ];{}
24;[ 2, 3, 24 ];{}
24;[ 2, 3, 30 ];{}
24;[ 2, 3, 40 ];{}
24;[ 2, 3, 48 ];{}
24;[ 2, 3, 60 ];{}
24;[ 2, 4, 10 ];{}
24;[ 2, 4, 12 ];{}
24;[ 2, 4, 15 ];{}
24;[ 2, 4, 48 ];{}
24;[ 2, 4, 60 ];{}
24;[ 2, 4, 8 ];{}
24;[ 2, 5, 6 ];{}
24;[ 2, 5, 8 ];{}
24;[ 2, 6, 10 ];{}
24;[ 2, 6, 16 ];{}
24;[ 2, 6, 6 ];{}
24;[ 3, 4, 4 ];{}
243;[ 2, 4, 12 ];{}
243;[ 3, 4, 4 ];{}
245;[ 2, 4, 12 ];{}
245;[ 2, 4, 8 ];{}
245;[ 3, 4, 4 ];{}
248;[ 2, 4, 12 ];{}
248;[ 3, 4, 4 ];{}
249;[ 2, 4, 12 ];{[ $.1 * $.4 * $.6 * $.7^2, $.2 * $.3 * $.6 * $.7^3, $.1 * $.2 * $.5 * $.7^3 ]:[ $.1 * $.3 * $.4 * $.6^2 * $.7^2, $.2 * $.3 * $.4 * $.7^2, $.1 * $.2 * $.3 * $.4 * $.6 ]}
249;[ 3, 4, 4 ];{}
250;[ 2, 4, 12 ];{}
250;[ 2, 4, 8 ];{}
250;[ 3, 4, 4 ];{}
251;[ 2, 4, 12 ];{}
251;[ 2, 4, 8 ];{}
251;[ 3, 4, 4 ];{}
258;[ 2, 2, 2, 10 ];{}
258;[ 2, 2, 2, 3 ];{}
258;[ 2, 2, 2, 4 ];{}
258;[ 2, 2, 2, 5 ];{}
258;[ 2, 2, 2, 8 ];{[ $.1 * $.4 * $.5 * $.6, $.1 * $.2^2 * $.3^4 * $.4 * $.6, $.1 * $.3^3 * $.7, $.1 * $.2 * $.3^4 * $.4 ]}
258;[ 2, 2, 3, 3 ];{}
258;[ 2, 3, 10 ];{}
258;[ 2, 3, 20 ];{}
258;[ 2, 4, 10 ];{}
258;[ 2, 4, 15 ];{}
258;[ 2, 4, 8 ];{}
258;[ 2, 5, 8 ];{}
258;[ 3, 4, 4 ];{}
260;[ 2, 4, 8 ];{}
260;[ 3, 4, 4 ];{}
261;[ 2, 4, 12 ];{}
261;[ 2, 4, 60 ];{}
261;[ 2, 4, 8 ];{}
261;[ 3, 4, 4 ];{}
262;[ 2, 2, 3, 3 ];{}
262;[ 2, 6, 6 ];{}
263;[ 2, 2, 3, 3 ];{}
263;[ 2, 6, 6 ];{}
264;[ 2, 2, 3, 3 ];{}
264;[ 2, 6, 6 ];{}
268;[ 2, 2, 3, 3 ];{}
268;[ 2, 6, 6 ];{}
28;[ 2, 4, 12 ];{}
28;[ 2, 4, 60 ];{}
28;[ 2, 4, 8 ];{}
28;[ 3, 4, 4 ];{}
29;[ 2, 4, 12 ];{}
29;[ 2, 4, 60 ];{}
29;[ 2, 4, 8 ];{}
29;[ 3, 4, 4 ];{}
297;[ 2, 4, 12 ];{}
297;[ 2, 4, 60 ];{}
297;[ 2, 4, 8 ];{}
297;[ 3, 4, 4 ];{}
298;[ 2, 4, 12 ];{}
298;[ 2, 4, 60 ];{}
298;[ 2, 4, 8 ];{}
298;[ 3, 4, 4 ];{}
299;[ 2, 4, 12 ];{}
299;[ 2, 4, 60 ];{}
299;[ 2, 4, 8 ];{}
299;[ 3, 4, 4 ];{}
30;[ 2, 4, 12 ];{}
30;[ 2, 4, 60 ];{}
30;[ 2, 4, 8 ];{}
30;[ 3, 4, 4 ];{}
300;[ 2, 4, 12 ];{}
300;[ 2, 4, 60 ];{}
300;[ 2, 4, 8 ];{}
300;[ 3, 4, 4 ];{}
301;[ 2, 4, 12 ];{}
301;[ 2, 4, 60 ];{}
301;[ 2, 4, 8 ];{}
301;[ 3, 4, 4 ];{}
304;[ 2, 4, 12 ];{}
304;[ 2, 4, 60 ];{}
304;[ 3, 4, 4 ];{}
307;[ 2, 4, 12 ];{}
307;[ 2, 4, 60 ];{}
307;[ 2, 4, 8 ];{}
307;[ 3, 4, 4 ];{}
310;[ 2, 4, 12 ];{}
310;[ 2, 4, 60 ];{}
310;[ 2, 4, 8 ];{}
310;[ 3, 4, 4 ];{}
311;[ 2, 4, 12 ];{}
311;[ 2, 4, 60 ];{}
311;[ 3, 4, 4 ];{}
312;[ 2, 4, 12 ];{}
312;[ 2, 4, 60 ];{}
312;[ 2, 4, 8 ];{}
312;[ 3, 4, 4 ];{}
313;[ 2, 4, 12 ];{}
313;[ 2, 4, 60 ];{}
313;[ 2, 4, 8 ];{}
313;[ 3, 4, 4 ];{}
314;[ 2, 4, 12 ];{}
314;[ 2, 4, 60 ];{}
314;[ 2, 4, 8 ];{}
314;[ 3, 4, 4 ];{}
315;[ 2, 4, 12 ];{}
315;[ 2, 4, 60 ];{}
315;[ 2, 4, 8 ];{}
315;[ 3, 4, 4 ];{}
316;[ 2, 4, 12 ];{}
316;[ 3, 4, 4 ];{}
318;[ 2, 4, 12 ];{}
318;[ 2, 4, 8 ];{}
318;[ 3, 4, 4 ];{}
323;[ 2, 2, 2, 10 ];{}
323;[ 2, 2, 2, 3 ];{}
323;[ 2, 2, 2, 4 ];{}
323;[ 2, 2, 2, 5 ];{}
323;[ 2, 2, 2, 6 ];{}
323;[ 2, 2, 2, 8 ];{}
323;[ 2, 2, 3, 3 ];{}
324;[ 2, 2, 2, 10 ];{[ $.2 * $.3 * $.4 * $.6 * $.7^2, $.2 * $.4 * $.6^2, $.1 * $.2 * $.4 * $.5, $.1 * $.2 * $.3 * $.4 * $.5 * $.6^2 * $.7^3 ]}
324;[ 2, 2, 2, 3 ];{}
324;[ 2, 2, 2, 4 ];{}
324;[ 2, 2, 2, 5 ];{}
324;[ 2, 2, 2, 6 ];{}
324;[ 2, 2, 2, 8 ];{}
324;[ 2, 2, 3, 3 ];{}
325;[ 2, 2, 2, 10 ];{}
325;[ 2, 2, 2, 3 ];{}
325;[ 2, 2, 2, 4 ];{}
325;[ 2, 2, 2, 5 ];{}
325;[ 2, 2, 2, 6 ];{}
325;[ 2, 2, 2, 8 ];{}
325;[ 2, 2, 3, 3 ];{}
326;[ 2, 2, 2, 10 ];{}
326;[ 2, 2, 2, 3 ];{}
326;[ 2, 2, 2, 4 ];{}
326;[ 2, 2, 2, 5 ];{}
326;[ 2, 2, 2, 6 ];{}
326;[ 2, 2, 2, 8 ];{}
326;[ 2, 2, 3, 3 ];{}
327;[ 2, 2, 2, 10 ];{}
327;[ 2, 2, 2, 3 ];{}
327;[ 2, 2, 2, 4 ];{}
327;[ 2, 2, 2, 5 ];{}
327;[ 2, 2, 2, 6 ];{}
327;[ 2, 2, 2, 8 ];{}
327;[ 2, 2, 3, 3 ];{}
328;[ 2, 2, 2, 10 ];{}
328;[ 2, 2, 2, 3 ];{}
328;[ 2, 2, 2, 4 ];{}
328;[ 2, 2, 2, 5 ];{}
328;[ 2, 2, 2, 6 ];{[ $.1 * $.3 * $.5 * $.6 * $.7, $.1 * $.5 * $.7^4, $.1 * $.2 * $.4 * $.5 * $.6^2 * $.7^3, $.1 * $.2 * $.3 * $.4 * $.5 * $.6 ]}
328;[ 2, 2, 2, 8 ];{}
328;[ 2, 2, 3, 3 ];{}
329;[ 2, 2, 2, 10 ];{}
329;[ 2, 2, 2, 3 ];{}
329;[ 2, 2, 2, 4 ];{}
329;[ 2, 2, 2, 5 ];{}
329;[ 2, 2, 2, 6 ];{}
329;[ 2, 2, 2, 8 ];{}
329;[ 2, 2, 3, 3 ];{}
330;[ 2, 2, 2, 10 ];{}
330;[ 2, 2, 2, 3 ];{}
330;[ 2, 2, 2, 4 ];{}
330;[ 2, 2, 2, 5 ];{}
330;[ 2, 2, 2, 6 ];{}
330;[ 2, 2, 2, 8 ];{}
330;[ 2, 2, 3, 3 ];{}
331;[ 2, 2, 2, 10 ];{}
331;[ 2, 2, 2, 3 ];{}
331;[ 2, 2, 2, 4 ];{}
331;[ 2, 2, 2, 5 ];{}
331;[ 2, 2, 2, 6 ];{}
331;[ 2, 2, 2, 8 ];{}
331;[ 2, 2, 3, 3 ];{}
332;[ 2, 2, 2, 10 ];{}
332;[ 2, 2, 2, 3 ];{}
332;[ 2, 2, 2, 4 ];{}
332;[ 2, 2, 2, 5 ];{}
332;[ 2, 2, 2, 6 ];{}
332;[ 2, 2, 2, 8 ];{}
332;[ 2, 2, 3, 3 ];{}
333;[ 2, 2, 2, 10 ];{}
333;[ 2, 2, 2, 3 ];{}
333;[ 2, 2, 2, 4 ];{}
333;[ 2, 2, 2, 5 ];{}
333;[ 2, 2, 2, 6 ];{}
333;[ 2, 2, 2, 8 ];{}
333;[ 2, 2, 3, 3 ];{}
334;[ 2, 2, 2, 10 ];{}
334;[ 2, 2, 2, 3 ];{}
334;[ 2, 2, 2, 4 ];{}
334;[ 2, 2, 2, 5 ];{}
334;[ 2, 2, 2, 6 ];{}
334;[ 2, 2, 2, 8 ];{}
334;[ 2, 2, 3, 3 ];{}
335;[ 2, 2, 2, 10 ];{}
335;[ 2, 2, 2, 3 ];{}
335;[ 2, 2, 2, 4 ];{}
335;[ 2, 2, 2, 5 ];{}
335;[ 2, 2, 2, 6 ];{}
335;[ 2, 2, 2, 8 ];{}
335;[ 2, 2, 3, 3 ];{}
336;[ 2, 2, 2, 10 ];{}
336;[ 2, 2, 2, 3 ];{}
336;[ 2, 2, 2, 4 ];{}
336;[ 2, 2, 2, 5 ];{}
336;[ 2, 2, 2, 6 ];{}
336;[ 2, 2, 2, 8 ];{}
336;[ 2, 2, 3, 3 ];{}
337;[ 2, 2, 2, 10 ];{}
337;[ 2, 2, 2, 3 ];{}
337;[ 2, 2, 2, 4 ];{}
337;[ 2, 2, 2, 5 ];{}
337;[ 2, 2, 2, 6 ];{}
337;[ 2, 2, 2, 8 ];{}
337;[ 2, 2, 3, 3 ];{}
338;[ 2, 2, 2, 10 ];{}
338;[ 2, 2, 2, 3 ];{}
338;[ 2, 2, 2, 4 ];{}
338;[ 2, 2, 2, 5 ];{}
338;[ 2, 2, 2, 6 ];{}
338;[ 2, 2, 2, 8 ];{}
338;[ 2, 2, 3, 3 ];{}
339;[ 2, 2, 2, 10 ];{}
339;[ 2, 2, 2, 3 ];{}
339;[ 2, 2, 2, 4 ];{}
339;[ 2, 2, 2, 5 ];{}
339;[ 2, 2, 2, 6 ];{}
339;[ 2, 2, 2, 8 ];{}
339;[ 2, 2, 3, 3 ];{}
34;[ 2, 4, 12 ];{}
34;[ 2, 4, 60 ];{}
34;[ 2, 4, 8 ];{}
34;[ 3, 4, 4 ];{}
340;[ 2, 2, 2, 10 ];{}
340;[ 2, 2, 2, 3 ];{}
340;[ 2, 2, 2, 4 ];{}
340;[ 2, 2, 2, 5 ];{}
340;[ 2, 2, 2, 6 ];{}
340;[ 2, 2, 2, 8 ];{}
340;[ 2, 2, 3, 3 ];{}
345;[ 2, 2, 2, 10 ];{}
345;[ 2, 2, 2, 3 ];{}
345;[ 2, 2, 2, 4 ];{}
345;[ 2, 2, 2, 5 ];{}
345;[ 2, 2, 2, 6 ];{}
345;[ 2, 2, 2, 8 ];{}
345;[ 2, 2, 3, 3 ];{}
346;[ 2, 2, 2, 10 ];{}
346;[ 2, 2, 2, 3 ];{}
346;[ 2, 2, 2, 4 ];{}
346;[ 2, 2, 2, 5 ];{}
346;[ 2, 2, 2, 6 ];{}
346;[ 2, 2, 2, 8 ];{}
346;[ 2, 2, 3, 3 ];{}
347;[ 2, 2, 2, 10 ];{}
347;[ 2, 2, 2, 3 ];{}
347;[ 2, 2, 2, 4 ];{}
347;[ 2, 2, 2, 5 ];{}
347;[ 2, 2, 2, 6 ];{}
347;[ 2, 2, 2, 8 ];{}
347;[ 2, 2, 3, 3 ];{}
348;[ 2, 2, 2, 10 ];{}
348;[ 2, 2, 2, 3 ];{}
348;[ 2, 2, 2, 4 ];{}
348;[ 2, 2, 2, 5 ];{}
348;[ 2, 2, 2, 6 ];{}
348;[ 2, 2, 2, 8 ];{}
348;[ 2, 2, 3, 3 ];{}
349;[ 2, 2, 2, 10 ];{}
349;[ 2, 2, 2, 3 ];{}
349;[ 2, 2, 2, 4 ];{}
349;[ 2, 2, 2, 5 ];{}
349;[ 2, 2, 2, 6 ];{}
349;[ 2, 2, 2, 8 ];{}
349;[ 2, 2, 3, 3 ];{}
35;[ 2, 4, 12 ];{}
35;[ 2, 4, 60 ];{}
35;[ 2, 4, 8 ];{}
35;[ 3, 4, 4 ];{}
350;[ 2, 2, 2, 10 ];{}
350;[ 2, 2, 2, 3 ];{}
350;[ 2, 2, 2, 4 ];{}
350;[ 2, 2, 2, 5 ];{}
350;[ 2, 2, 2, 6 ];{}
350;[ 2, 2, 2, 8 ];{}
350;[ 2, 2, 3, 3 ];{}
351;[ 2, 2, 2, 10 ];{}
351;[ 2, 2, 2, 3 ];{}
351;[ 2, 2, 2, 4 ];{}
351;[ 2, 2, 2, 5 ];{}
351;[ 2, 2, 2, 6 ];{}
351;[ 2, 2, 2, 8 ];{}
351;[ 2, 2, 3, 3 ];{}
352;[ 2, 2, 2, 10 ];{}
352;[ 2, 2, 2, 3 ];{}
352;[ 2, 2, 2, 4 ];{}
352;[ 2, 2, 2, 5 ];{}
352;[ 2, 2, 2, 6 ];{}
352;[ 2, 2, 2, 8 ];{}
352;[ 2, 2, 3, 3 ];{}
353;[ 2, 2, 2, 10 ];{}
353;[ 2, 2, 2, 3 ];{}
353;[ 2, 2, 2, 4 ];{}
353;[ 2, 2, 2, 5 ];{}
353;[ 2, 2, 2, 6 ];{}
353;[ 2, 2, 2, 8 ];{}
353;[ 2, 2, 3, 3 ];{}
354;[ 2, 2, 2, 10 ];{}
354;[ 2, 2, 2, 3 ];{}
354;[ 2, 2, 2, 4 ];{}
354;[ 2, 2, 2, 5 ];{}
354;[ 2, 2, 2, 6 ];{}
354;[ 2, 2, 2, 8 ];{}
354;[ 2, 2, 3, 3 ];{}
355;[ 2, 2, 2, 10 ];{}
355;[ 2, 2, 2, 3 ];{}
355;[ 2, 2, 2, 4 ];{}
355;[ 2, 2, 2, 5 ];{}
355;[ 2, 2, 2, 6 ];{}
355;[ 2, 2, 2, 8 ];{}
355;[ 2, 2, 3, 3 ];{}
356;[ 2, 2, 2, 10 ];{}
356;[ 2, 2, 2, 3 ];{}
356;[ 2, 2, 2, 4 ];{}
356;[ 2, 2, 2, 5 ];{}
356;[ 2, 2, 2, 6 ];{}
356;[ 2, 2, 2, 8 ];{}
356;[ 2, 2, 3, 3 ];{}
36;[ 2, 4, 12 ];{}
36;[ 2, 4, 60 ];{}
36;[ 2, 4, 8 ];{}
36;[ 3, 4, 4 ];{}
37;[ 2, 4, 12 ];{}
37;[ 2, 4, 60 ];{}
37;[ 2, 4, 8 ];{}
37;[ 3, 4, 4 ];{}
372;[ 2, 2, 2, 10 ];{}
372;[ 2, 2, 2, 3 ];{}
372;[ 2, 2, 2, 4 ];{}
372;[ 2, 2, 2, 5 ];{}
372;[ 2, 2, 2, 6 ];{}
372;[ 2, 2, 2, 8 ];{}
372;[ 2, 2, 3, 3 ];{}
373;[ 2, 2, 2, 10 ];{}
373;[ 2, 2, 2, 3 ];{}
373;[ 2, 2, 2, 4 ];{}
373;[ 2, 2, 2, 5 ];{}
373;[ 2, 2, 2, 6 ];{}
373;[ 2, 2, 2, 8 ];{}
373;[ 2, 2, 3, 3 ];{}
374;[ 2, 2, 2, 10 ];{}
374;[ 2, 2, 2, 3 ];{}
374;[ 2, 2, 2, 4 ];{}
374;[ 2, 2, 2, 5 ];{}
374;[ 2, 2, 2, 6 ];{}
374;[ 2, 2, 2, 8 ];{}
374;[ 2, 2, 3, 3 ];{}
375;[ 2, 2, 2, 10 ];{}
375;[ 2, 2, 2, 3 ];{}
375;[ 2, 2, 2, 4 ];{}
375;[ 2, 2, 2, 5 ];{}
375;[ 2, 2, 2, 6 ];{}
375;[ 2, 2, 2, 8 ];{}
375;[ 2, 2, 3, 3 ];{}
376;[ 2, 2, 2, 10 ];{}
376;[ 2, 2, 2, 3 ];{}
376;[ 2, 2, 2, 4 ];{}
376;[ 2, 2, 2, 5 ];{}
376;[ 2, 2, 2, 6 ];{[ $.1 * $.3 * $.4 * $.5 * $.7, $.1 * $.2 * $.4 * $.6^2 * $.7^3, $.1 * $.4 * $.5 * $.6^2, $.1 * $.2 * $.3 * $.5 * $.6 * $.7^3 ]}
376;[ 2, 2, 2, 8 ];{}
376;[ 2, 2, 3, 3 ];{}
377;[ 2, 2, 2, 10 ];{}
377;[ 2, 2, 2, 3 ];{}
377;[ 2, 2, 2, 4 ];{}
377;[ 2, 2, 2, 5 ];{}
377;[ 2, 2, 2, 6 ];{}
377;[ 2, 2, 2, 8 ];{}
377;[ 2, 2, 3, 3 ];{}
378;[ 2, 2, 2, 10 ];{[ $.2 * $.3 * $.4 * $.6^2 * $.7^3, $.2 * $.5 * $.6, $.1 * $.2 * $.4 * $.5 * $.6 * $.7^2, $.1 * $.2 * $.3 * $.5 * $.6^2 * $.7^4 ]}
378;[ 2, 2, 2, 3 ];{}
378;[ 2, 2, 2, 4 ];{}
378;[ 2, 2, 2, 5 ];{}
378;[ 2, 2, 2, 6 ];{}
378;[ 2, 2, 2, 8 ];{}
378;[ 2, 2, 3, 3 ];{}
379;[ 2, 2, 2, 10 ];{}
379;[ 2, 2, 2, 3 ];{}
379;[ 2, 2, 2, 4 ];{}
379;[ 2, 2, 2, 5 ];{}
379;[ 2, 2, 2, 6 ];{}
379;[ 2, 2, 2, 8 ];{}
379;[ 2, 2, 3, 3 ];{}
38;[ 2, 4, 12 ];{}
38;[ 2, 4, 60 ];{}
38;[ 2, 4, 8 ];{}
38;[ 3, 4, 4 ];{}
380;[ 2, 2, 2, 10 ];{}
380;[ 2, 2, 2, 3 ];{}
380;[ 2, 2, 2, 4 ];{}
380;[ 2, 2, 2, 5 ];{}
380;[ 2, 2, 2, 6 ];{}
380;[ 2, 2, 2, 8 ];{}
380;[ 2, 2, 3, 3 ];{}
381;[ 2, 2, 2, 10 ];{}
381;[ 2, 2, 2, 3 ];{}
381;[ 2, 2, 2, 4 ];{}
381;[ 2, 2, 2, 5 ];{}
381;[ 2, 2, 2, 6 ];{}
381;[ 2, 2, 2, 8 ];{}
381;[ 2, 2, 3, 3 ];{}
382;[ 2, 2, 2, 10 ];{}
382;[ 2, 2, 2, 3 ];{}
382;[ 2, 2, 2, 4 ];{}
382;[ 2, 2, 2, 5 ];{}
382;[ 2, 2, 2, 6 ];{}
382;[ 2, 2, 2, 8 ];{}
382;[ 2, 2, 3, 3 ];{}
383;[ 2, 2, 2, 10 ];{}
383;[ 2, 2, 2, 3 ];{}
383;[ 2, 2, 2, 4 ];{}
383;[ 2, 2, 2, 5 ];{}
383;[ 2, 2, 2, 6 ];{}
383;[ 2, 2, 2, 8 ];{}
383;[ 2, 2, 3, 3 ];{}
384;[ 2, 2, 2, 10 ];{}
384;[ 2, 2, 2, 3 ];{}
384;[ 2, 2, 2, 4 ];{}
384;[ 2, 2, 2, 5 ];{}
384;[ 2, 2, 2, 6 ];{}
384;[ 2, 2, 2, 8 ];{}
384;[ 2, 2, 3, 3 ];{}
385;[ 2, 2, 2, 10 ];{}
385;[ 2, 2, 2, 3 ];{}
385;[ 2, 2, 2, 4 ];{}
385;[ 2, 2, 2, 5 ];{}
385;[ 2, 2, 2, 6 ];{}
385;[ 2, 2, 2, 8 ];{}
385;[ 2, 2, 3, 3 ];{}
386;[ 2, 2, 2, 10 ];{}
386;[ 2, 2, 2, 3 ];{}
386;[ 2, 2, 2, 4 ];{}
386;[ 2, 2, 2, 5 ];{}
386;[ 2, 2, 2, 6 ];{}
386;[ 2, 2, 2, 8 ];{}
386;[ 2, 2, 3, 3 ];{}
387;[ 2, 2, 2, 10 ];{}
387;[ 2, 2, 2, 3 ];{}
387;[ 2, 2, 2, 4 ];{}
387;[ 2, 2, 2, 5 ];{}
387;[ 2, 2, 2, 6 ];{}
387;[ 2, 2, 2, 8 ];{}
387;[ 2, 2, 3, 3 ];{}
388;[ 2, 2, 2, 10 ];{}
388;[ 2, 2, 2, 3 ];{}
388;[ 2, 2, 2, 4 ];{}
388;[ 2, 2, 2, 5 ];{}
388;[ 2, 2, 2, 6 ];{}
388;[ 2, 2, 2, 8 ];{}
388;[ 2, 2, 3, 3 ];{}
389;[ 2, 2, 2, 10 ];{}
389;[ 2, 2, 2, 3 ];{}
389;[ 2, 2, 2, 4 ];{}
389;[ 2, 2, 2, 5 ];{}
389;[ 2, 2, 2, 6 ];{}
389;[ 2, 2, 2, 8 ];{}
389;[ 2, 2, 3, 3 ];{}
39;[ 2, 4, 12 ];{}
39;[ 2, 4, 60 ];{}
39;[ 2, 4, 8 ];{}
39;[ 3, 4, 4 ];{}
390;[ 2, 2, 2, 10 ];{}
390;[ 2, 2, 2, 3 ];{}
390;[ 2, 2, 2, 4 ];{}
390;[ 2, 2, 2, 5 ];{}
390;[ 2, 2, 2, 6 ];{}
390;[ 2, 2, 2, 8 ];{}
390;[ 2, 2, 3, 3 ];{}
391;[ 2, 2, 2, 10 ];{}
391;[ 2, 2, 2, 3 ];{}
391;[ 2, 2, 2, 4 ];{}
391;[ 2, 2, 2, 5 ];{}
391;[ 2, 2, 2, 6 ];{}
391;[ 2, 2, 2, 8 ];{}
391;[ 2, 2, 3, 3 ];{}
392;[ 2, 2, 2, 10 ];{}
392;[ 2, 2, 2, 3 ];{}
392;[ 2, 2, 2, 4 ];{}
392;[ 2, 2, 2, 5 ];{}
392;[ 2, 2, 2, 6 ];{}
392;[ 2, 2, 2, 8 ];{}
392;[ 2, 2, 3, 3 ];{}
393;[ 2, 2, 2, 10 ];{}
393;[ 2, 2, 2, 3 ];{}
393;[ 2, 2, 2, 4 ];{}
393;[ 2, 2, 2, 5 ];{}
393;[ 2, 2, 2, 6 ];{}
393;[ 2, 2, 2, 8 ];{}
393;[ 2, 2, 3, 3 ];{}
394;[ 2, 2, 2, 10 ];{}
394;[ 2, 2, 2, 3 ];{}
394;[ 2, 2, 2, 4 ];{}
394;[ 2, 2, 2, 5 ];{}
394;[ 2, 2, 2, 6 ];{}
394;[ 2, 2, 2, 8 ];{}
394;[ 2, 2, 3, 3 ];{}
395;[ 2, 2, 2, 10 ];{}
395;[ 2, 2, 2, 3 ];{}
395;[ 2, 2, 2, 4 ];{}
395;[ 2, 2, 2, 5 ];{}
395;[ 2, 2, 2, 6 ];{}
395;[ 2, 2, 2, 8 ];{}
395;[ 2, 2, 3, 3 ];{}
396;[ 2, 2, 2, 10 ];{}
396;[ 2, 2, 2, 3 ];{}
396;[ 2, 2, 2, 4 ];{}
396;[ 2, 2, 2, 5 ];{}
396;[ 2, 2, 2, 6 ];{}
396;[ 2, 2, 2, 8 ];{}
396;[ 2, 2, 3, 3 ];{}
397;[ 2, 2, 2, 10 ];{}
397;[ 2, 2, 2, 3 ];{}
397;[ 2, 2, 2, 4 ];{}
397;[ 2, 2, 2, 5 ];{}
397;[ 2, 2, 2, 6 ];{}
397;[ 2, 2, 2, 8 ];{}
397;[ 2, 2, 3, 3 ];{}
398;[ 2, 2, 2, 10 ];{}
398;[ 2, 2, 2, 3 ];{}
398;[ 2, 2, 2, 4 ];{}
398;[ 2, 2, 2, 5 ];{}
398;[ 2, 2, 2, 6 ];{}
398;[ 2, 2, 2, 8 ];{}
398;[ 2, 2, 3, 3 ];{}
40;[ 2, 4, 12 ];{}
40;[ 2, 4, 60 ];{}
40;[ 2, 4, 8 ];{}
40;[ 3, 4, 4 ];{}
402;[ 2, 2, 2, 10 ];{}
402;[ 2, 2, 2, 3 ];{}
402;[ 2, 2, 2, 4 ];{}
402;[ 2, 2, 2, 5 ];{}
402;[ 2, 2, 2, 6 ];{}
402;[ 2, 2, 3, 3 ];{}
403;[ 2, 2, 2, 10 ];{}
403;[ 2, 2, 2, 3 ];{}
403;[ 2, 2, 2, 4 ];{}
403;[ 2, 2, 2, 5 ];{}
403;[ 2, 2, 2, 6 ];{}
403;[ 2, 2, 3, 3 ];{}
404;[ 2, 2, 2, 10 ];{}
404;[ 2, 2, 2, 3 ];{}
404;[ 2, 2, 2, 4 ];{}
404;[ 2, 2, 2, 5 ];{}
404;[ 2, 2, 2, 6 ];{}
404;[ 2, 2, 3, 3 ];{}
405;[ 2, 2, 2, 10 ];{}
405;[ 2, 2, 2, 3 ];{}
405;[ 2, 2, 2, 4 ];{}
405;[ 2, 2, 2, 5 ];{}
405;[ 2, 2, 2, 6 ];{}
405;[ 2, 2, 3, 3 ];{}
41;[ 2, 4, 12 ];{}
41;[ 2, 4, 60 ];{}
41;[ 2, 4, 8 ];{}
41;[ 3, 4, 4 ];{}
410;[ 2, 2, 2, 10 ];{}
410;[ 2, 2, 2, 3 ];{}
410;[ 2, 2, 2, 4 ];{}
410;[ 2, 2, 2, 5 ];{}
410;[ 2, 2, 2, 6 ];{}
410;[ 2, 2, 3, 3 ];{}
411;[ 2, 2, 2, 10 ];{}
411;[ 2, 2, 2, 3 ];{}
411;[ 2, 2, 2, 4 ];{}
411;[ 2, 2, 2, 5 ];{}
411;[ 2, 2, 2, 6 ];{}
411;[ 2, 2, 3, 3 ];{}
412;[ 2, 2, 2, 10 ];{}
412;[ 2, 2, 2, 3 ];{}
412;[ 2, 2, 2, 4 ];{}
412;[ 2, 2, 2, 5 ];{}
412;[ 2, 2, 2, 6 ];{}
412;[ 2, 2, 3, 3 ];{}
413;[ 2, 2, 2, 10 ];{}
413;[ 2, 2, 2, 3 ];{}
413;[ 2, 2, 2, 4 ];{}
413;[ 2, 2, 2, 5 ];{}
413;[ 2, 2, 2, 6 ];{}
413;[ 2, 2, 3, 3 ];{}
415;[ 2, 2, 2, 10 ];{}
415;[ 2, 2, 2, 3 ];{}
415;[ 2, 2, 2, 4 ];{}
415;[ 2, 2, 2, 5 ];{}
415;[ 2, 2, 2, 6 ];{}
415;[ 2, 2, 3, 3 ];{}
417;[ 2, 2, 2, 10 ];{}
417;[ 2, 2, 2, 3 ];{}
417;[ 2, 2, 2, 4 ];{}
417;[ 2, 2, 2, 5 ];{}
417;[ 2, 2, 2, 6 ];{}
417;[ 2, 2, 3, 3 ];{}
418;[ 2, 2, 2, 10 ];{}
418;[ 2, 2, 2, 3 ];{}
418;[ 2, 2, 2, 4 ];{}
418;[ 2, 2, 2, 5 ];{}
418;[ 2, 2, 2, 6 ];{}
418;[ 2, 2, 3, 3 ];{}
419;[ 2, 2, 2, 10 ];{}
419;[ 2, 2, 2, 3 ];{}
419;[ 2, 2, 2, 4 ];{}
419;[ 2, 2, 2, 5 ];{}
419;[ 2, 2, 2, 6 ];{}
419;[ 2, 2, 3, 3 ];{}
42;[ 2, 4, 12 ];{}
42;[ 2, 4, 60 ];{}
42;[ 2, 4, 8 ];{}
42;[ 3, 4, 4 ];{}
421;[ 2, 2, 2, 10 ];{}
421;[ 2, 2, 2, 3 ];{}
421;[ 2, 2, 2, 4 ];{}
421;[ 2, 2, 2, 5 ];{}
421;[ 2, 2, 2, 6 ];{}
421;[ 2, 2, 3, 3 ];{}
422;[ 2, 2, 2, 10 ];{}
422;[ 2, 2, 2, 3 ];{}
422;[ 2, 2, 2, 4 ];{}
422;[ 2, 2, 2, 5 ];{}
422;[ 2, 2, 2, 6 ];{}
422;[ 2, 2, 3, 3 ];{}
424;[ 2, 2, 2, 10 ];{}
424;[ 2, 2, 2, 3 ];{}
424;[ 2, 2, 2, 4 ];{}
424;[ 2, 2, 2, 5 ];{}
424;[ 2, 2, 2, 6 ];{}
424;[ 2, 2, 3, 3 ];{}
425;[ 2, 2, 2, 10 ];{}
425;[ 2, 2, 2, 3 ];{}
425;[ 2, 2, 2, 4 ];{}
425;[ 2, 2, 2, 5 ];{}
425;[ 2, 2, 2, 6 ];{}
425;[ 2, 2, 3, 3 ];{}
426;[ 2, 2, 2, 10 ];{}
426;[ 2, 2, 2, 3 ];{}
426;[ 2, 2, 2, 4 ];{}
426;[ 2, 2, 2, 5 ];{}
426;[ 2, 2, 2, 6 ];{}
426;[ 2, 2, 3, 3 ];{}
427;[ 2, 2, 2, 10 ];{}
427;[ 2, 2, 2, 3 ];{}
427;[ 2, 2, 2, 4 ];{}
427;[ 2, 2, 2, 5 ];{}
427;[ 2, 2, 2, 6 ];{}
427;[ 2, 2, 3, 3 ];{}
428;[ 2, 2, 2, 10 ];{}
428;[ 2, 2, 2, 3 ];{}
428;[ 2, 2, 2, 4 ];{}
428;[ 2, 2, 2, 5 ];{}
428;[ 2, 2, 2, 6 ];{}
428;[ 2, 2, 3, 3 ];{}
429;[ 2, 2, 2, 10 ];{}
429;[ 2, 2, 2, 3 ];{}
429;[ 2, 2, 2, 4 ];{}
429;[ 2, 2, 2, 5 ];{}
429;[ 2, 2, 2, 6 ];{}
429;[ 2, 2, 3, 3 ];{}
43;[ 2, 4, 12 ];{}
43;[ 2, 4, 60 ];{}
43;[ 2, 4, 8 ];{}
43;[ 3, 4, 4 ];{}
430;[ 2, 2, 2, 10 ];{}
430;[ 2, 2, 2, 3 ];{}
430;[ 2, 2, 2, 4 ];{}
430;[ 2, 2, 2, 5 ];{}
430;[ 2, 2, 2, 6 ];{}
430;[ 2, 2, 3, 3 ];{}
431;[ 2, 2, 2, 10 ];{}
431;[ 2, 2, 2, 3 ];{}
431;[ 2, 2, 2, 4 ];{}
431;[ 2, 2, 2, 5 ];{}
431;[ 2, 2, 2, 6 ];{}
431;[ 2, 2, 3, 3 ];{}
432;[ 2, 2, 2, 10 ];{}
432;[ 2, 2, 2, 3 ];{}
432;[ 2, 2, 2, 4 ];{}
432;[ 2, 2, 2, 5 ];{}
432;[ 2, 2, 2, 6 ];{}
432;[ 2, 2, 3, 3 ];{}
435;[ 2, 2, 2, 10 ];{}
435;[ 2, 2, 2, 3 ];{}
435;[ 2, 2, 2, 4 ];{}
435;[ 2, 2, 2, 5 ];{}
435;[ 2, 2, 2, 6 ];{}
435;[ 2, 2, 3, 3 ];{}
436;[ 2, 2, 2, 10 ];{}
436;[ 2, 2, 2, 3 ];{}
436;[ 2, 2, 2, 4 ];{}
436;[ 2, 2, 2, 5 ];{}
436;[ 2, 2, 2, 6 ];{}
436;[ 2, 2, 3, 3 ];{}
437;[ 2, 2, 2, 10 ];{}
437;[ 2, 2, 2, 3 ];{}
437;[ 2, 2, 2, 4 ];{}
437;[ 2, 2, 2, 5 ];{}
437;[ 2, 2, 2, 6 ];{}
437;[ 2, 2, 3, 3 ];{}
438;[ 2, 2, 2, 10 ];{}
438;[ 2, 2, 2, 3 ];{}
438;[ 2, 2, 2, 4 ];{}
438;[ 2, 2, 2, 5 ];{}
438;[ 2, 2, 2, 6 ];{}
438;[ 2, 2, 3, 3 ];{}
439;[ 2, 2, 2, 10 ];{}
439;[ 2, 2, 2, 3 ];{}
439;[ 2, 2, 2, 4 ];{}
439;[ 2, 2, 2, 5 ];{}
439;[ 2, 2, 2, 6 ];{}
439;[ 2, 2, 3, 3 ];{}
44;[ 2, 4, 12 ];{}
44;[ 2, 4, 60 ];{}
44;[ 2, 4, 8 ];{}
44;[ 3, 4, 4 ];{}
440;[ 2, 2, 2, 10 ];{}
440;[ 2, 2, 2, 3 ];{}
440;[ 2, 2, 2, 4 ];{}
440;[ 2, 2, 2, 5 ];{}
440;[ 2, 2, 2, 6 ];{}
440;[ 2, 2, 3, 3 ];{}
441;[ 2, 2, 2, 10 ];{}
441;[ 2, 2, 2, 3 ];{}
441;[ 2, 2, 2, 4 ];{}
441;[ 2, 2, 2, 5 ];{}
441;[ 2, 2, 2, 6 ];{}
441;[ 2, 2, 3, 3 ];{}
442;[ 2, 2, 2, 10 ];{}
442;[ 2, 2, 2, 3 ];{}
442;[ 2, 2, 2, 4 ];{}
442;[ 2, 2, 2, 5 ];{}
442;[ 2, 2, 2, 6 ];{}
442;[ 2, 2, 3, 3 ];{}
443;[ 2, 2, 2, 10 ];{}
443;[ 2, 2, 2, 3 ];{}
443;[ 2, 2, 2, 4 ];{}
443;[ 2, 2, 2, 5 ];{}
443;[ 2, 2, 2, 6 ];{}
443;[ 2, 2, 3, 3 ];{}
444;[ 2, 2, 2, 10 ];{}
444;[ 2, 2, 2, 3 ];{}
444;[ 2, 2, 2, 4 ];{}
444;[ 2, 2, 2, 5 ];{}
444;[ 2, 2, 2, 6 ];{}
444;[ 2, 2, 3, 3 ];{}
445;[ 2, 2, 2, 10 ];{}
445;[ 2, 2, 2, 3 ];{}
445;[ 2, 2, 2, 4 ];{}
445;[ 2, 2, 2, 5 ];{}
445;[ 2, 2, 2, 6 ];{}
445;[ 2, 2, 3, 3 ];{}
446;[ 2, 2, 2, 10 ];{}
446;[ 2, 2, 2, 3 ];{}
446;[ 2, 2, 2, 4 ];{}
446;[ 2, 2, 2, 5 ];{}
446;[ 2, 2, 2, 6 ];{}
446;[ 2, 2, 3, 3 ];{}
448;[ 2, 2, 2, 10 ];{}
448;[ 2, 2, 2, 3 ];{}
448;[ 2, 2, 2, 4 ];{}
448;[ 2, 2, 2, 5 ];{}
448;[ 2, 2, 2, 6 ];{}
448;[ 2, 2, 3, 3 ];{}
449;[ 2, 2, 2, 10 ];{}
449;[ 2, 2, 2, 3 ];{}
449;[ 2, 2, 2, 4 ];{}
449;[ 2, 2, 2, 5 ];{}
449;[ 2, 2, 2, 6 ];{}
449;[ 2, 2, 3, 3 ];{}
45;[ 2, 4, 12 ];{}
45;[ 2, 4, 60 ];{}
45;[ 2, 4, 8 ];{}
45;[ 3, 4, 4 ];{}
450;[ 2, 2, 2, 10 ];{}
450;[ 2, 2, 2, 3 ];{}
450;[ 2, 2, 2, 4 ];{}
450;[ 2, 2, 2, 5 ];{}
450;[ 2, 2, 2, 6 ];{}
450;[ 2, 2, 3, 3 ];{}
451;[ 2, 2, 2, 10 ];{}
451;[ 2, 2, 2, 3 ];{}
451;[ 2, 2, 2, 4 ];{}
451;[ 2, 2, 2, 5 ];{}
451;[ 2, 2, 2, 6 ];{}
451;[ 2, 2, 3, 3 ];{}
452;[ 2, 2, 2, 10 ];{}
452;[ 2, 2, 2, 3 ];{}
452;[ 2, 2, 2, 4 ];{}
452;[ 2, 2, 2, 5 ];{}
452;[ 2, 2, 2, 6 ];{}
452;[ 2, 2, 3, 3 ];{}
453;[ 2, 2, 2, 10 ];{}
453;[ 2, 2, 2, 3 ];{}
453;[ 2, 2, 2, 4 ];{}
453;[ 2, 2, 2, 5 ];{}
453;[ 2, 2, 2, 6 ];{}
453;[ 2, 2, 3, 3 ];{}
454;[ 2, 2, 2, 10 ];{}
454;[ 2, 2, 2, 3 ];{}
454;[ 2, 2, 2, 4 ];{}
454;[ 2, 2, 2, 5 ];{}
454;[ 2, 2, 2, 6 ];{}
454;[ 2, 2, 3, 3 ];{}
455;[ 2, 2, 2, 10 ];{}
455;[ 2, 2, 2, 3 ];{}
455;[ 2, 2, 2, 4 ];{}
455;[ 2, 2, 2, 5 ];{}
455;[ 2, 2, 2, 6 ];{}
455;[ 2, 2, 3, 3 ];{}
456;[ 2, 2, 2, 10 ];{}
456;[ 2, 2, 2, 3 ];{}
456;[ 2, 2, 2, 4 ];{}
456;[ 2, 2, 2, 5 ];{}
456;[ 2, 2, 2, 6 ];{}
456;[ 2, 2, 3, 3 ];{}
457;[ 2, 2, 2, 10 ];{}
457;[ 2, 2, 2, 3 ];{}
457;[ 2, 2, 2, 4 ];{}
457;[ 2, 2, 2, 5 ];{}
457;[ 2, 2, 2, 6 ];{}
457;[ 2, 2, 3, 3 ];{}
458;[ 2, 2, 2, 10 ];{}
458;[ 2, 2, 2, 3 ];{}
458;[ 2, 2, 2, 4 ];{}
458;[ 2, 2, 2, 5 ];{}
458;[ 2, 2, 2, 6 ];{}
458;[ 2, 2, 3, 3 ];{}
459;[ 2, 2, 2, 10 ];{}
459;[ 2, 2, 2, 3 ];{}
459;[ 2, 2, 2, 4 ];{}
459;[ 2, 2, 2, 5 ];{}
459;[ 2, 2, 2, 6 ];{}
459;[ 2, 2, 3, 3 ];{}
46;[ 2, 4, 12 ];{}
46;[ 2, 4, 60 ];{}
46;[ 2, 4, 8 ];{}
46;[ 3, 4, 4 ];{}
460;[ 2, 2, 2, 10 ];{}
460;[ 2, 2, 2, 3 ];{}
460;[ 2, 2, 2, 4 ];{}
460;[ 2, 2, 2, 5 ];{}
460;[ 2, 2, 2, 6 ];{}
460;[ 2, 2, 3, 3 ];{}
461;[ 2, 2, 2, 10 ];{}
461;[ 2, 2, 2, 3 ];{}
461;[ 2, 2, 2, 4 ];{}
461;[ 2, 2, 2, 5 ];{}
461;[ 2, 2, 2, 6 ];{}
461;[ 2, 2, 3, 3 ];{}
463;[ 2, 2, 2, 10 ];{}
463;[ 2, 2, 2, 3 ];{}
463;[ 2, 2, 2, 4 ];{}
463;[ 2, 2, 2, 5 ];{}
463;[ 2, 2, 2, 6 ];{}
463;[ 2, 2, 3, 3 ];{}
464;[ 2, 2, 2, 10 ];{}
464;[ 2, 2, 2, 3 ];{}
464;[ 2, 2, 2, 4 ];{}
464;[ 2, 2, 2, 5 ];{}
464;[ 2, 2, 2, 6 ];{}
464;[ 2, 2, 3, 3 ];{}
465;[ 2, 2, 2, 10 ];{}
465;[ 2, 2, 2, 3 ];{}
465;[ 2, 2, 2, 4 ];{}
465;[ 2, 2, 2, 5 ];{}
465;[ 2, 2, 2, 6 ];{}
465;[ 2, 2, 3, 3 ];{}
466;[ 2, 2, 2, 10 ];{}
466;[ 2, 2, 2, 3 ];{}
466;[ 2, 2, 2, 4 ];{}
466;[ 2, 2, 2, 5 ];{}
466;[ 2, 2, 2, 6 ];{}
466;[ 2, 2, 3, 3 ];{}
47;[ 2, 4, 12 ];{}
47;[ 2, 4, 60 ];{}
47;[ 2, 4, 8 ];{}
47;[ 3, 4, 4 ];{}
48;[ 2, 4, 12 ];{}
48;[ 2, 4, 60 ];{}
48;[ 2, 4, 8 ];{}
48;[ 3, 4, 4 ];{}
483;[ 2, 2, 2, 10 ];{}
483;[ 2, 2, 2, 3 ];{}
483;[ 2, 2, 2, 4 ];{}
483;[ 2, 2, 2, 5 ];{}
483;[ 2, 2, 2, 6 ];{}
483;[ 2, 2, 3, 3 ];{}
484;[ 2, 2, 2, 10 ];{}
484;[ 2, 2, 2, 3 ];{}
484;[ 2, 2, 2, 4 ];{}
484;[ 2, 2, 2, 5 ];{}
484;[ 2, 2, 2, 6 ];{}
484;[ 2, 2, 3, 3 ];{}
485;[ 2, 2, 2, 10 ];{}
485;[ 2, 2, 2, 3 ];{}
485;[ 2, 2, 2, 4 ];{}
485;[ 2, 2, 2, 5 ];{}
485;[ 2, 2, 2, 6 ];{}
485;[ 2, 2, 3, 3 ];{}
486;[ 2, 2, 2, 10 ];{}
486;[ 2, 2, 2, 3 ];{}
486;[ 2, 2, 2, 4 ];{}
486;[ 2, 2, 2, 5 ];{}
486;[ 2, 2, 2, 6 ];{}
486;[ 2, 2, 3, 3 ];{}
487;[ 2, 2, 2, 10 ];{}
487;[ 2, 2, 2, 3 ];{}
487;[ 2, 2, 2, 4 ];{}
487;[ 2, 2, 2, 5 ];{}
487;[ 2, 2, 2, 6 ];{}
487;[ 2, 2, 3, 3 ];{}
489;[ 2, 2, 2, 10 ];{}
489;[ 2, 2, 2, 3 ];{}
489;[ 2, 2, 2, 4 ];{}
489;[ 2, 2, 2, 5 ];{}
489;[ 2, 2, 2, 6 ];{}
489;[ 2, 2, 3, 3 ];{}
49;[ 2, 4, 12 ];{}
49;[ 2, 4, 60 ];{}
49;[ 2, 4, 8 ];{}
49;[ 3, 4, 4 ];{}
490;[ 2, 2, 2, 10 ];{}
490;[ 2, 2, 2, 3 ];{}
490;[ 2, 2, 2, 4 ];{}
490;[ 2, 2, 2, 5 ];{}
490;[ 2, 2, 2, 6 ];{}
490;[ 2, 2, 3, 3 ];{}
492;[ 2, 2, 2, 10 ];{}
492;[ 2, 2, 2, 3 ];{}
492;[ 2, 2, 2, 4 ];{}
492;[ 2, 2, 2, 5 ];{}
492;[ 2, 2, 2, 6 ];{}
492;[ 2, 2, 3, 3 ];{}
493;[ 2, 2, 2, 10 ];{}
493;[ 2, 2, 2, 3 ];{}
493;[ 2, 2, 2, 4 ];{}
493;[ 2, 2, 2, 5 ];{}
493;[ 2, 2, 2, 6 ];{}
493;[ 2, 2, 3, 3 ];{}
495;[ 2, 2, 2, 10 ];{}
495;[ 2, 2, 2, 3 ];{}
495;[ 2, 2, 2, 4 ];{}
495;[ 2, 2, 2, 5 ];{}
495;[ 2, 2, 2, 6 ];{}
495;[ 2, 2, 3, 3 ];{}
496;[ 2, 2, 2, 10 ];{}
496;[ 2, 2, 2, 3 ];{}
496;[ 2, 2, 2, 4 ];{}
496;[ 2, 2, 2, 5 ];{}
496;[ 2, 2, 2, 6 ];{}
496;[ 2, 2, 3, 3 ];{}
497;[ 2, 2, 2, 10 ];{}
497;[ 2, 2, 2, 3 ];{}
497;[ 2, 2, 2, 4 ];{}
497;[ 2, 2, 2, 5 ];{}
497;[ 2, 2, 2, 6 ];{}
497;[ 2, 2, 3, 3 ];{}
498;[ 2, 2, 2, 10 ];{}
498;[ 2, 2, 2, 3 ];{}
498;[ 2, 2, 2, 4 ];{}
498;[ 2, 2, 2, 5 ];{}
498;[ 2, 2, 2, 6 ];{}
498;[ 2, 2, 3, 3 ];{}
499;[ 2, 2, 2, 10 ];{}
499;[ 2, 2, 2, 3 ];{}
499;[ 2, 2, 2, 4 ];{}
499;[ 2, 2, 2, 5 ];{}
499;[ 2, 2, 2, 6 ];{}
499;[ 2, 2, 3, 3 ];{}
50;[ 2, 4, 12 ];{}
50;[ 2, 4, 60 ];{}
50;[ 2, 4, 8 ];{}
50;[ 3, 4, 4 ];{}
500;[ 2, 2, 2, 10 ];{}
500;[ 2, 2, 2, 3 ];{}
500;[ 2, 2, 2, 4 ];{}
500;[ 2, 2, 2, 5 ];{}
500;[ 2, 2, 2, 6 ];{}
500;[ 2, 2, 3, 3 ];{}
503;[ 2, 2, 2, 10 ];{}
503;[ 2, 2, 2, 3 ];{}
503;[ 2, 2, 2, 4 ];{}
503;[ 2, 2, 2, 5 ];{}
503;[ 2, 2, 2, 6 ];{}
503;[ 2, 2, 3, 3 ];{}
505;[ 2, 2, 2, 10 ];{}
505;[ 2, 2, 2, 3 ];{}
505;[ 2, 2, 2, 4 ];{}
505;[ 2, 2, 2, 5 ];{}
505;[ 2, 2, 2, 6 ];{}
505;[ 2, 2, 3, 3 ];{}
506;[ 2, 2, 2, 10 ];{}
506;[ 2, 2, 2, 3 ];{}
506;[ 2, 2, 2, 4 ];{}
506;[ 2, 2, 2, 5 ];{}
506;[ 2, 2, 2, 6 ];{}
506;[ 2, 2, 3, 3 ];{}
507;[ 2, 2, 2, 10 ];{}
507;[ 2, 2, 2, 3 ];{}
507;[ 2, 2, 2, 4 ];{}
507;[ 2, 2, 2, 5 ];{}
507;[ 2, 2, 2, 6 ];{}
507;[ 2, 2, 3, 3 ];{}
508;[ 2, 2, 2, 10 ];{}
508;[ 2, 2, 2, 3 ];{}
508;[ 2, 2, 2, 4 ];{}
508;[ 2, 2, 2, 5 ];{}
508;[ 2, 2, 2, 6 ];{}
508;[ 2, 2, 3, 3 ];{}
509;[ 2, 2, 2, 10 ];{}
509;[ 2, 2, 2, 3 ];{}
509;[ 2, 2, 2, 4 ];{}
509;[ 2, 2, 2, 5 ];{}
509;[ 2, 2, 2, 6 ];{}
509;[ 2, 2, 3, 3 ];{}
51;[ 2, 4, 12 ];{}
51;[ 2, 4, 60 ];{}
51;[ 2, 4, 8 ];{}
51;[ 3, 4, 4 ];{}
512;[ 2, 2, 2, 10 ];{}
512;[ 2, 2, 2, 3 ];{}
512;[ 2, 2, 2, 4 ];{}
512;[ 2, 2, 2, 5 ];{}
512;[ 2, 2, 2, 6 ];{}
512;[ 2, 2, 3, 3 ];{}
514;[ 2, 2, 2, 10 ];{}
514;[ 2, 2, 2, 3 ];{}
514;[ 2, 2, 2, 4 ];{}
514;[ 2, 2, 2, 5 ];{}
514;[ 2, 2, 2, 6 ];{}
514;[ 2, 2, 3, 3 ];{}
52;[ 2, 4, 12 ];{}
52;[ 2, 4, 60 ];{}
52;[ 2, 4, 8 ];{}
52;[ 3, 4, 4 ];{}
523;[ 2, 2, 2, 10 ];{}
523;[ 2, 2, 2, 3 ];{}
523;[ 2, 2, 2, 4 ];{}
523;[ 2, 2, 2, 5 ];{}
523;[ 2, 2, 2, 6 ];{}
523;[ 2, 2, 3, 3 ];{}
524;[ 2, 2, 2, 10 ];{}
524;[ 2, 2, 2, 3 ];{}
524;[ 2, 2, 2, 4 ];{}
524;[ 2, 2, 2, 5 ];{}
524;[ 2, 2, 2, 6 ];{}
524;[ 2, 2, 3, 3 ];{}
525;[ 2, 2, 2, 10 ];{}
525;[ 2, 2, 2, 3 ];{}
525;[ 2, 2, 2, 4 ];{}
525;[ 2, 2, 2, 5 ];{}
525;[ 2, 2, 2, 6 ];{}
525;[ 2, 2, 3, 3 ];{}
526;[ 2, 2, 2, 10 ];{}
526;[ 2, 2, 2, 3 ];{}
526;[ 2, 2, 2, 4 ];{}
526;[ 2, 2, 2, 5 ];{}
526;[ 2, 2, 2, 6 ];{}
526;[ 2, 2, 3, 3 ];{}
527;[ 2, 2, 2, 10 ];{[ $.2 * $.3 * $.5 * $.7^2, $.2 * $.6, $.1 * $.2 * $.4 * $.6^2 * $.7^3, $.1 * $.2 * $.3 * $.4 * $.5 * $.6 * $.7 ]}
527;[ 2, 2, 2, 3 ];{}
527;[ 2, 2, 2, 4 ];{}
527;[ 2, 2, 2, 5 ];{}
527;[ 2, 2, 2, 6 ];{}
527;[ 2, 2, 3, 3 ];{}
528;[ 2, 2, 2, 10 ];{}
528;[ 2, 2, 2, 3 ];{}
528;[ 2, 2, 2, 4 ];{}
528;[ 2, 2, 2, 5 ];{}
528;[ 2, 2, 2, 6 ];{}
528;[ 2, 2, 3, 3 ];{}
529;[ 2, 2, 2, 10 ];{}
529;[ 2, 2, 2, 3 ];{}
529;[ 2, 2, 2, 4 ];{}
529;[ 2, 2, 2, 5 ];{}
529;[ 2, 2, 2, 6 ];{}
529;[ 2, 2, 3, 3 ];{}
53;[ 2, 4, 12 ];{}
53;[ 2, 4, 60 ];{}
53;[ 2, 4, 8 ];{}
53;[ 3, 4, 4 ];{}
530;[ 2, 2, 2, 10 ];{}
530;[ 2, 2, 2, 3 ];{}
530;[ 2, 2, 2, 4 ];{}
530;[ 2, 2, 2, 5 ];{}
530;[ 2, 2, 2, 6 ];{}
530;[ 2, 2, 3, 3 ];{}
531;[ 2, 2, 2, 10 ];{}
531;[ 2, 2, 2, 3 ];{}
531;[ 2, 2, 2, 4 ];{}
531;[ 2, 2, 2, 5 ];{}
531;[ 2, 2, 2, 6 ];{}
531;[ 2, 2, 3, 3 ];{}
532;[ 2, 2, 2, 10 ];{}
532;[ 2, 2, 2, 3 ];{}
532;[ 2, 2, 2, 4 ];{}
532;[ 2, 2, 2, 5 ];{}
532;[ 2, 2, 2, 6 ];{}
532;[ 2, 2, 3, 3 ];{}
533;[ 2, 2, 2, 10 ];{}
533;[ 2, 2, 2, 3 ];{}
533;[ 2, 2, 2, 4 ];{}
533;[ 2, 2, 2, 5 ];{}
533;[ 2, 2, 2, 6 ];{}
533;[ 2, 2, 3, 3 ];{}
534;[ 2, 2, 2, 10 ];{}
534;[ 2, 2, 2, 3 ];{}
534;[ 2, 2, 2, 4 ];{}
534;[ 2, 2, 2, 5 ];{}
534;[ 2, 2, 2, 6 ];{[ $.1 * $.3 * $.4 * $.6^2 * $.7, $.1 * $.7, $.1 * $.2 * $.4 * $.5 * $.6^2, $.1 * $.2 * $.3 * $.5 ]}
534;[ 2, 2, 3, 3 ];{}
535;[ 2, 2, 2, 10 ];{}
535;[ 2, 2, 2, 3 ];{}
535;[ 2, 2, 2, 4 ];{}
535;[ 2, 2, 2, 5 ];{}
535;[ 2, 2, 2, 6 ];{}
535;[ 2, 2, 3, 3 ];{}
536;[ 2, 2, 2, 10 ];{}
536;[ 2, 2, 2, 3 ];{}
536;[ 2, 2, 2, 4 ];{}
536;[ 2, 2, 2, 5 ];{}
536;[ 2, 2, 2, 6 ];{}
536;[ 2, 2, 3, 3 ];{}
537;[ 2, 2, 2, 10 ];{}
537;[ 2, 2, 2, 3 ];{}
537;[ 2, 2, 2, 4 ];{}
537;[ 2, 2, 2, 5 ];{}
537;[ 2, 2, 2, 6 ];{}
537;[ 2, 2, 3, 3 ];{}
538;[ 2, 2, 2, 10 ];{}
538;[ 2, 2, 2, 3 ];{}
538;[ 2, 2, 2, 4 ];{}
538;[ 2, 2, 2, 5 ];{}
538;[ 2, 2, 2, 6 ];{}
538;[ 2, 2, 3, 3 ];{}
539;[ 2, 2, 2, 10 ];{}
539;[ 2, 2, 2, 3 ];{}
539;[ 2, 2, 2, 4 ];{}
539;[ 2, 2, 2, 5 ];{}
539;[ 2, 2, 2, 6 ];{}
539;[ 2, 2, 3, 3 ];{}
54;[ 2, 4, 12 ];{}
54;[ 2, 4, 60 ];{}
54;[ 2, 4, 8 ];{}
54;[ 3, 4, 4 ];{}
540;[ 2, 2, 2, 10 ];{}
540;[ 2, 2, 2, 3 ];{}
540;[ 2, 2, 2, 4 ];{}
540;[ 2, 2, 2, 5 ];{}
540;[ 2, 2, 2, 6 ];{}
540;[ 2, 2, 3, 3 ];{}
541;[ 2, 2, 2, 10 ];{}
541;[ 2, 2, 2, 3 ];{}
541;[ 2, 2, 2, 4 ];{}
541;[ 2, 2, 2, 5 ];{}
541;[ 2, 2, 2, 6 ];{}
541;[ 2, 2, 3, 3 ];{}
542;[ 2, 2, 2, 10 ];{}
542;[ 2, 2, 2, 3 ];{}
542;[ 2, 2, 2, 4 ];{}
542;[ 2, 2, 2, 5 ];{}
542;[ 2, 2, 2, 6 ];{}
542;[ 2, 2, 3, 3 ];{}
544;[ 2, 2, 2, 10 ];{}
544;[ 2, 2, 2, 3 ];{}
544;[ 2, 2, 2, 4 ];{}
544;[ 2, 2, 2, 5 ];{}
544;[ 2, 2, 2, 6 ];{}
544;[ 2, 2, 3, 3 ];{}
545;[ 2, 2, 2, 10 ];{}
545;[ 2, 2, 2, 3 ];{}
545;[ 2, 2, 2, 4 ];{}
545;[ 2, 2, 2, 5 ];{}
545;[ 2, 2, 2, 6 ];{}
545;[ 2, 2, 3, 3 ];{}
546;[ 2, 2, 2, 10 ];{}
546;[ 2, 2, 2, 3 ];{}
546;[ 2, 2, 2, 4 ];{}
546;[ 2, 2, 2, 5 ];{}
546;[ 2, 2, 2, 6 ];{}
546;[ 2, 2, 3, 3 ];{}
55;[ 2, 4, 12 ];{}
55;[ 2, 4, 60 ];{}
55;[ 2, 4, 8 ];{}
55;[ 3, 4, 4 ];{}
550;[ 2, 2, 2, 10 ];{}
550;[ 2, 2, 2, 3 ];{}
550;[ 2, 2, 2, 4 ];{}
550;[ 2, 2, 2, 5 ];{}
550;[ 2, 2, 2, 6 ];{}
550;[ 2, 2, 3, 3 ];{}
551;[ 2, 2, 2, 10 ];{}
551;[ 2, 2, 2, 3 ];{}
551;[ 2, 2, 2, 4 ];{}
551;[ 2, 2, 2, 5 ];{}
551;[ 2, 2, 2, 6 ];{}
551;[ 2, 2, 3, 3 ];{}
552;[ 2, 2, 2, 10 ];{}
552;[ 2, 2, 2, 3 ];{}
552;[ 2, 2, 2, 4 ];{}
552;[ 2, 2, 2, 5 ];{}
552;[ 2, 2, 2, 6 ];{}
552;[ 2, 2, 3, 3 ];{}
553;[ 2, 2, 2, 10 ];{}
553;[ 2, 2, 2, 3 ];{}
553;[ 2, 2, 2, 4 ];{}
553;[ 2, 2, 2, 5 ];{}
553;[ 2, 2, 2, 6 ];{}
553;[ 2, 2, 2, 8 ];{}
553;[ 2, 2, 3, 3 ];{}
554;[ 2, 2, 2, 10 ];{}
554;[ 2, 2, 2, 3 ];{}
554;[ 2, 2, 2, 4 ];{}
554;[ 2, 2, 2, 5 ];{}
554;[ 2, 2, 2, 6 ];{}
554;[ 2, 2, 2, 8 ];{}
554;[ 2, 2, 3, 3 ];{}
555;[ 2, 2, 2, 10 ];{}
555;[ 2, 2, 2, 3 ];{}
555;[ 2, 2, 2, 4 ];{}
555;[ 2, 2, 2, 5 ];{}
555;[ 2, 2, 2, 6 ];{}
555;[ 2, 2, 2, 8 ];{}
555;[ 2, 2, 3, 3 ];{}
556;[ 2, 2, 2, 10 ];{}
556;[ 2, 2, 2, 3 ];{}
556;[ 2, 2, 2, 4 ];{}
556;[ 2, 2, 2, 5 ];{}
556;[ 2, 2, 2, 6 ];{}
556;[ 2, 2, 2, 8 ];{}
556;[ 2, 2, 3, 3 ];{}
557;[ 2, 2, 2, 10 ];{}
557;[ 2, 2, 2, 3 ];{}
557;[ 2, 2, 2, 4 ];{}
557;[ 2, 2, 2, 5 ];{}
557;[ 2, 2, 2, 6 ];{}
557;[ 2, 2, 2, 8 ];{}
557;[ 2, 2, 3, 3 ];{}
558;[ 2, 2, 2, 10 ];{}
558;[ 2, 2, 2, 3 ];{}
558;[ 2, 2, 2, 4 ];{}
558;[ 2, 2, 2, 5 ];{}
558;[ 2, 2, 2, 6 ];{}
558;[ 2, 2, 2, 8 ];{}
558;[ 2, 2, 3, 3 ];{}
559;[ 2, 2, 2, 10 ];{}
559;[ 2, 2, 2, 3 ];{}
559;[ 2, 2, 2, 4 ];{}
559;[ 2, 2, 2, 5 ];{}
559;[ 2, 2, 2, 6 ];{}
559;[ 2, 2, 2, 8 ];{}
559;[ 2, 2, 3, 3 ];{}
56;[ 2, 4, 12 ];{}
56;[ 2, 4, 60 ];{}
56;[ 2, 4, 8 ];{}
56;[ 3, 4, 4 ];{}
560;[ 2, 2, 2, 10 ];{}
560;[ 2, 2, 2, 3 ];{}
560;[ 2, 2, 2, 4 ];{}
560;[ 2, 2, 2, 5 ];{}
560;[ 2, 2, 2, 6 ];{}
560;[ 2, 2, 2, 8 ];{}
560;[ 2, 2, 3, 3 ];{}
561;[ 2, 2, 2, 10 ];{}
561;[ 2, 2, 2, 3 ];{}
561;[ 2, 2, 2, 4 ];{}
561;[ 2, 2, 2, 5 ];{}
561;[ 2, 2, 2, 6 ];{}
561;[ 2, 2, 2, 8 ];{}
561;[ 2, 2, 3, 3 ];{}
562;[ 2, 2, 2, 10 ];{}
562;[ 2, 2, 2, 3 ];{}
562;[ 2, 2, 2, 4 ];{}
562;[ 2, 2, 2, 5 ];{}
562;[ 2, 2, 2, 6 ];{}
562;[ 2, 2, 2, 8 ];{}
562;[ 2, 2, 3, 3 ];{}
563;[ 2, 2, 2, 10 ];{}
563;[ 2, 2, 2, 3 ];{}
563;[ 2, 2, 2, 4 ];{}
563;[ 2, 2, 2, 5 ];{}
563;[ 2, 2, 2, 6 ];{}
563;[ 2, 2, 2, 8 ];{}
563;[ 2, 2, 3, 3 ];{}
564;[ 2, 2, 2, 10 ];{}
564;[ 2, 2, 2, 3 ];{}
564;[ 2, 2, 2, 4 ];{}
564;[ 2, 2, 2, 5 ];{}
564;[ 2, 2, 2, 6 ];{}
564;[ 2, 2, 2, 8 ];{}
564;[ 2, 2, 3, 3 ];{}
565;[ 2, 2, 2, 10 ];{}
565;[ 2, 2, 2, 3 ];{}
565;[ 2, 2, 2, 4 ];{}
565;[ 2, 2, 2, 5 ];{}
565;[ 2, 2, 2, 6 ];{}
565;[ 2, 2, 2, 8 ];{}
565;[ 2, 2, 3, 3 ];{}
566;[ 2, 2, 2, 10 ];{}
566;[ 2, 2, 2, 3 ];{}
566;[ 2, 2, 2, 4 ];{}
566;[ 2, 2, 2, 5 ];{}
566;[ 2, 2, 2, 6 ];{}
566;[ 2, 2, 2, 8 ];{}
566;[ 2, 2, 3, 3 ];{}
567;[ 2, 2, 2, 10 ];{}
567;[ 2, 2, 2, 3 ];{}
567;[ 2, 2, 2, 4 ];{}
567;[ 2, 2, 2, 5 ];{}
567;[ 2, 2, 2, 6 ];{}
567;[ 2, 2, 2, 8 ];{}
567;[ 2, 2, 3, 3 ];{}
568;[ 2, 2, 2, 10 ];{}
568;[ 2, 2, 2, 3 ];{}
568;[ 2, 2, 2, 4 ];{}
568;[ 2, 2, 2, 5 ];{}
568;[ 2, 2, 2, 6 ];{}
568;[ 2, 2, 2, 8 ];{}
568;[ 2, 2, 3, 3 ];{}
569;[ 2, 2, 2, 10 ];{}
569;[ 2, 2, 2, 3 ];{}
569;[ 2, 2, 2, 4 ];{}
569;[ 2, 2, 2, 5 ];{}
569;[ 2, 2, 2, 6 ];{}
569;[ 2, 2, 2, 8 ];{}
569;[ 2, 2, 3, 3 ];{}
57;[ 2, 4, 12 ];{}
57;[ 2, 4, 60 ];{}
57;[ 2, 4, 8 ];{}
57;[ 3, 4, 4 ];{}
570;[ 2, 2, 2, 10 ];{}
570;[ 2, 2, 2, 3 ];{}
570;[ 2, 2, 2, 4 ];{}
570;[ 2, 2, 2, 5 ];{}
570;[ 2, 2, 2, 6 ];{}
570;[ 2, 2, 2, 8 ];{}
570;[ 2, 2, 3, 3 ];{}
571;[ 2, 2, 2, 10 ];{}
571;[ 2, 2, 2, 3 ];{}
571;[ 2, 2, 2, 4 ];{}
571;[ 2, 2, 2, 5 ];{}
571;[ 2, 2, 2, 6 ];{}
571;[ 2, 2, 2, 8 ];{}
571;[ 2, 2, 3, 3 ];{}
572;[ 2, 2, 2, 10 ];{}
572;[ 2, 2, 2, 3 ];{}
572;[ 2, 2, 2, 4 ];{}
572;[ 2, 2, 2, 5 ];{}
572;[ 2, 2, 2, 6 ];{}
572;[ 2, 2, 2, 8 ];{}
572;[ 2, 2, 3, 3 ];{}
573;[ 2, 2, 2, 10 ];{}
573;[ 2, 2, 2, 3 ];{}
573;[ 2, 2, 2, 4 ];{}
573;[ 2, 2, 2, 5 ];{}
573;[ 2, 2, 2, 6 ];{}
573;[ 2, 2, 2, 8 ];{}
573;[ 2, 2, 3, 3 ];{}
574;[ 2, 2, 2, 10 ];{}
574;[ 2, 2, 2, 3 ];{}
574;[ 2, 2, 2, 4 ];{}
574;[ 2, 2, 2, 5 ];{}
574;[ 2, 2, 2, 6 ];{}
574;[ 2, 2, 2, 8 ];{}
574;[ 2, 2, 3, 3 ];{}
575;[ 2, 2, 2, 10 ];{}
575;[ 2, 2, 2, 3 ];{}
575;[ 2, 2, 2, 4 ];{}
575;[ 2, 2, 2, 5 ];{}
575;[ 2, 2, 2, 6 ];{}
575;[ 2, 2, 2, 8 ];{}
575;[ 2, 2, 3, 3 ];{}
576;[ 2, 2, 2, 10 ];{}
576;[ 2, 2, 2, 3 ];{}
576;[ 2, 2, 2, 4 ];{}
576;[ 2, 2, 2, 5 ];{}
576;[ 2, 2, 2, 6 ];{}
576;[ 2, 2, 2, 8 ];{}
576;[ 2, 2, 3, 3 ];{}
577;[ 2, 2, 2, 10 ];{}
577;[ 2, 2, 2, 3 ];{}
577;[ 2, 2, 2, 4 ];{}
577;[ 2, 2, 2, 5 ];{}
577;[ 2, 2, 2, 6 ];{}
577;[ 2, 2, 2, 8 ];{}
577;[ 2, 2, 3, 3 ];{}
578;[ 2, 2, 2, 10 ];{}
578;[ 2, 2, 2, 3 ];{}
578;[ 2, 2, 2, 4 ];{}
578;[ 2, 2, 2, 5 ];{}
578;[ 2, 2, 2, 6 ];{}
578;[ 2, 2, 2, 8 ];{}
578;[ 2, 2, 3, 3 ];{}
579;[ 2, 2, 2, 10 ];{}
579;[ 2, 2, 2, 3 ];{}
579;[ 2, 2, 2, 4 ];{}
579;[ 2, 2, 2, 5 ];{}
579;[ 2, 2, 2, 6 ];{}
579;[ 2, 2, 2, 8 ];{}
579;[ 2, 2, 3, 3 ];{}
580;[ 2, 2, 2, 10 ];{}
580;[ 2, 2, 2, 3 ];{}
580;[ 2, 2, 2, 4 ];{}
580;[ 2, 2, 2, 5 ];{}
580;[ 2, 2, 2, 6 ];{}
580;[ 2, 2, 2, 8 ];{}
580;[ 2, 2, 3, 3 ];{}
581;[ 2, 2, 2, 10 ];{}
581;[ 2, 2, 2, 3 ];{}
581;[ 2, 2, 2, 4 ];{}
581;[ 2, 2, 2, 5 ];{}
581;[ 2, 2, 2, 6 ];{}
581;[ 2, 2, 2, 8 ];{}
581;[ 2, 2, 3, 3 ];{}
582;[ 2, 2, 2, 10 ];{}
582;[ 2, 2, 2, 3 ];{}
582;[ 2, 2, 2, 4 ];{}
582;[ 2, 2, 2, 5 ];{}
582;[ 2, 2, 2, 6 ];{}
582;[ 2, 2, 2, 8 ];{}
582;[ 2, 2, 3, 3 ];{}
583;[ 2, 2, 2, 10 ];{}
583;[ 2, 2, 2, 3 ];{}
583;[ 2, 2, 2, 4 ];{}
583;[ 2, 2, 2, 5 ];{}
583;[ 2, 2, 2, 6 ];{}
583;[ 2, 2, 2, 8 ];{}
583;[ 2, 2, 3, 3 ];{}
584;[ 2, 2, 2, 10 ];{}
584;[ 2, 2, 2, 3 ];{}
584;[ 2, 2, 2, 4 ];{}
584;[ 2, 2, 2, 5 ];{}
584;[ 2, 2, 2, 6 ];{}
584;[ 2, 2, 2, 8 ];{}
584;[ 2, 2, 3, 3 ];{}
585;[ 2, 2, 2, 10 ];{}
585;[ 2, 2, 2, 3 ];{}
585;[ 2, 2, 2, 4 ];{}
585;[ 2, 2, 2, 5 ];{}
585;[ 2, 2, 2, 6 ];{}
585;[ 2, 2, 2, 8 ];{}
585;[ 2, 2, 3, 3 ];{}
586;[ 2, 2, 2, 10 ];{}
586;[ 2, 2, 2, 3 ];{}
586;[ 2, 2, 2, 4 ];{}
586;[ 2, 2, 2, 5 ];{}
586;[ 2, 2, 2, 6 ];{}
586;[ 2, 2, 2, 8 ];{}
586;[ 2, 2, 3, 3 ];{}
587;[ 2, 2, 2, 10 ];{}
587;[ 2, 2, 2, 3 ];{}
587;[ 2, 2, 2, 4 ];{}
587;[ 2, 2, 2, 5 ];{}
587;[ 2, 2, 2, 6 ];{}
587;[ 2, 2, 2, 8 ];{}
587;[ 2, 2, 3, 3 ];{}
588;[ 2, 2, 2, 10 ];{}
588;[ 2, 2, 2, 3 ];{}
588;[ 2, 2, 2, 4 ];{}
588;[ 2, 2, 2, 5 ];{}
588;[ 2, 2, 2, 6 ];{}
588;[ 2, 2, 2, 8 ];{}
588;[ 2, 2, 3, 3 ];{}
589;[ 2, 2, 2, 10 ];{}
589;[ 2, 2, 2, 3 ];{}
589;[ 2, 2, 2, 4 ];{}
589;[ 2, 2, 2, 5 ];{}
589;[ 2, 2, 2, 6 ];{}
589;[ 2, 2, 2, 8 ];{}
589;[ 2, 2, 3, 3 ];{}
590;[ 2, 2, 2, 10 ];{}
590;[ 2, 2, 2, 3 ];{}
590;[ 2, 2, 2, 4 ];{}
590;[ 2, 2, 2, 5 ];{}
590;[ 2, 2, 2, 6 ];{}
590;[ 2, 2, 2, 8 ];{}
590;[ 2, 2, 3, 3 ];{}
591;[ 2, 2, 2, 10 ];{}
591;[ 2, 2, 2, 3 ];{}
591;[ 2, 2, 2, 4 ];{}
591;[ 2, 2, 2, 5 ];{}
591;[ 2, 2, 2, 6 ];{}
591;[ 2, 2, 2, 8 ];{}
591;[ 2, 2, 3, 3 ];{}
592;[ 2, 2, 2, 10 ];{}
592;[ 2, 2, 2, 3 ];{}
592;[ 2, 2, 2, 4 ];{}
592;[ 2, 2, 2, 5 ];{}
592;[ 2, 2, 2, 6 ];{}
592;[ 2, 2, 2, 8 ];{}
592;[ 2, 2, 3, 3 ];{}
593;[ 2, 2, 2, 10 ];{}
593;[ 2, 2, 2, 3 ];{}
593;[ 2, 2, 2, 4 ];{}
593;[ 2, 2, 2, 5 ];{}
593;[ 2, 2, 2, 6 ];{}
593;[ 2, 2, 2, 8 ];{}
593;[ 2, 2, 3, 3 ];{}
594;[ 2, 2, 2, 10 ];{}
594;[ 2, 2, 2, 3 ];{}
594;[ 2, 2, 2, 4 ];{}
594;[ 2, 2, 2, 5 ];{}
594;[ 2, 2, 2, 6 ];{}
594;[ 2, 2, 2, 8 ];{}
594;[ 2, 2, 3, 3 ];{}
595;[ 2, 2, 2, 10 ];{}
595;[ 2, 2, 2, 3 ];{}
595;[ 2, 2, 2, 4 ];{}
595;[ 2, 2, 2, 5 ];{}
595;[ 2, 2, 2, 6 ];{}
595;[ 2, 2, 2, 8 ];{}
595;[ 2, 2, 3, 3 ];{}
596;[ 2, 2, 2, 10 ];{}
596;[ 2, 2, 2, 3 ];{}
596;[ 2, 2, 2, 4 ];{}
596;[ 2, 2, 2, 5 ];{}
596;[ 2, 2, 2, 6 ];{}
596;[ 2, 2, 2, 8 ];{}
596;[ 2, 2, 3, 3 ];{}
597;[ 2, 2, 2, 10 ];{}
597;[ 2, 2, 2, 3 ];{}
597;[ 2, 2, 2, 4 ];{}
597;[ 2, 2, 2, 5 ];{}
597;[ 2, 2, 2, 6 ];{}
597;[ 2, 2, 2, 8 ];{}
597;[ 2, 2, 3, 3 ];{}
598;[ 2, 2, 2, 10 ];{}
598;[ 2, 2, 2, 3 ];{}
598;[ 2, 2, 2, 4 ];{}
598;[ 2, 2, 2, 5 ];{}
598;[ 2, 2, 2, 6 ];{}
598;[ 2, 2, 2, 8 ];{}
598;[ 2, 2, 3, 3 ];{}
599;[ 2, 2, 2, 10 ];{}
599;[ 2, 2, 2, 3 ];{}
599;[ 2, 2, 2, 4 ];{}
599;[ 2, 2, 2, 5 ];{}
599;[ 2, 2, 2, 6 ];{}
599;[ 2, 2, 2, 8 ];{}
599;[ 2, 2, 3, 3 ];{}
600;[ 2, 2, 2, 10 ];{}
600;[ 2, 2, 2, 3 ];{}
600;[ 2, 2, 2, 4 ];{}
600;[ 2, 2, 2, 5 ];{}
600;[ 2, 2, 2, 6 ];{}
600;[ 2, 2, 2, 8 ];{}
600;[ 2, 2, 3, 3 ];{}
601;[ 2, 2, 2, 10 ];{}
601;[ 2, 2, 2, 3 ];{}
601;[ 2, 2, 2, 4 ];{}
601;[ 2, 2, 2, 5 ];{}
601;[ 2, 2, 2, 6 ];{}
601;[ 2, 2, 3, 3 ];{}
602;[ 2, 2, 2, 10 ];{}
602;[ 2, 2, 2, 3 ];{}
602;[ 2, 2, 2, 4 ];{}
602;[ 2, 2, 2, 5 ];{}
602;[ 2, 2, 2, 6 ];{}
602;[ 2, 2, 3, 3 ];{}
606;[ 2, 2, 2, 10 ];{}
606;[ 2, 2, 2, 3 ];{}
606;[ 2, 2, 2, 4 ];{}
606;[ 2, 2, 2, 5 ];{}
606;[ 2, 2, 2, 6 ];{}
606;[ 2, 2, 3, 3 ];{}
607;[ 2, 2, 2, 10 ];{}
607;[ 2, 2, 2, 3 ];{}
607;[ 2, 2, 2, 4 ];{}
607;[ 2, 2, 2, 5 ];{}
607;[ 2, 2, 2, 6 ];{}
607;[ 2, 2, 3, 3 ];{}
609;[ 2, 2, 2, 10 ];{}
609;[ 2, 2, 2, 3 ];{}
609;[ 2, 2, 2, 4 ];{}
609;[ 2, 2, 2, 5 ];{}
609;[ 2, 2, 2, 6 ];{}
609;[ 2, 2, 3, 3 ];{}
61;[ 2, 4, 12 ];{}
61;[ 2, 4, 60 ];{}
61;[ 2, 4, 8 ];{}
61;[ 3, 4, 4 ];{}
610;[ 2, 2, 2, 10 ];{}
610;[ 2, 2, 2, 3 ];{}
610;[ 2, 2, 2, 4 ];{}
610;[ 2, 2, 2, 5 ];{}
610;[ 2, 2, 2, 6 ];{}
610;[ 2, 2, 3, 3 ];{}
612;[ 2, 2, 2, 10 ];{}
612;[ 2, 2, 2, 3 ];{}
612;[ 2, 2, 2, 4 ];{}
612;[ 2, 2, 2, 5 ];{}
612;[ 2, 2, 2, 6 ];{}
612;[ 2, 2, 3, 3 ];{}
613;[ 2, 2, 2, 10 ];{}
613;[ 2, 2, 2, 3 ];{}
613;[ 2, 2, 2, 4 ];{}
613;[ 2, 2, 2, 5 ];{}
613;[ 2, 2, 2, 6 ];{}
613;[ 2, 2, 3, 3 ];{}
615;[ 2, 2, 2, 10 ];{}
615;[ 2, 2, 2, 3 ];{}
615;[ 2, 2, 2, 4 ];{}
615;[ 2, 2, 2, 5 ];{}
615;[ 2, 2, 2, 6 ];{}
615;[ 2, 2, 3, 3 ];{}
618;[ 2, 2, 2, 10 ];{}
618;[ 2, 2, 2, 3 ];{}
618;[ 2, 2, 2, 4 ];{}
618;[ 2, 2, 2, 5 ];{}
618;[ 2, 2, 2, 6 ];{}
618;[ 2, 2, 3, 3 ];{}
619;[ 2, 2, 2, 10 ];{}
619;[ 2, 2, 2, 3 ];{}
619;[ 2, 2, 2, 4 ];{}
619;[ 2, 2, 2, 5 ];{}
619;[ 2, 2, 2, 6 ];{}
619;[ 2, 2, 3, 3 ];{}
62;[ 2, 4, 12 ];{}
62;[ 2, 4, 60 ];{}
62;[ 2, 4, 8 ];{}
62;[ 3, 4, 4 ];{}
622;[ 2, 2, 2, 10 ];{}
622;[ 2, 2, 2, 3 ];{}
622;[ 2, 2, 2, 4 ];{}
622;[ 2, 2, 2, 5 ];{}
622;[ 2, 2, 2, 6 ];{}
622;[ 2, 2, 3, 3 ];{}
624;[ 2, 2, 2, 10 ];{}
624;[ 2, 2, 2, 3 ];{}
624;[ 2, 2, 2, 4 ];{}
624;[ 2, 2, 2, 5 ];{}
624;[ 2, 2, 2, 6 ];{}
624;[ 2, 2, 3, 3 ];{}
625;[ 2, 2, 2, 10 ];{}
625;[ 2, 2, 2, 3 ];{}
625;[ 2, 2, 2, 4 ];{}
625;[ 2, 2, 2, 5 ];{}
625;[ 2, 2, 2, 6 ];{}
625;[ 2, 2, 3, 3 ];{}
626;[ 2, 2, 2, 10 ];{}
626;[ 2, 2, 2, 3 ];{}
626;[ 2, 2, 2, 4 ];{}
626;[ 2, 2, 2, 5 ];{}
626;[ 2, 2, 2, 6 ];{}
626;[ 2, 2, 3, 3 ];{}
63;[ 2, 4, 12 ];{}
63;[ 2, 4, 60 ];{}
63;[ 2, 4, 8 ];{}
63;[ 3, 4, 4 ];{}
631;[ 2, 2, 2, 10 ];{}
631;[ 2, 2, 2, 3 ];{}
631;[ 2, 2, 2, 4 ];{}
631;[ 2, 2, 2, 5 ];{}
631;[ 2, 2, 2, 6 ];{}
631;[ 2, 2, 3, 3 ];{}
633;[ 2, 2, 2, 10 ];{}
633;[ 2, 2, 2, 3 ];{}
633;[ 2, 2, 2, 4 ];{}
633;[ 2, 2, 2, 5 ];{}
633;[ 2, 2, 2, 6 ];{}
633;[ 2, 2, 3, 3 ];{}
634;[ 2, 2, 2, 10 ];{}
634;[ 2, 2, 2, 3 ];{}
634;[ 2, 2, 2, 4 ];{}
634;[ 2, 2, 2, 5 ];{}
634;[ 2, 2, 2, 6 ];{}
634;[ 2, 2, 3, 3 ];{}
638;[ 2, 2, 2, 10 ];{}
638;[ 2, 2, 2, 3 ];{}
638;[ 2, 2, 2, 4 ];{}
638;[ 2, 2, 2, 5 ];{}
638;[ 2, 2, 2, 6 ];{}
638;[ 2, 2, 3, 3 ];{}
639;[ 2, 2, 2, 10 ];{}
639;[ 2, 2, 2, 3 ];{}
639;[ 2, 2, 2, 4 ];{}
639;[ 2, 2, 2, 5 ];{}
639;[ 2, 2, 2, 6 ];{}
639;[ 2, 2, 3, 3 ];{}
64;[ 2, 4, 12 ];{}
64;[ 2, 4, 60 ];{}
64;[ 2, 4, 8 ];{}
64;[ 3, 4, 4 ];{}
640;[ 2, 2, 2, 10 ];{}
640;[ 2, 2, 2, 3 ];{}
640;[ 2, 2, 2, 4 ];{}
640;[ 2, 2, 2, 5 ];{}
640;[ 2, 2, 2, 6 ];{}
640;[ 2, 2, 3, 3 ];{}
641;[ 2, 2, 2, 10 ];{}
641;[ 2, 2, 2, 3 ];{}
641;[ 2, 2, 2, 4 ];{}
641;[ 2, 2, 2, 5 ];{}
641;[ 2, 2, 2, 6 ];{}
641;[ 2, 2, 3, 3 ];{}
642;[ 2, 2, 2, 10 ];{}
642;[ 2, 2, 2, 3 ];{}
642;[ 2, 2, 2, 4 ];{}
642;[ 2, 2, 2, 5 ];{}
642;[ 2, 2, 2, 6 ];{}
642;[ 2, 2, 3, 3 ];{}
643;[ 2, 2, 2, 10 ];{}
643;[ 2, 2, 2, 3 ];{}
643;[ 2, 2, 2, 4 ];{}
643;[ 2, 2, 2, 5 ];{}
643;[ 2, 2, 2, 6 ];{}
643;[ 2, 2, 3, 3 ];{}
644;[ 2, 2, 2, 10 ];{}
644;[ 2, 2, 2, 3 ];{}
644;[ 2, 2, 2, 4 ];{}
644;[ 2, 2, 2, 5 ];{}
644;[ 2, 2, 2, 6 ];{}
644;[ 2, 2, 3, 3 ];{}
645;[ 2, 2, 2, 10 ];{}
645;[ 2, 2, 2, 3 ];{}
645;[ 2, 2, 2, 4 ];{}
645;[ 2, 2, 2, 5 ];{}
645;[ 2, 2, 2, 6 ];{}
645;[ 2, 2, 3, 3 ];{}
646;[ 2, 2, 2, 10 ];{}
646;[ 2, 2, 2, 3 ];{}
646;[ 2, 2, 2, 4 ];{}
646;[ 2, 2, 2, 5 ];{}
646;[ 2, 2, 2, 6 ];{}
646;[ 2, 2, 3, 3 ];{}
647;[ 2, 2, 2, 10 ];{}
647;[ 2, 2, 2, 3 ];{}
647;[ 2, 2, 2, 4 ];{}
647;[ 2, 2, 2, 5 ];{}
647;[ 2, 2, 2, 6 ];{}
647;[ 2, 2, 3, 3 ];{}
648;[ 2, 2, 2, 10 ];{}
648;[ 2, 2, 2, 3 ];{}
648;[ 2, 2, 2, 4 ];{}
648;[ 2, 2, 2, 5 ];{}
648;[ 2, 2, 2, 6 ];{}
648;[ 2, 2, 3, 3 ];{}
649;[ 2, 2, 2, 10 ];{}
649;[ 2, 2, 2, 3 ];{}
649;[ 2, 2, 2, 4 ];{}
649;[ 2, 2, 2, 5 ];{}
649;[ 2, 2, 2, 6 ];{}
649;[ 2, 2, 3, 3 ];{}
65;[ 2, 4, 12 ];{}
65;[ 2, 4, 60 ];{}
65;[ 2, 4, 8 ];{}
65;[ 3, 4, 4 ];{}
650;[ 2, 2, 2, 10 ];{}
650;[ 2, 2, 2, 3 ];{}
650;[ 2, 2, 2, 4 ];{}
650;[ 2, 2, 2, 5 ];{}
650;[ 2, 2, 2, 6 ];{}
650;[ 2, 2, 3, 3 ];{}
651;[ 2, 2, 2, 10 ];{}
651;[ 2, 2, 2, 3 ];{}
651;[ 2, 2, 2, 4 ];{}
651;[ 2, 2, 2, 5 ];{}
651;[ 2, 2, 2, 6 ];{}
651;[ 2, 2, 3, 3 ];{}
652;[ 2, 2, 2, 10 ];{}
652;[ 2, 2, 2, 3 ];{}
652;[ 2, 2, 2, 4 ];{}
652;[ 2, 2, 2, 5 ];{}
652;[ 2, 2, 2, 6 ];{}
652;[ 2, 2, 3, 3 ];{}
653;[ 2, 2, 2, 10 ];{}
653;[ 2, 2, 2, 3 ];{}
653;[ 2, 2, 2, 4 ];{}
653;[ 2, 2, 2, 5 ];{}
653;[ 2, 2, 2, 6 ];{}
653;[ 2, 2, 3, 3 ];{}
66;[ 2, 4, 12 ];{}
66;[ 2, 4, 60 ];{}
66;[ 2, 4, 8 ];{}
66;[ 3, 4, 4 ];{}
662;[ 2, 2, 3, 3 ];{}
663;[ 2, 2, 3, 3 ];{}
667;[ 2, 2, 3, 3 ];{}
668;[ 2, 2, 3, 3 ];{}
669;[ 2, 2, 3, 3 ];{}
67;[ 2, 4, 12 ];{}
67;[ 2, 4, 60 ];{}
67;[ 2, 4, 8 ];{}
67;[ 3, 4, 4 ];{}
671;[ 2, 2, 3, 3 ];{}
672;[ 2, 2, 3, 3 ];{}
675;[ 2, 2, 3, 3 ];{}
676;[ 2, 2, 3, 3 ];{}
677;[ 2, 2, 3, 3 ];{}
678;[ 2, 2, 3, 3 ];{}
679;[ 2, 2, 3, 3 ];{}
68;[ 2, 4, 12 ];{}
68;[ 2, 4, 60 ];{}
68;[ 2, 4, 8 ];{}
68;[ 3, 4, 4 ];{}
681;[ 2, 2, 3, 3 ];{}
682;[ 2, 2, 3, 3 ];{}
683;[ 2, 2, 3, 3 ];{}
687;[ 2, 2, 3, 3 ];{}
688;[ 2, 2, 3, 3 ];{}
689;[ 2, 2, 3, 3 ];{}
69;[ 2, 4, 12 ];{}
69;[ 2, 4, 60 ];{}
69;[ 2, 4, 8 ];{}
69;[ 3, 4, 4 ];{}
690;[ 2, 2, 3, 3 ];{}
691;[ 2, 2, 3, 3 ];{}
695;[ 2, 2, 3, 3 ];{}
696;[ 2, 2, 3, 3 ];{}
697;[ 2, 2, 3, 3 ];{}
698;[ 2, 2, 3, 3 ];{}
70;[ 2, 4, 12 ];{}
70;[ 3, 4, 4 ];{}
701;[ 2, 2, 3, 3 ];{}
702;[ 2, 2, 3, 3 ];{}
703;[ 2, 2, 3, 3 ];{}
704;[ 2, 2, 3, 3 ];{}
705;[ 2, 2, 3, 3 ];{}
706;[ 2, 2, 3, 3 ];{}
707;[ 2, 2, 3, 3 ];{}
708;[ 2, 2, 3, 3 ];{}
709;[ 2, 2, 3, 3 ];{}
71;[ 2, 4, 12 ];{}
71;[ 3, 4, 4 ];{}
710;[ 2, 2, 3, 3 ];{}
711;[ 2, 2, 3, 3 ];{}
712;[ 2, 2, 3, 3 ];{}
717;[ 2, 2, 3, 3 ];{}
72;[ 2, 4, 12 ];{}
72;[ 3, 4, 4 ];{}
722;[ 2, 2, 3, 3 ];{}
723;[ 2, 2, 3, 3 ];{}
724;[ 2, 2, 3, 3 ];{}
725;[ 2, 2, 3, 3 ];{}
726;[ 2, 2, 3, 3 ];{}
728;[ 2, 2, 3, 3 ];{}
729;[ 2, 2, 3, 3 ];{}
73;[ 2, 4, 12 ];{}
73;[ 3, 4, 4 ];{}
730;[ 2, 2, 3, 3 ];{}
731;[ 2, 2, 3, 3 ];{}
732;[ 2, 2, 3, 3 ];{}
733;[ 2, 2, 3, 3 ];{}
734;[ 2, 2, 3, 3 ];{}
735;[ 2, 2, 3, 3 ];{}
736;[ 2, 2, 3, 3 ];{}
737;[ 2, 2, 3, 3 ];{}
739;[ 2, 2, 3, 3 ];{}
740;[ 2, 2, 3, 3 ];{}
742;[ 2, 2, 3, 3 ];{}
743;[ 2, 2, 3, 3 ];{}
744;[ 2, 2, 3, 3 ];{}
746;[ 2, 2, 3, 3 ];{}
77;[ 2, 2, 3, 3 ];{}
77;[ 2, 6, 240 ];{[ $.1 * $.7^3, $.2 * $.3 * $.4 * $.5 * $.6 * $.7^2, $.1 * $.2 * $.3^2 * $.4 * $.5 * $.6 ]}
78;[ 2, 2, 3, 3 ];{}
78;[ 2, 6, 240 ];{}
79;[ 2, 2, 3, 3 ];{}
79;[ 2, 6, 240 ];{}
834;[ 2, 2, 2, 10 ];{}
834;[ 2, 2, 2, 3 ];{}
834;[ 2, 2, 2, 4 ];{}
834;[ 2, 2, 2, 5 ];{}
834;[ 2, 2, 2, 6 ];{}
834;[ 2, 2, 3, 3 ];{}
835;[ 2, 2, 2, 10 ];{}
835;[ 2, 2, 2, 3 ];{}
835;[ 2, 2, 2, 4 ];{}
835;[ 2, 2, 2, 5 ];{}
835;[ 2, 2, 2, 6 ];{}
835;[ 2, 2, 3, 3 ];{}
839;[ 2, 2, 2, 10 ];{}
839;[ 2, 2, 2, 3 ];{}
839;[ 2, 2, 2, 4 ];{}
839;[ 2, 2, 2, 5 ];{}
839;[ 2, 2, 2, 6 ];{}
839;[ 2, 2, 3, 3 ];{}
840;[ 2, 2, 2, 10 ];{}
840;[ 2, 2, 2, 3 ];{}
840;[ 2, 2, 2, 4 ];{}
840;[ 2, 2, 2, 5 ];{}
840;[ 2, 2, 2, 6 ];{}
840;[ 2, 2, 3, 3 ];{}
841;[ 2, 2, 2, 10 ];{}
841;[ 2, 2, 2, 3 ];{}
841;[ 2, 2, 2, 4 ];{}
841;[ 2, 2, 2, 5 ];{}
841;[ 2, 2, 2, 6 ];{}
841;[ 2, 2, 3, 3 ];{}
843;[ 2, 2, 2, 10 ];{}
843;[ 2, 2, 2, 3 ];{}
843;[ 2, 2, 2, 4 ];{}
843;[ 2, 2, 2, 5 ];{}
843;[ 2, 2, 2, 6 ];{}
843;[ 2, 2, 3, 3 ];{}
844;[ 2, 2, 2, 10 ];{}
844;[ 2, 2, 2, 3 ];{}
844;[ 2, 2, 2, 4 ];{}
844;[ 2, 2, 2, 5 ];{}
844;[ 2, 2, 2, 6 ];{}
844;[ 2, 2, 3, 3 ];{}
847;[ 2, 2, 2, 10 ];{}
847;[ 2, 2, 2, 3 ];{}
847;[ 2, 2, 2, 4 ];{[ $.1 * $.2 * $.3 * $.4 * $.6 * $.7, $.1 * $.7^2, $.1 * $.2 * $.4 * $.5 * $.6^2, $.1 * $.3 * $.7^4 ]}
847;[ 2, 2, 2, 5 ];{}
847;[ 2, 2, 2, 6 ];{}
847;[ 2, 2, 3, 3 ];{}
848;[ 2, 2, 2, 10 ];{}
848;[ 2, 2, 2, 3 ];{}
848;[ 2, 2, 2, 4 ];{}
848;[ 2, 2, 2, 5 ];{}
848;[ 2, 2, 2, 6 ];{}
848;[ 2, 2, 3, 3 ];{}
849;[ 2, 2, 2, 10 ];{}
849;[ 2, 2, 2, 3 ];{}
849;[ 2, 2, 2, 4 ];{}
849;[ 2, 2, 2, 5 ];{}
849;[ 2, 2, 2, 6 ];{}
849;[ 2, 2, 3, 3 ];{}
850;[ 2, 2, 2, 10 ];{}
850;[ 2, 2, 2, 3 ];{}
850;[ 2, 2, 2, 4 ];{}
850;[ 2, 2, 2, 5 ];{}
850;[ 2, 2, 2, 6 ];{}
850;[ 2, 2, 3, 3 ];{}
851;[ 2, 2, 2, 10 ];{}
851;[ 2, 2, 2, 3 ];{}
851;[ 2, 2, 2, 4 ];{}
851;[ 2, 2, 2, 5 ];{}
851;[ 2, 2, 2, 6 ];{}
851;[ 2, 2, 3, 3 ];{}
853;[ 2, 2, 2, 10 ];{}
853;[ 2, 2, 2, 3 ];{}
853;[ 2, 2, 2, 4 ];{}
853;[ 2, 2, 2, 5 ];{}
853;[ 2, 2, 2, 6 ];{}
853;[ 2, 2, 3, 3 ];{}
854;[ 2, 2, 2, 10 ];{}
854;[ 2, 2, 2, 3 ];{}
854;[ 2, 2, 2, 4 ];{}
854;[ 2, 2, 2, 5 ];{}
854;[ 2, 2, 2, 6 ];{}
854;[ 2, 2, 3, 3 ];{}
855;[ 2, 2, 2, 10 ];{}
855;[ 2, 2, 2, 3 ];{}
855;[ 2, 2, 2, 4 ];{}
855;[ 2, 2, 2, 5 ];{}
855;[ 2, 2, 2, 6 ];{}
855;[ 2, 2, 3, 3 ];{}
859;[ 2, 2, 2, 10 ];{}
859;[ 2, 2, 2, 3 ];{}
859;[ 2, 2, 2, 4 ];{}
859;[ 2, 2, 2, 5 ];{}
859;[ 2, 2, 2, 6 ];{}
859;[ 2, 2, 3, 3 ];{}
860;[ 2, 2, 2, 10 ];{}
860;[ 2, 2, 2, 3 ];{}
860;[ 2, 2, 2, 4 ];{[ $.1 * $.2 * $.4 * $.6^2 * $.7, $.1 * $.4 * $.5 * $.7, $.1 * $.3 * $.4 * $.6 * $.7^3, $.1 * $.2 * $.3 * $.4 * $.5 * $.7^3 ]}
860;[ 2, 2, 2, 5 ];{}
860;[ 2, 2, 2, 6 ];{}
860;[ 2, 2, 3, 3 ];{}
861;[ 2, 2, 2, 10 ];{}
861;[ 2, 2, 2, 3 ];{}
861;[ 2, 2, 2, 4 ];{}
861;[ 2, 2, 2, 5 ];{}
861;[ 2, 2, 2, 6 ];{}
861;[ 2, 2, 3, 3 ];{}
862;[ 2, 2, 2, 10 ];{}
862;[ 2, 2, 2, 3 ];{}
862;[ 2, 2, 2, 4 ];{}
862;[ 2, 2, 2, 5 ];{}
862;[ 2, 2, 2, 6 ];{}
862;[ 2, 2, 3, 3 ];{}
863;[ 2, 2, 2, 10 ];{}
863;[ 2, 2, 2, 3 ];{}
863;[ 2, 2, 2, 4 ];{}
863;[ 2, 2, 2, 5 ];{}
863;[ 2, 2, 2, 6 ];{}
863;[ 2, 2, 3, 3 ];{}
867;[ 2, 2, 2, 10 ];{}
867;[ 2, 2, 2, 3 ];{}
867;[ 2, 2, 2, 4 ];{}
867;[ 2, 2, 2, 5 ];{}
867;[ 2, 2, 2, 6 ];{}
867;[ 2, 2, 2, 8 ];{}
867;[ 2, 2, 3, 3 ];{}
868;[ 2, 2, 2, 10 ];{}
868;[ 2, 2, 2, 3 ];{}
868;[ 2, 2, 2, 4 ];{}
868;[ 2, 2, 2, 5 ];{}
868;[ 2, 2, 2, 6 ];{}
868;[ 2, 2, 2, 8 ];{}
868;[ 2, 2, 3, 3 ];{}
869;[ 2, 2, 2, 10 ];{}
869;[ 2, 2, 2, 3 ];{}
869;[ 2, 2, 2, 4 ];{}
869;[ 2, 2, 2, 5 ];{}
869;[ 2, 2, 2, 6 ];{}
869;[ 2, 2, 2, 8 ];{}
869;[ 2, 2, 3, 3 ];{}
870;[ 2, 2, 2, 10 ];{}
870;[ 2, 2, 2, 3 ];{}
870;[ 2, 2, 2, 4 ];{}
870;[ 2, 2, 2, 5 ];{}
870;[ 2, 2, 2, 6 ];{}
870;[ 2, 2, 2, 8 ];{}
870;[ 2, 2, 3, 3 ];{}
873;[ 2, 2, 2, 10 ];{}
873;[ 2, 2, 2, 3 ];{}
873;[ 2, 2, 2, 4 ];{[ $.1 * $.2 * $.4 * $.5 * $.6 * $.7^2, $.1 * $.4 * $.6^2, $.1 * $.3 * $.4 * $.5 * $.6 * $.7^3, $.1 * $.2 * $.3 * $.4 ]}
873;[ 2, 2, 2, 5 ];{}
873;[ 2, 2, 2, 6 ];{}
873;[ 2, 2, 2, 8 ];{}
873;[ 2, 2, 3, 3 ];{}
874;[ 2, 2, 2, 10 ];{}
874;[ 2, 2, 2, 3 ];{}
874;[ 2, 2, 2, 4 ];{}
874;[ 2, 2, 2, 5 ];{}
874;[ 2, 2, 2, 6 ];{}
874;[ 2, 2, 2, 8 ];{}
874;[ 2, 2, 3, 3 ];{}
875;[ 2, 2, 2, 10 ];{}
875;[ 2, 2, 2, 3 ];{}
875;[ 2, 2, 2, 4 ];{}
875;[ 2, 2, 2, 5 ];{}
875;[ 2, 2, 2, 6 ];{}
875;[ 2, 2, 2, 8 ];{[ $.1 * $.6^2, $.1 * $.3 * $.4 * $.5, $.1 * $.2 * $.3 * $.4 * $.6 * $.7^3, $.1 * $.2 * $.4 * $.5 * $.7^3 ]}
875;[ 2, 2, 3, 3 ];{}
876;[ 2, 2, 2, 10 ];{}
876;[ 2, 2, 2, 3 ];{}
876;[ 2, 2, 2, 4 ];{}
876;[ 2, 2, 2, 5 ];{}
876;[ 2, 2, 2, 6 ];{}
876;[ 2, 2, 2, 8 ];{}
876;[ 2, 2, 3, 3 ];{}
877;[ 2, 2, 2, 10 ];{}
877;[ 2, 2, 2, 3 ];{}
877;[ 2, 2, 2, 4 ];{}
877;[ 2, 2, 2, 5 ];{}
877;[ 2, 2, 2, 6 ];{}
877;[ 2, 2, 2, 8 ];{}
877;[ 2, 2, 3, 3 ];{}
878;[ 2, 2, 2, 10 ];{}
878;[ 2, 2, 2, 3 ];{}
878;[ 2, 2, 2, 4 ];{}
878;[ 2, 2, 2, 5 ];{}
878;[ 2, 2, 2, 6 ];{}
878;[ 2, 2, 2, 8 ];{}
878;[ 2, 2, 3, 3 ];{}
879;[ 2, 2, 2, 10 ];{}
879;[ 2, 2, 2, 3 ];{}
879;[ 2, 2, 2, 4 ];{}
879;[ 2, 2, 2, 5 ];{}
879;[ 2, 2, 2, 6 ];{}
879;[ 2, 2, 2, 8 ];{[ $.1 * $.5 * $.7^3, $.1 * $.2 * $.3 * $.5 * $.7^4, $.1 * $.3 * $.4 * $.5 * $.6 * $.7^4, $.1 * $.2 * $.4 * $.5 * $.6 * $.7^3 ]}
879;[ 2, 2, 3, 3 ];{}
880;[ 2, 2, 2, 10 ];{}
880;[ 2, 2, 2, 3 ];{}
880;[ 2, 2, 2, 4 ];{}
880;[ 2, 2, 2, 5 ];{}
880;[ 2, 2, 2, 6 ];{}
880;[ 2, 2, 2, 8 ];{}
880;[ 2, 2, 3, 3 ];{}
881;[ 2, 2, 2, 10 ];{}
881;[ 2, 2, 2, 3 ];{}
881;[ 2, 2, 2, 4 ];{}
881;[ 2, 2, 2, 5 ];{}
881;[ 2, 2, 2, 6 ];{}
881;[ 2, 2, 2, 8 ];{}
881;[ 2, 2, 3, 3 ];{}
882;[ 2, 2, 2, 10 ];{}
882;[ 2, 2, 2, 3 ];{}
882;[ 2, 2, 2, 4 ];{}
882;[ 2, 2, 2, 5 ];{}
882;[ 2, 2, 2, 6 ];{}
882;[ 2, 2, 2, 8 ];{}
882;[ 2, 2, 3, 3 ];{}
883;[ 2, 2, 2, 10 ];{}
883;[ 2, 2, 2, 3 ];{}
883;[ 2, 2, 2, 4 ];{}
883;[ 2, 2, 2, 5 ];{}
883;[ 2, 2, 2, 6 ];{}
883;[ 2, 2, 2, 8 ];{}
883;[ 2, 2, 3, 3 ];{}
884;[ 2, 2, 2, 10 ];{}
884;[ 2, 2, 2, 3 ];{}
884;[ 2, 2, 2, 4 ];{}
884;[ 2, 2, 2, 5 ];{}
884;[ 2, 2, 2, 6 ];{}
884;[ 2, 2, 2, 8 ];{[ $.1 * $.6^2 * $.7, $.1 * $.3 * $.4 * $.5 * $.6 * $.7, $.1 * $.2 * $.3 * $.5, $.1 * $.2 * $.6 ]}
884;[ 2, 2, 3, 3 ];{}
889;[ 2, 2, 2, 10 ];{}
889;[ 2, 2, 2, 3 ];{}
889;[ 2, 2, 2, 4 ];{}
889;[ 2, 2, 2, 5 ];{}
889;[ 2, 2, 2, 6 ];{}
889;[ 2, 2, 3, 3 ];{}
894;[ 2, 2, 2, 10 ];{}
894;[ 2, 2, 2, 3 ];{}
894;[ 2, 2, 2, 4 ];{}
894;[ 2, 2, 2, 5 ];{}
894;[ 2, 2, 2, 6 ];{}
894;[ 2, 2, 3, 3 ];{}
895;[ 2, 2, 2, 10 ];{}
895;[ 2, 2, 2, 3 ];{}
895;[ 2, 2, 2, 4 ];{}
895;[ 2, 2, 2, 5 ];{}
895;[ 2, 2, 2, 6 ];{}
895;[ 2, 2, 3, 3 ];{}
896;[ 2, 2, 2, 10 ];{}
896;[ 2, 2, 2, 3 ];{}
896;[ 2, 2, 2, 4 ];{}
896;[ 2, 2, 2, 5 ];{}
896;[ 2, 2, 2, 6 ];{}
896;[ 2, 2, 2, 8 ];{}
896;[ 2, 2, 3, 3 ];{}
897;[ 2, 2, 2, 10 ];{}
897;[ 2, 2, 2, 3 ];{}
897;[ 2, 2, 2, 4 ];{}
897;[ 2, 2, 2, 5 ];{}
897;[ 2, 2, 2, 6 ];{}
897;[ 2, 2, 2, 8 ];{}
897;[ 2, 2, 3, 3 ];{}
898;[ 2, 2, 2, 10 ];{}
898;[ 2, 2, 2, 3 ];{}
898;[ 2, 2, 2, 4 ];{}
898;[ 2, 2, 2, 5 ];{}
898;[ 2, 2, 2, 6 ];{}
898;[ 2, 2, 2, 8 ];{}
898;[ 2, 2, 3, 3 ];{}
900;[ 2, 2, 2, 10 ];{}
900;[ 2, 2, 2, 3 ];{}
900;[ 2, 2, 2, 4 ];{}
900;[ 2, 2, 2, 5 ];{}
900;[ 2, 2, 2, 6 ];{}
900;[ 2, 2, 3, 3 ];{}
901;[ 2, 2, 2, 10 ];{}
901;[ 2, 2, 2, 3 ];{}
901;[ 2, 2, 2, 4 ];{}
901;[ 2, 2, 2, 5 ];{}
901;[ 2, 2, 2, 6 ];{}
901;[ 2, 2, 3, 3 ];{}
902;[ 2, 2, 2, 10 ];{}
902;[ 2, 2, 2, 3 ];{}
902;[ 2, 2, 2, 4 ];{}
902;[ 2, 2, 2, 5 ];{}
902;[ 2, 2, 2, 6 ];{}
902;[ 2, 2, 3, 3 ];{}
903;[ 2, 2, 2, 10 ];{}
903;[ 2, 2, 2, 3 ];{}
903;[ 2, 2, 2, 4 ];{}
903;[ 2, 2, 2, 5 ];{}
903;[ 2, 2, 2, 6 ];{}
903;[ 2, 2, 3, 3 ];{}
904;[ 2, 2, 2, 10 ];{}
904;[ 2, 2, 2, 3 ];{}
904;[ 2, 2, 2, 4 ];{}
904;[ 2, 2, 2, 5 ];{}
904;[ 2, 2, 2, 6 ];{}
904;[ 2, 2, 3, 3 ];{}
905;[ 2, 2, 2, 10 ];{}
905;[ 2, 2, 2, 3 ];{}
905;[ 2, 2, 2, 4 ];{}
905;[ 2, 2, 2, 5 ];{}
905;[ 2, 2, 2, 6 ];{}
905;[ 2, 2, 3, 3 ];{}
906;[ 2, 2, 2, 10 ];{}
906;[ 2, 2, 2, 3 ];{}
906;[ 2, 2, 2, 4 ];{}
906;[ 2, 2, 2, 5 ];{}
906;[ 2, 2, 2, 6 ];{}
906;[ 2, 2, 2, 8 ];{}
906;[ 2, 2, 3, 3 ];{}
907;[ 2, 2, 2, 10 ];{}
907;[ 2, 2, 2, 3 ];{}
907;[ 2, 2, 2, 4 ];{}
907;[ 2, 2, 2, 5 ];{}
907;[ 2, 2, 2, 6 ];{}
907;[ 2, 2, 2, 8 ];{}
907;[ 2, 2, 3, 3 ];{}
908;[ 2, 2, 2, 10 ];{}
908;[ 2, 2, 2, 3 ];{}
908;[ 2, 2, 2, 4 ];{}
908;[ 2, 2, 2, 5 ];{}
908;[ 2, 2, 2, 6 ];{}
908;[ 2, 2, 2, 8 ];{}
908;[ 2, 2, 3, 3 ];{}
909;[ 2, 2, 2, 10 ];{}
909;[ 2, 2, 2, 3 ];{}
909;[ 2, 2, 2, 4 ];{}
909;[ 2, 2, 2, 5 ];{}
909;[ 2, 2, 2, 6 ];{}
909;[ 2, 2, 3, 3 ];{}
911;[ 2, 2, 2, 10 ];{}
911;[ 2, 2, 2, 3 ];{}
911;[ 2, 2, 2, 4 ];{}
911;[ 2, 2, 2, 5 ];{}
911;[ 2, 2, 2, 6 ];{}
911;[ 2, 2, 3, 3 ];{}
912;[ 2, 2, 2, 10 ];{}
912;[ 2, 2, 2, 3 ];{}
912;[ 2, 2, 2, 4 ];{}
912;[ 2, 2, 2, 5 ];{}
912;[ 2, 2, 2, 6 ];{}
912;[ 2, 2, 3, 3 ];{}
914;[ 2, 2, 2, 10 ];{}
914;[ 2, 2, 2, 3 ];{}
914;[ 2, 2, 2, 4 ];{}
914;[ 2, 2, 2, 5 ];{}
914;[ 2, 2, 2, 6 ];{}
914;[ 2, 2, 2, 8 ];{}
914;[ 2, 2, 3, 3 ];{}
915;[ 2, 2, 2, 10 ];{}
915;[ 2, 2, 2, 3 ];{}
915;[ 2, 2, 2, 4 ];{}
915;[ 2, 2, 2, 5 ];{}
915;[ 2, 2, 2, 6 ];{}
915;[ 2, 2, 2, 8 ];{}
915;[ 2, 2, 3, 3 ];{}
916;[ 2, 2, 2, 10 ];{}
916;[ 2, 2, 2, 3 ];{}
916;[ 2, 2, 2, 4 ];{}
916;[ 2, 2, 2, 5 ];{}
916;[ 2, 2, 2, 6 ];{}
916;[ 2, 2, 2, 8 ];{}
916;[ 2, 2, 3, 3 ];{}
918;[ 2, 2, 2, 10 ];{}
918;[ 2, 2, 2, 3 ];{}
918;[ 2, 2, 2, 4 ];{}
918;[ 2, 2, 2, 5 ];{}
918;[ 2, 2, 2, 6 ];{}
918;[ 2, 2, 3, 3 ];{}
943;[ 2, 4, 12 ];{}
943;[ 3, 4, 4 ];{}
944;[ 2, 2, 2, 10 ];{}
944;[ 2, 2, 2, 3 ];{}
944;[ 2, 2, 2, 4 ];{}
944;[ 2, 2, 2, 5 ];{}
944;[ 2, 2, 2, 6 ];{}
944;[ 2, 2, 3, 3 ];{}
944;[ 2, 3, 10 ];{}
944;[ 2, 3, 12 ];{}
944;[ 2, 3, 20 ];{}
944;[ 2, 4, 10 ];{}
944;[ 2, 4, 12 ];{}
944;[ 2, 4, 6 ];{}
944;[ 2, 5, 6 ];{}
944;[ 2, 6, 10 ];{}
944;[ 2, 6, 6 ];{}
944;[ 3, 4, 4 ];{}
945;[ 2, 2, 2, 10 ];{}
945;[ 2, 2, 2, 3 ];{}
945;[ 2, 2, 2, 4 ];{}
945;[ 2, 2, 2, 5 ];{}
945;[ 2, 2, 2, 6 ];{}
945;[ 2, 2, 3, 3 ];{}
945;[ 2, 3, 10 ];{}
945;[ 2, 3, 12 ];{}
945;[ 2, 3, 20 ];{}
945;[ 2, 4, 10 ];{}
945;[ 2, 4, 12 ];{}
945;[ 2, 4, 6 ];{}
945;[ 2, 5, 6 ];{}
945;[ 2, 6, 10 ];{}
945;[ 2, 6, 6 ];{}
945;[ 3, 4, 4 ];{}
946;[ 2, 2, 2, 10 ];{}
946;[ 2, 2, 2, 3 ];{}
946;[ 2, 2, 2, 4 ];{}
946;[ 2, 2, 2, 5 ];{}
946;[ 2, 2, 2, 6 ];{[ (1, 10, 48, 25, 28, 33)(2, 14, 17, 34, 36, 40)(3, 38, 24, 42, 32, 12)(4, 11, 22, 41, 43, 45)(5, 21, 37, 13, 27, 18)(6, 44, 20, 46, 39, 16)(7, 15, 29, 9, 47, 31)(8, 26, 30, 19, 35, 23), (1, 33)(2, 40)(3, 20)(4, 45)(5, 18)(6, 25)(7, 31)(8, 23)(9, 11)(10, 34)(12, 32)(13, 15)(14, 41)(16, 39)(17, 27)(19, 21)(22, 35)(24, 26)(28, 30)(29, 42)(36, 38)(37, 46)(43, 44)(47, 48), (1, 26)(2, 3)(4, 6)(5, 14)(7, 10)(8, 11)(9, 48)(12, 15)(13, 17)(16, 21)(18, 33)(19, 22)(20, 37)(23, 40)(24, 29)(25, 30)(31, 39)(32, 45)(34, 38)(41, 44), (1, 38)(2, 44)(3, 36)(4, 48)(5, 22)(6, 43)(7, 17)(8, 29)(10, 47)(11, 35)(12, 37)(14, 27)(15, 42)(16, 30)(18, 33)(21, 46)(23, 40)(26, 28)(31, 39)(32, 45) ]}
946;[ 2, 2, 2, 8 ];{[ (1, 36)(2, 43)(3, 22)(4, 47)(5, 35)(6, 29)(7, 27)(8, 42)(9, 33)(10, 37)(11, 38)(12, 46)(13, 40)(14, 30)(15, 44)(16, 28)(17, 26)(18, 20)(19, 45)(21, 48)(23, 25)(24, 31)(32, 34)(39, 41), (1, 13, 15, 44, 5, 25, 6, 29)(2, 19, 21, 48, 8, 34, 10, 37)(3, 22, 16, 9, 11, 38, 7, 20)(4, 24, 26, 17, 12, 41, 14, 30)(18, 23, 32, 39, 33, 40, 45, 31)(27, 46, 43, 35, 28, 47, 42, 36), (1, 5)(2, 8)(3, 46)(4, 12)(6, 28)(7, 16)(9, 23)(10, 36)(11, 47)(13, 32)(14, 43)(15, 27)(18, 41)(19, 39)(20, 40)(21, 35)(24, 33)(25, 45)(26, 42)(31, 34), (1, 15)(2, 21)(3, 7)(4, 26)(5, 6)(8, 10)(9, 20)(11, 16)(12, 14)(13, 25)(18, 46)(19, 34)(23, 28)(24, 41)(27, 40)(31, 42)(32, 36)(33, 47)(35, 45)(39, 43) ]}
946;[ 2, 2, 3, 3 ];{}
946;[ 2, 3, 10 ];{}
946;[ 2, 3, 12 ];{}
946;[ 2, 3, 20 ];{}
946;[ 2, 4, 10 ];{}
946;[ 2, 4, 12 ];{}
946;[ 2, 4, 6 ];{}
946;[ 2, 4, 8 ];{}
946;[ 2, 5, 6 ];{}
946;[ 2, 5, 8 ];{}
946;[ 2, 6, 10 ];{}
946;[ 2, 6, 6 ];{}
946;[ 3, 4, 4 ];{}
947;[ 2, 2, 2, 10 ];{}
947;[ 2, 2, 2, 3 ];{}
947;[ 2, 2, 2, 4 ];{}
947;[ 2, 2, 2, 5 ];{}
947;[ 2, 2, 2, 6 ];{}
947;[ 2, 2, 2, 8 ];{}
947;[ 2, 2, 3, 3 ];{}
947;[ 2, 3, 10 ];{}
947;[ 2, 3, 12 ];{}
947;[ 2, 3, 20 ];{}
947;[ 2, 4, 10 ];{}
947;[ 2, 4, 12 ];{}
947;[ 2, 4, 6 ];{}
947;[ 2, 4, 8 ];{}
947;[ 2, 5, 6 ];{}
947;[ 2, 5, 8 ];{}
947;[ 2, 6, 10 ];{}
947;[ 2, 6, 6 ];{}
947;[ 3, 4, 4 ];{}
948;[ 2, 2, 2, 10 ];{[ (1, 29)(2, 38)(3, 36)(4, 35)(5, 30)(6, 37)(7, 23)(8, 20)(9, 19)(10, 18)(12, 24)(14, 17)(15, 22)(16, 21)(27, 28)(32, 34)(39, 40), (1, 19)(2, 18)(3, 30)(4, 37)(5, 36)(6, 35)(7, 8)(9, 29)(10, 38)(11, 26)(12, 17)(13, 25)(14, 24)(15, 16)(20, 23)(21, 22)(27, 40)(28, 39)(32, 34), (1, 7, 34, 20, 9, 6, 16, 32, 22, 4)(2, 15, 31, 21, 10, 5, 8, 33, 23, 3)(11, 26, 35, 28, 29, 25, 13, 19, 40, 37)(12, 14, 18, 27, 30, 24, 17, 36, 39, 38), (1, 6)(2, 5)(3, 8)(4, 16)(7, 9)(10, 15)(11, 35)(12, 18)(19, 25)(20, 34)(21, 31)(22, 32)(23, 33)(24, 36)(27, 38)(28, 37)(29, 40)(30, 39) ]}
948;[ 2, 2, 2, 3 ];{}
948;[ 2, 2, 2, 4 ];{}
948;[ 2, 2, 2, 5 ];{[ (1, 6)(3, 16)(4, 8)(7, 10)(9, 15)(11, 32)(12, 31)(13, 17)(14, 26)(18, 21)(19, 20)(22, 35)(23, 36)(24, 33)(25, 34)(27, 39)(30, 38), (2, 5)(3, 4)(7, 15)(8, 16)(9, 10)(11, 22)(12, 21)(13, 17)(14, 26)(18, 31)(19, 34)(20, 25)(23, 24)(27, 30)(28, 37)(29, 40)(32, 35)(33, 36)(38, 39), (1, 34, 9, 16, 22)(2, 31, 10, 8, 23)(3, 15, 21, 5, 33)(4, 7, 20, 6, 32)(11, 35, 29, 13, 40)(12, 18, 30, 17, 39)(14, 27, 24, 36, 38)(19, 37, 26, 28, 25), (1, 32)(2, 33)(3, 23)(4, 22)(5, 31)(6, 34)(7, 16)(8, 15)(9, 20)(10, 21)(11, 29)(12, 30)(13, 40)(14, 27)(17, 39)(24, 38)(25, 37)(26, 28) ]}
948;[ 2, 2, 2, 6 ];{[ (1, 5)(2, 6)(3, 8)(4, 7)(9, 16)(10, 15)(11, 33)(12, 32)(13, 26)(18, 22)(19, 21)(20, 36)(23, 35)(24, 34)(25, 31)(27, 28)(29, 30)(37, 38)(39, 40), (1, 9)(2, 10)(3, 5)(4, 6)(7, 20)(8, 23)(11, 26)(12, 14)(13, 25)(15, 21)(16, 22)(17, 24)(18, 38)(19, 29)(27, 39)(28, 40)(30, 36)(35, 37), (1, 25)(2, 24)(3, 10)(4, 9)(5, 12)(6, 11)(7, 18)(8, 35)(13, 27)(14, 28)(15, 19)(16, 36)(17, 40)(26, 39)(29, 32)(30, 33)(31, 38)(34, 37), (1, 26, 28, 32, 21, 10)(2, 17, 27, 31, 22, 9)(3, 6, 13, 40, 34, 23)(4, 5, 14, 39, 33, 20)(7, 37, 24, 15, 30, 11)(8, 38, 25, 16, 29, 12)(18, 36) ]}
948;[ 2, 2, 2, 8 ];{[ (1, 6)(3, 16)(4, 8)(7, 10)(9, 15)(11, 32)(12, 31)(13, 17)(14, 26)(18, 21)(19, 20)(22, 35)(23, 36)(24, 33)(25, 34)(27, 39)(30, 38), (1, 14)(2, 13)(3, 30)(4, 29)(5, 26)(6, 17)(7, 40)(8, 27)(9, 37)(10, 38)(11, 36)(12, 35)(15, 39)(16, 28)(18, 25)(19, 24)(20, 22)(21, 23), (1, 10)(2, 4)(3, 6)(5, 9)(7, 12)(8, 11)(13, 23)(14, 22)(15, 25)(16, 24)(17, 20)(21, 26)(27, 33)(28, 32)(29, 37)(30, 38)(31, 39)(34, 40), (1, 30, 7, 22, 6, 38, 16, 20)(2, 29, 15, 21, 5, 37, 8, 23)(3, 13, 18, 34, 10, 26, 36, 32)(4, 17, 35, 31, 9, 14, 19, 33)(11, 39, 12, 40, 25, 27, 24, 28) ]}
948;[ 2, 2, 3, 3 ];{}
948;[ 2, 3, 10 ];{}
948;[ 2, 3, 12 ];{}
948;[ 2, 3, 20 ];{}
948;[ 2, 4, 10 ];{}
948;[ 2, 4, 12 ];{}
948;[ 2, 4, 6 ];{}
948;[ 2, 4, 8 ];{}
948;[ 2, 5, 6 ];{}
948;[ 2, 5, 8 ];{}
948;[ 2, 6, 10 ];{}
948;[ 2, 6, 6 ];{[ (1, 10, 24, 39, 31, 16)(2, 9, 11, 40, 32, 15)(3, 12, 27, 33, 7, 6)(4, 25, 28, 34, 8, 5)(13, 22, 19, 14, 23, 18)(17, 21, 36, 26, 20, 35)(30, 38), (1, 4)(2, 3)(5, 10)(6, 9)(7, 22)(8, 21)(11, 13)(12, 17)(14, 24)(15, 23)(16, 20)(18, 30)(19, 37)(25, 26)(29, 35)(31, 33)(32, 34)(36, 38), (1, 5)(2, 6)(3, 15, 14, 10, 8, 17)(4, 16, 26)(7, 13, 9)(11, 18, 38, 21, 34, 40)(12, 35, 29, 20, 31, 27)(19, 37, 22, 33, 39, 24)(23, 32, 28, 25, 36, 30) ]}
948;[ 3, 4, 4 ];{}
949;[ 2, 2, 2, 10 ];{}
949;[ 2, 2, 2, 3 ];{}
949;[ 2, 2, 2, 4 ];{}
949;[ 2, 2, 2, 5 ];{}
949;[ 2, 2, 2, 6 ];{}
949;[ 2, 2, 2, 8 ];{}
949;[ 2, 2, 3, 3 ];{}
949;[ 2, 3, 10 ];{}
949;[ 2, 3, 12 ];{}
949;[ 2, 4, 10 ];{}
949;[ 2, 4, 12 ];{}
949;[ 2, 4, 6 ];{}
949;[ 2, 4, 8 ];{}
949;[ 2, 5, 6 ];{}
949;[ 2, 5, 8 ];{}
949;[ 2, 6, 10 ];{}
949;[ 2, 6, 6 ];{}
949;[ 3, 4, 4 ];{}
950;[ 2, 2, 2, 10 ];{}
950;[ 2, 2, 2, 3 ];{}
950;[ 2, 2, 2, 4 ];{}
950;[ 2, 2, 2, 5 ];{}
950;[ 2, 2, 2, 6 ];{}
950;[ 2, 2, 2, 8 ];{}
950;[ 2, 2, 3, 3 ];{}
950;[ 2, 3, 10 ];{}
950;[ 2, 4, 10 ];{}
950;[ 2, 4, 6 ];{}
950;[ 2, 4, 8 ];{}
950;[ 2, 5, 6 ];{}
950;[ 2, 5, 8 ];{}
950;[ 2, 6, 10 ];{[ (1, 25, 7, 11, 31, 36)(2, 17, 38, 24, 26, 28)(3, 5, 14, 10, 34, 16)(4, 29, 40, 18, 39, 15)(6, 33)(8, 37, 23, 20, 13, 32)(9, 27, 22, 12, 19, 35)(41, 42), (1, 20)(2, 7)(3, 33)(4, 14)(5, 22)(6, 23)(8, 40)(9, 12)(10, 32)(11, 15)(13, 24)(16, 27)(17, 30)(18, 19)(21, 39)(25, 31)(28, 34)(35, 38)(36, 37), (1, 23, 33, 16, 9, 22, 3, 6, 37, 31)(2, 25, 11, 39, 21, 18, 12, 35, 17, 30)(4, 5, 27, 34, 26, 24, 20, 36, 8, 29)(7, 28, 10, 13, 38, 19, 40, 32, 14, 15)(41, 42) ]}
950;[ 2, 6, 6 ];{}
950;[ 3, 4, 4 ];{}
951;[ 2, 2, 2, 10 ];{[ (1, 4)(2, 3)(5, 6, 8, 9, 7), (1, 2)(7, 9), (1, 2)(6, 7), (1, 4)(2, 3)(5, 7)(6, 8) ]}
951;[ 2, 2, 2, 3 ];{}
951;[ 2, 2, 2, 4 ];{[ (3, 4)(7, 8), (1, 4)(2, 3)(5, 8)(7, 9), (1, 4)(2, 3)(5, 6)(7, 9), (3, 4)(5, 6, 7, 8) ]:[ (1, 2)(3, 4)(5, 7)(8, 9), (1, 2)(6, 8), (1, 3)(2, 4)(5, 9)(6, 8), (1, 4, 2, 3)(5, 8, 9, 7) ]:[ (5, 6)(7, 9), (3, 4)(5, 7), (1, 3)(2, 4)(5, 8)(7, 9), (1, 4, 2, 3)(5, 8, 9, 6) ]}
951;[ 2, 2, 2, 5 ];{}
951;[ 2, 2, 2, 6 ];{[ (3, 4)(7, 9), (1, 4)(2, 3)(5, 8)(6, 9), (1, 4)(2, 3)(5, 9)(7, 8), (3, 4)(5, 6, 7)(8, 9) ]}
951;[ 2, 2, 3, 3 ];{}
951;[ 2, 3, 10 ];{}
951;[ 2, 3, 12 ];{}
951;[ 2, 4, 10 ];{[ (1, 3)(2, 4)(5, 7, 8, 9, 6), (1, 2)(8, 9), (1, 4, 2, 3)(5, 6, 9, 7) ]}
951;[ 2, 4, 12 ];{[ (1, 3)(2, 4)(5, 8)(6, 9), (1, 3, 2, 4)(5, 8, 9)(6, 7), (1, 2)(5, 6, 7, 9) ]}
951;[ 2, 4, 6 ];{[ (1, 2)(5, 6)(7, 9, 8), (1, 4)(2, 3)(6, 7)(8, 9), (1, 4, 2, 3)(5, 6, 8, 7) ]}
951;[ 2, 5, 6 ];{}
951;[ 2, 6, 10 ];{}
951;[ 2, 6, 6 ];{}
951;[ 3, 4, 4 ];{}
952;[ 2, 4, 12 ];{[ (1, 5, 4)(2, 3)(6, 9, 7, 8)(10, 11), (1, 3)(4, 5)(6, 7)(8, 9)(10, 11), (1, 2, 3, 4)(6, 9, 7, 8) ]}
952;[ 3, 4, 4 ];{}
953;[ 2, 2, 2, 10 ];{}
953;[ 2, 2, 2, 3 ];{}
953;[ 2, 2, 2, 4 ];{}
953;[ 2, 2, 2, 5 ];{}
953;[ 2, 2, 2, 6 ];{}
953;[ 2, 2, 2, 8 ];{}
953;[ 2, 2, 3, 3 ];{}
953;[ 2, 3, 10 ];{}
953;[ 2, 3, 12 ];{}
953;[ 2, 4, 10 ];{}
953;[ 2, 4, 12 ];{}
953;[ 2, 4, 6 ];{}
953;[ 2, 4, 8 ];{}
953;[ 2, 5, 6 ];{}
953;[ 2, 5, 8 ];{}
953;[ 2, 6, 10 ];{}
953;[ 2, 6, 6 ];{}
953;[ 3, 4, 4 ];{}
954;[ 2, 4, 12 ];{}
954;[ 3, 4, 4 ];{}
955;[ 2, 2, 2, 10 ];{}
955;[ 2, 2, 2, 3 ];{}
955;[ 2, 2, 2, 4 ];{}
955;[ 2, 2, 2, 5 ];{}
955;[ 2, 2, 2, 6 ];{}
955;[ 2, 2, 3, 3 ];{}
955;[ 2, 3, 10 ];{}
955;[ 2, 3, 12 ];{}
955;[ 2, 3, 20 ];{}
955;[ 2, 4, 10 ];{}
955;[ 2, 4, 12 ];{}
955;[ 2, 4, 6 ];{}
955;[ 2, 5, 6 ];{}
955;[ 2, 6, 10 ];{}
955;[ 2, 6, 6 ];{}
955;[ 3, 4, 4 ];{}
956;[ 2, 2, 2, 10 ];{[ (1, 2)(3, 4)(5, 6)(8, 9), (1, 3)(2, 4)(5, 7)(6, 8), (2, 3)(5, 9, 8, 6, 7), (1, 4)(5, 6)(7, 9) ]}
956;[ 2, 2, 2, 3 ];{}
956;[ 2, 2, 2, 4 ];{}
956;[ 2, 2, 2, 5 ];{}
956;[ 2, 2, 2, 6 ];{[ (2, 3)(5, 9)(7, 8), (1, 3)(2, 4)(5, 7)(6, 9), (1, 3)(2, 4)(6, 9)(7, 8), (2, 3)(5, 8, 9) ]}
956;[ 2, 2, 3, 3 ];{}
956;[ 2, 3, 10 ];{}
956;[ 2, 3, 12 ];{}
956;[ 2, 3, 20 ];{}
956;[ 2, 4, 10 ];{}
956;[ 2, 4, 12 ];{}
956;[ 2, 4, 6 ];{}
956;[ 2, 5, 6 ];{}
956;[ 2, 6, 10 ];{}
956;[ 2, 6, 6 ];{}
956;[ 3, 4, 4 ];{}
957;[ 2, 2, 2, 10 ];{}
957;[ 2, 2, 2, 3 ];{}
957;[ 2, 2, 2, 4 ];{}
957;[ 2, 2, 2, 5 ];{}
957;[ 2, 2, 2, 6 ];{}
957;[ 2, 2, 3, 3 ];{}
957;[ 2, 3, 10 ];{}
957;[ 2, 3, 12 ];{}
957;[ 2, 3, 20 ];{}
957;[ 2, 4, 10 ];{}
957;[ 2, 4, 12 ];{}
957;[ 2, 4, 6 ];{}
957;[ 2, 5, 6 ];{}
957;[ 2, 6, 10 ];{[ (1, 15)(2, 47)(3, 44)(4, 16)(5, 27)(6, 12)(7, 45)(8, 48)(9, 38)(10, 41)(11, 46)(13, 40)(14, 30)(17, 43)(18, 29)(19, 36)(20, 39)(21, 34)(22, 37)(23, 42)(24, 25)(26, 33)(28, 32)(31, 35), (1, 43, 6, 14, 41, 5, 45, 16, 26, 39)(2, 8)(3, 37, 9, 13, 21, 11, 35, 19, 23, 24)(4, 48, 15, 34, 46)(10, 40, 18, 31, 30)(12, 47, 27, 25, 44)(20, 42, 28, 22, 33)(29, 32), (1, 20, 26, 4, 11, 34)(2, 48, 16, 7, 45, 27)(3, 25, 5, 10, 14, 12)(6, 17, 43, 15, 8, 47)(9, 22, 32, 18, 13, 38)(19, 31, 29, 28, 23, 36)(21, 40, 41, 30, 35, 46)(24, 42, 39, 33, 37, 44) ]}
957;[ 2, 6, 6 ];{}
957;[ 3, 4, 4 ];{}
958;[ 2, 2, 2, 10 ];{}
958;[ 2, 2, 2, 3 ];{}
958;[ 2, 2, 2, 4 ];{}
958;[ 2, 2, 2, 5 ];{}
958;[ 2, 2, 2, 6 ];{}
958;[ 2, 2, 3, 3 ];{}
958;[ 2, 3, 10 ];{}
958;[ 2, 3, 12 ];{}
958;[ 2, 3, 20 ];{}
958;[ 2, 4, 10 ];{}
958;[ 2, 4, 12 ];{}
958;[ 2, 4, 6 ];{}
958;[ 2, 5, 6 ];{}
958;[ 2, 6, 10 ];{}
958;[ 2, 6, 6 ];{}
958;[ 3, 4, 4 ];{}
959;[ 2, 2, 2, 10 ];{[ (1, 41, 38, 26, 15, 6, 39, 20, 24, 3)(2, 11, 18, 23, 45, 10, 30, 16, 7, 47)(4, 42, 46, 27, 35, 17, 22, 36, 9, 13)(5, 21, 48, 8, 29, 19, 40, 37, 25, 14)(12, 34)(28, 31)(32, 44)(33, 43), (1, 27)(2, 19)(3, 32)(4, 24)(5, 10)(6, 9)(7, 42)(8, 16)(11, 43)(12, 35)(13, 34)(14, 28)(15, 44)(17, 26)(18, 25)(20, 37)(21, 39)(22, 23)(29, 31)(30, 33)(36, 47)(38, 48)(40, 41)(45, 46), (1, 23)(2, 31)(4, 21)(5, 22)(6, 7)(8, 43)(9, 32)(10, 28)(12, 26)(13, 35)(14, 29)(16, 41)(17, 40)(18, 39)(19, 42)(20, 38)(24, 34)(25, 33)(27, 44)(45, 47), (1, 17)(2, 8)(3, 44)(4, 6)(5, 18)(7, 36)(9, 24)(10, 25)(11, 33)(12, 35)(13, 34)(14, 28)(15, 32)(16, 19)(20, 21)(22, 45)(23, 46)(26, 27)(29, 31)(30, 43)(37, 39)(38, 40)(41, 48)(42, 47) ]}
959;[ 2, 2, 2, 3 ];{[ (1, 5)(2, 14)(3, 9)(4, 18)(6, 19)(7, 32)(8, 11)(10, 29)(12, 40)(13, 26)(15, 27)(16, 17)(20, 48)(21, 34)(22, 28)(23, 44)(24, 35)(25, 30)(31, 42)(33, 39)(36, 45)(37, 38)(41, 43)(46, 47), (1, 39)(3, 20)(4, 42)(5, 21)(6, 41)(7, 18)(8, 25)(9, 27)(11, 47)(12, 34)(13, 46)(14, 48)(15, 38)(16, 23)(17, 22)(19, 40)(28, 31)(29, 37)(30, 45)(35, 36), (1, 11, 23)(2, 28, 47)(3, 41, 16)(4, 29, 40)(5, 13, 42)(6, 30, 7)(8, 43, 48)(9, 32, 36)(10, 31, 45)(12, 20, 24)(14, 21, 17)(15, 39, 18)(19, 35, 22)(25, 33, 37)(26, 34, 38)(27, 44, 46), (1, 17)(2, 8)(3, 44)(4, 6)(5, 18)(7, 36)(9, 24)(10, 25)(11, 33)(12, 35)(13, 34)(14, 28)(15, 32)(16, 19)(20, 21)(22, 45)(23, 46)(26, 27)(29, 31)(30, 43)(37, 39)(38, 40)(41, 48)(42, 47) ]}
959;[ 2, 2, 2, 4 ];{}
959;[ 2, 2, 2, 5 ];{[ (1, 47, 7, 26, 34)(2, 28, 16, 20, 39)(4, 48, 21, 27, 44)(5, 36, 22, 8, 43)(6, 45, 23, 24, 12)(9, 32, 17, 37, 40)(10, 31, 18, 38, 41)(19, 46, 42, 25, 33), (1, 19)(2, 9)(3, 43)(4, 16)(5, 6)(7, 37)(8, 26)(10, 27)(11, 44)(12, 29)(13, 31)(14, 34)(15, 33)(17, 18)(20, 22)(21, 47)(23, 48)(24, 25)(28, 35)(30, 32)(36, 41)(38, 42)(39, 46)(40, 45), (1, 3)(2, 23)(4, 35)(5, 29)(6, 15)(7, 10)(8, 21)(9, 22)(11, 18)(13, 17)(14, 19)(16, 30)(20, 38)(24, 41)(25, 40)(26, 39)(27, 42)(32, 44)(33, 43)(45, 47), (1, 8)(2, 4)(3, 33)(5, 24)(6, 25)(7, 21)(9, 16)(10, 17)(11, 32)(12, 29)(13, 31)(14, 34)(15, 43)(18, 27)(19, 26)(20, 46)(22, 39)(23, 40)(28, 35)(30, 44)(36, 38)(37, 47)(41, 42)(45, 48) ]}
959;[ 2, 2, 2, 6 ];{[ (1, 23, 38, 6, 7, 20)(2, 28, 11, 10, 31, 30)(3, 26, 34, 15, 24, 12)(4, 40, 46, 17, 21, 36)(5, 42, 48, 19, 22, 37)(8, 43, 29, 25, 33, 14)(9, 32, 13, 27, 44, 35)(16, 41, 47, 18, 39, 45), (1, 22)(2, 32)(3, 29)(4, 41)(5, 7)(6, 42)(8, 34)(9, 28)(10, 44)(11, 35)(12, 25)(13, 30)(14, 15)(16, 40)(17, 39)(18, 21)(19, 23)(20, 37)(24, 33)(26, 43)(27, 31)(36, 47)(38, 48)(45, 46), (1, 26)(2, 16)(3, 15)(4, 9)(5, 25)(6, 24)(7, 47)(8, 19)(10, 18)(11, 30)(17, 27)(20, 39)(21, 37)(22, 46)(23, 45)(32, 44)(33, 43)(36, 42)(38, 41)(40, 48), (1, 8)(2, 4)(3, 33)(5, 24)(6, 25)(7, 21)(9, 16)(10, 17)(11, 32)(12, 29)(13, 31)(14, 34)(15, 43)(18, 27)(19, 26)(20, 46)(22, 39)(23, 40)(28, 35)(30, 44)(36, 38)(37, 47)(41, 42)(45, 48) ]}
959;[ 2, 2, 3, 3 ];{}
959;[ 2, 3, 10 ];{}
959;[ 2, 3, 12 ];{}
959;[ 2, 3, 20 ];{}
959;[ 2, 4, 10 ];{}
959;[ 2, 4, 12 ];{}
959;[ 2, 4, 6 ];{}
959;[ 2, 5, 6 ];{}
959;[ 2, 6, 10 ];{}
959;[ 2, 6, 6 ];{}
959;[ 3, 4, 4 ];{}
960;[ 2, 2, 2, 10 ];{}
960;[ 2, 2, 2, 3 ];{}
960;[ 2, 2, 2, 4 ];{}
960;[ 2, 2, 2, 5 ];{}
960;[ 2, 2, 2, 6 ];{}
960;[ 2, 2, 3, 3 ];{}
960;[ 2, 3, 10 ];{}
960;[ 2, 4, 10 ];{}
960;[ 2, 4, 6 ];{}
960;[ 2, 5, 6 ];{}
960;[ 2, 6, 10 ];{}
960;[ 2, 6, 6 ];{}
960;[ 3, 4, 4 ];{}
961;[ 2, 4, 12 ];{}
961;[ 2, 4, 8 ];{}
961;[ 3, 4, 4 ];{}
962;[ 2, 4, 8 ];{}
962;[ 3, 4, 4 ];{}
967;[ 2, 2, 2, 10 ];{}
967;[ 2, 2, 2, 3 ];{}
967;[ 2, 2, 2, 4 ];{}
967;[ 2, 2, 2, 5 ];{}
967;[ 2, 2, 2, 6 ];{}
967;[ 2, 2, 2, 8 ];{}
967;[ 2, 2, 3, 3 ];{}
967;[ 2, 3, 10 ];{}
967;[ 2, 3, 12 ];{}
967;[ 2, 3, 20 ];{}
967;[ 2, 3, 30 ];{}
967;[ 2, 3, 40 ];{}
967;[ 2, 4, 10 ];{}
967;[ 2, 4, 12 ];{}
967;[ 2, 4, 15 ];{}
967;[ 2, 4, 6 ];{}
967;[ 2, 4, 8 ];{}
967;[ 2, 5, 6 ];{}
967;[ 2, 5, 8 ];{}
967;[ 2, 6, 10 ];{}
967;[ 2, 6, 6 ];{}
967;[ 3, 4, 4 ];{}
968;[ 2, 2, 2, 10 ];{}
968;[ 2, 2, 2, 3 ];{}
968;[ 2, 2, 2, 4 ];{}
968;[ 2, 2, 2, 5 ];{}
968;[ 2, 2, 2, 6 ];{}
968;[ 2, 2, 2, 8 ];{}
968;[ 2, 2, 3, 3 ];{}
968;[ 2, 3, 10 ];{}
968;[ 2, 3, 12 ];{}
968;[ 2, 3, 20 ];{}
968;[ 2, 3, 30 ];{}
968;[ 2, 3, 40 ];{}
968;[ 2, 4, 10 ];{}
968;[ 2, 4, 12 ];{}
968;[ 2, 4, 15 ];{}
968;[ 2, 4, 6 ];{}
968;[ 2, 4, 8 ];{}
968;[ 2, 5, 6 ];{}
968;[ 2, 5, 8 ];{}
968;[ 2, 6, 10 ];{}
968;[ 2, 6, 6 ];{}
968;[ 3, 4, 4 ];{}
969;[ 2, 2, 2, 10 ];{}
969;[ 2, 2, 2, 3 ];{}
969;[ 2, 2, 2, 4 ];{}
969;[ 2, 2, 2, 5 ];{}
969;[ 2, 2, 2, 6 ];{}
969;[ 2, 2, 2, 8 ];{}
969;[ 2, 2, 3, 3 ];{}
969;[ 2, 3, 10 ];{}
969;[ 2, 3, 12 ];{}
969;[ 2, 3, 20 ];{}
969;[ 2, 3, 30 ];{}
969;[ 2, 3, 40 ];{}
969;[ 2, 4, 10 ];{}
969;[ 2, 4, 12 ];{}
969;[ 2, 4, 15 ];{}
969;[ 2, 4, 6 ];{}
969;[ 2, 4, 8 ];{}
969;[ 2, 5, 6 ];{}
969;[ 2, 5, 8 ];{}
969;[ 2, 6, 10 ];{}
969;[ 2, 6, 6 ];{}
969;[ 3, 4, 4 ];{}
970;[ 2, 2, 2, 10 ];{}
970;[ 2, 2, 2, 3 ];{}
970;[ 2, 2, 2, 4 ];{}
970;[ 2, 2, 2, 5 ];{}
970;[ 2, 2, 2, 6 ];{}
970;[ 2, 2, 2, 8 ];{}
970;[ 2, 2, 3, 3 ];{}
970;[ 2, 3, 10 ];{}
970;[ 2, 3, 12 ];{}
970;[ 2, 3, 20 ];{}
970;[ 2, 3, 30 ];{}
970;[ 2, 3, 40 ];{}
970;[ 2, 4, 10 ];{}
970;[ 2, 4, 12 ];{}
970;[ 2, 4, 15 ];{}
970;[ 2, 4, 6 ];{}
970;[ 2, 4, 8 ];{}
970;[ 2, 5, 6 ];{}
970;[ 2, 5, 8 ];{}
970;[ 2, 6, 10 ];{}
970;[ 2, 6, 6 ];{}
970;[ 3, 4, 4 ];{}
971;[ 2, 2, 2, 10 ];{}
971;[ 2, 2, 2, 3 ];{}
971;[ 2, 2, 2, 4 ];{}
971;[ 2, 2, 2, 5 ];{}
971;[ 2, 2, 2, 6 ];{}
971;[ 2, 2, 2, 8 ];{}
971;[ 2, 2, 3, 3 ];{}
971;[ 2, 3, 10 ];{}
971;[ 2, 3, 20 ];{}
971;[ 2, 3, 30 ];{}
971;[ 2, 3, 40 ];{}
971;[ 2, 4, 10 ];{}
971;[ 2, 4, 15 ];{}
971;[ 2, 4, 6 ];{}
971;[ 2, 4, 8 ];{}
971;[ 2, 5, 6 ];{}
971;[ 2, 5, 8 ];{}
971;[ 2, 6, 10 ];{}
971;[ 2, 6, 6 ];{}
971;[ 3, 4, 4 ];{}
972;[ 2, 2, 2, 10 ];{}
972;[ 2, 2, 2, 3 ];{}
972;[ 2, 2, 2, 4 ];{}
972;[ 2, 2, 2, 5 ];{}
972;[ 2, 2, 2, 6 ];{}
972;[ 2, 2, 2, 8 ];{}
972;[ 2, 2, 3, 3 ];{}
972;[ 2, 3, 10 ];{}
972;[ 2, 3, 20 ];{}
972;[ 2, 3, 30 ];{}
972;[ 2, 3, 40 ];{}
972;[ 2, 4, 10 ];{}
972;[ 2, 4, 15 ];{}
972;[ 2, 4, 6 ];{}
972;[ 2, 4, 8 ];{}
972;[ 2, 5, 6 ];{}
972;[ 2, 5, 8 ];{}
972;[ 2, 6, 10 ];{}
972;[ 2, 6, 6 ];{}
972;[ 3, 4, 4 ];{}
973;[ 2, 2, 2, 10 ];{}
973;[ 2, 2, 2, 3 ];{}
973;[ 2, 2, 2, 4 ];{}
973;[ 2, 2, 2, 5 ];{}
973;[ 2, 2, 2, 6 ];{}
973;[ 2, 2, 2, 8 ];{}
973;[ 2, 2, 3, 3 ];{}
973;[ 2, 3, 10 ];{}
973;[ 2, 3, 20 ];{}
973;[ 2, 3, 30 ];{}
973;[ 2, 3, 40 ];{}
973;[ 2, 4, 10 ];{}
973;[ 2, 4, 15 ];{}
973;[ 2, 4, 6 ];{}
973;[ 2, 4, 8 ];{}
973;[ 2, 5, 6 ];{}
973;[ 2, 5, 8 ];{}
973;[ 2, 6, 10 ];{}
973;[ 2, 6, 6 ];{}
973;[ 3, 4, 4 ];{}
974;[ 2, 2, 2, 10 ];{}
974;[ 2, 2, 2, 3 ];{}
974;[ 2, 2, 2, 4 ];{}
974;[ 2, 2, 2, 5 ];{}
974;[ 2, 2, 2, 6 ];{}
974;[ 2, 2, 2, 8 ];{}
974;[ 2, 2, 3, 3 ];{}
974;[ 2, 3, 10 ];{}
974;[ 2, 3, 20 ];{}
974;[ 2, 3, 30 ];{}
974;[ 2, 3, 40 ];{}
974;[ 2, 4, 10 ];{}
974;[ 2, 4, 15 ];{}
974;[ 2, 4, 6 ];{}
974;[ 2, 4, 8 ];{}
974;[ 2, 5, 6 ];{}
974;[ 2, 5, 8 ];{}
974;[ 2, 6, 10 ];{}
974;[ 2, 6, 6 ];{}
974;[ 3, 4, 4 ];{}
975;[ 2, 2, 2, 10 ];{}
975;[ 2, 2, 2, 3 ];{}
975;[ 2, 2, 2, 4 ];{}
975;[ 2, 2, 2, 5 ];{}
975;[ 2, 2, 2, 6 ];{}
975;[ 2, 2, 3, 3 ];{}
975;[ 2, 3, 10 ];{}
975;[ 2, 3, 12 ];{}
975;[ 2, 3, 20 ];{}
975;[ 2, 3, 30 ];{}
975;[ 2, 4, 10 ];{}
975;[ 2, 4, 12 ];{}
975;[ 2, 4, 15 ];{}
975;[ 2, 4, 6 ];{}
975;[ 2, 5, 6 ];{}
975;[ 2, 6, 10 ];{}
975;[ 2, 6, 6 ];{}
975;[ 3, 4, 4 ];{}
976;[ 2, 4, 12 ];{}
976;[ 3, 4, 4 ];{}
977;[ 2, 4, 12 ];{}
977;[ 3, 4, 4 ];{}
978;[ 2, 2, 2, 10 ];{}
978;[ 2, 2, 2, 3 ];{}
978;[ 2, 2, 2, 4 ];{}
978;[ 2, 2, 2, 5 ];{}
978;[ 2, 2, 2, 6 ];{}
978;[ 2, 2, 3, 3 ];{}
978;[ 2, 3, 10 ];{}
978;[ 2, 3, 12 ];{}
978;[ 2, 3, 20 ];{}
978;[ 2, 3, 30 ];{}
978;[ 2, 4, 10 ];{}
978;[ 2, 4, 12 ];{}
978;[ 2, 4, 15 ];{}
978;[ 2, 4, 6 ];{}
978;[ 2, 5, 6 ];{}
978;[ 2, 6, 10 ];{}
978;[ 2, 6, 6 ];{}
978;[ 3, 4, 4 ];{}
979;[ 3, 4, 4 ];{}
980;[ 2, 2, 2, 10 ];{}
980;[ 2, 2, 2, 3 ];{}
980;[ 2, 2, 2, 4 ];{}
980;[ 2, 2, 2, 5 ];{}
980;[ 2, 2, 2, 6 ];{}
980;[ 2, 2, 3, 3 ];{}
980;[ 2, 3, 10 ];{}
980;[ 2, 3, 20 ];{}
980;[ 2, 3, 30 ];{}
980;[ 2, 4, 10 ];{}
980;[ 2, 4, 15 ];{}
980;[ 2, 4, 6 ];{}
980;[ 2, 5, 6 ];{}
980;[ 2, 6, 10 ];{}
980;[ 2, 6, 6 ];{}
980;[ 3, 4, 4 ];{}
981;[ 2, 2, 2, 10 ];{}
981;[ 2, 2, 2, 3 ];{}
981;[ 2, 2, 2, 4 ];{}
981;[ 2, 2, 2, 5 ];{}
981;[ 2, 2, 2, 6 ];{[ $.1 * $.4 * $.5, $.1 * $.3 * $.5^2 * $.6, $.1 * $.2 * $.3 * $.4, $.1 * $.2 * $.5^4 * $.6 * $.7 ]}
981;[ 2, 2, 3, 3 ];{}
981;[ 2, 3, 10 ];{}
981;[ 2, 3, 20 ];{}
981;[ 2, 3, 30 ];{}
981;[ 2, 4, 10 ];{}
981;[ 2, 4, 15 ];{}
981;[ 2, 4, 6 ];{}
981;[ 2, 5, 6 ];{}
981;[ 2, 6, 10 ];{}
981;[ 2, 6, 6 ];{}
981;[ 3, 4, 4 ];{}
