100;[ 2, 4, 12 ];{}
100;[ 3, 4, 4 ];{}
100;[ 4, 4, 4 ];{}
101;[ 2, 4, 12 ];{}
101;[ 3, 4, 4 ];{}
101;[ 4, 4, 4 ];{}
102;[ 2, 2, 2, 3 ];{}
102;[ 2, 2, 2, 4 ];{}
102;[ 2, 2, 2, 6 ];{}
102;[ 2, 2, 2, 7 ];{}
102;[ 2, 2, 3, 3 ];{}
102;[ 2, 3, 14 ];{}
102;[ 2, 3, 42 ];{}
102;[ 2, 4, 6 ];{}
102;[ 2, 4, 7 ];{}
102;[ 2, 6, 6 ];{}
102;[ 3, 4, 4 ];{}
102;[ 3, 4, 6 ];{}
102;[ 4, 4, 4 ];{}
103;[ 2, 2, 2, 3 ];{}
103;[ 2, 2, 2, 4 ];{}
103;[ 2, 2, 2, 6 ];{}
103;[ 2, 2, 2, 7 ];{}
103;[ 2, 2, 3, 3 ];{}
103;[ 2, 3, 14 ];{}
103;[ 2, 3, 28 ];{}
103;[ 2, 3, 42 ];{}
103;[ 2, 4, 6 ];{}
103;[ 2, 4, 7 ];{}
103;[ 2, 6, 6 ];{}
103;[ 3, 4, 4 ];{}
103;[ 3, 4, 6 ];{}
103;[ 4, 4, 4 ];{}
104;[ 2, 2, 2, 3 ];{}
104;[ 2, 2, 2, 4 ];{}
104;[ 2, 2, 2, 6 ];{}
104;[ 2, 2, 2, 7 ];{}
104;[ 2, 2, 3, 3 ];{}
104;[ 2, 3, 12 ];{}
104;[ 2, 3, 14 ];{}
104;[ 2, 3, 42 ];{}
104;[ 2, 4, 12 ];{}
104;[ 2, 4, 6 ];{}
104;[ 2, 4, 7 ];{}
104;[ 2, 6, 12 ];{}
104;[ 2, 6, 6 ];{}
104;[ 3, 4, 4 ];{}
104;[ 3, 4, 6 ];{}
104;[ 4, 4, 4 ];{}
105;[ 2, 2, 2, 3 ];{}
105;[ 2, 2, 2, 4 ];{}
105;[ 2, 2, 2, 6 ];{}
105;[ 2, 2, 2, 7 ];{}
105;[ 2, 2, 3, 3 ];{}
105;[ 2, 3, 12 ];{}
105;[ 2, 3, 14 ];{}
105;[ 2, 3, 28 ];{}
105;[ 2, 3, 42 ];{}
105;[ 2, 4, 12 ];{}
105;[ 2, 4, 6 ];{}
105;[ 2, 4, 7 ];{}
105;[ 2, 6, 12 ];{}
105;[ 2, 6, 6 ];{}
105;[ 3, 4, 4 ];{}
105;[ 3, 4, 6 ];{}
105;[ 4, 4, 4 ];{}
111;[ 2, 4, 12 ];{}
111;[ 3, 4, 4 ];{}
111;[ 4, 4, 4 ];{}
112;[ 2, 4, 12 ];{}
112;[ 3, 4, 4 ];{}
112;[ 4, 4, 4 ];{}
113;[ 2, 4, 12 ];{}
113;[ 3, 4, 4 ];{}
113;[ 4, 4, 4 ];{}
114;[ 2, 2, 2, 3 ];{}
114;[ 2, 2, 2, 4 ];{}
114;[ 2, 2, 2, 6 ];{}
114;[ 2, 2, 2, 7 ];{}
114;[ 2, 2, 3, 3 ];{}
114;[ 2, 3, 14 ];{}
114;[ 2, 3, 42 ];{}
114;[ 2, 4, 6 ];{}
114;[ 2, 4, 7 ];{}
114;[ 2, 6, 6 ];{}
114;[ 3, 4, 4 ];{}
114;[ 3, 4, 6 ];{}
114;[ 4, 4, 4 ];{}
115;[ 2, 2, 2, 3 ];{}
115;[ 2, 2, 2, 4 ];{}
115;[ 2, 2, 2, 6 ];{[ $.1 * $.4 * $.5^2, $.1 * $.5^2 * $.6^6, $.1 * $.2 * $.4 * $.5 * $.6^4, $.1 * $.2 * $.5 * $.6^5 ]}
115;[ 2, 2, 2, 7 ];{}
115;[ 2, 2, 3, 3 ];{}
115;[ 2, 3, 12 ];{}
115;[ 2, 3, 14 ];{}
115;[ 2, 3, 28 ];{}
115;[ 2, 3, 42 ];{}
115;[ 2, 3, 84 ];{}
115;[ 2, 4, 12 ];{}
115;[ 2, 4, 6 ];{}
115;[ 2, 4, 7 ];{}
115;[ 2, 6, 12 ];{}
115;[ 2, 6, 6 ];{}
115;[ 3, 4, 4 ];{}
115;[ 3, 4, 6 ];{}
115;[ 4, 4, 4 ];{}
116;[ 2, 2, 2, 3 ];{}
116;[ 2, 2, 2, 4 ];{}
116;[ 2, 2, 2, 6 ];{}
116;[ 2, 2, 2, 7 ];{}
116;[ 2, 2, 3, 3 ];{}
116;[ 2, 3, 12 ];{}
116;[ 2, 3, 14 ];{}
116;[ 2, 3, 42 ];{}
116;[ 2, 4, 12 ];{}
116;[ 2, 4, 6 ];{}
116;[ 2, 4, 7 ];{}
116;[ 2, 6, 12 ];{}
116;[ 2, 6, 6 ];{}
116;[ 3, 4, 4 ];{}
116;[ 3, 4, 6 ];{}
116;[ 4, 4, 4 ];{}
117;[ 2, 2, 2, 3 ];{}
117;[ 2, 2, 2, 4 ];{}
117;[ 2, 2, 2, 6 ];{}
117;[ 2, 2, 2, 7 ];{}
117;[ 2, 2, 3, 3 ];{}
117;[ 2, 3, 12 ];{}
117;[ 2, 3, 14 ];{}
117;[ 2, 3, 28 ];{}
117;[ 2, 3, 42 ];{}
117;[ 2, 3, 84 ];{}
117;[ 2, 4, 12 ];{}
117;[ 2, 4, 6 ];{}
117;[ 2, 4, 7 ];{}
117;[ 2, 6, 12 ];{}
117;[ 2, 6, 6 ];{}
117;[ 3, 4, 4 ];{}
117;[ 3, 4, 6 ];{}
117;[ 4, 4, 4 ];{}
118;[ 2, 4, 12 ];{}
118;[ 3, 4, 4 ];{}
118;[ 4, 4, 4 ];{}
119;[ 2, 4, 12 ];{}
119;[ 3, 4, 4 ];{}
119;[ 4, 4, 4 ];{}
12;[ 2, 2, 2, 3 ];{}
12;[ 2, 2, 2, 4 ];{}
12;[ 2, 2, 2, 6 ];{}
12;[ 2, 2, 2, 7 ];{}
12;[ 2, 2, 2, 9 ];{}
12;[ 2, 2, 3, 3 ];{}
12;[ 2, 3, 126 ];{}
12;[ 2, 3, 28 ];{}
12;[ 2, 3, 36 ];{}
12;[ 2, 3, 42 ];{}
12;[ 2, 4, 12 ];{}
12;[ 2, 4, 36 ];{}
12;[ 2, 4, 63 ];{}
12;[ 2, 4, 9 ];{}
12;[ 2, 6, 12 ];{}
12;[ 2, 6, 6 ];{}
12;[ 2, 6, 9 ];{}
12;[ 2, 7, 36 ];{}
12;[ 3, 4, 4 ];{}
12;[ 3, 4, 6 ];{}
12;[ 4, 4, 4 ];{}
120;[ 2, 2, 2, 3 ];{}
120;[ 2, 2, 2, 4 ];{}
120;[ 2, 2, 2, 6 ];{}
120;[ 2, 2, 2, 7 ];{}
120;[ 2, 2, 3, 3 ];{}
120;[ 2, 3, 12 ];{}
120;[ 2, 3, 14 ];{}
120;[ 2, 3, 42 ];{}
120;[ 2, 4, 12 ];{}
120;[ 2, 4, 6 ];{}
120;[ 2, 4, 7 ];{}
120;[ 2, 6, 12 ];{}
120;[ 2, 6, 6 ];{}
120;[ 3, 4, 4 ];{}
120;[ 3, 4, 6 ];{}
120;[ 4, 4, 4 ];{}
121;[ 2, 2, 2, 3 ];{}
121;[ 2, 2, 2, 4 ];{}
121;[ 2, 2, 2, 6 ];{}
121;[ 2, 2, 2, 7 ];{}
121;[ 2, 2, 3, 3 ];{}
121;[ 2, 3, 14 ];{}
121;[ 2, 3, 28 ];{}
121;[ 2, 3, 42 ];{}
121;[ 2, 4, 6 ];{}
121;[ 2, 4, 7 ];{}
121;[ 2, 6, 6 ];{}
121;[ 3, 4, 4 ];{}
121;[ 3, 4, 6 ];{}
121;[ 4, 4, 4 ];{}
122;[ 2, 2, 2, 3 ];{}
122;[ 2, 2, 2, 4 ];{}
122;[ 2, 2, 2, 6 ];{}
122;[ 2, 2, 2, 7 ];{}
122;[ 2, 2, 3, 3 ];{}
122;[ 2, 3, 12 ];{}
122;[ 2, 3, 14 ];{}
122;[ 2, 3, 28 ];{}
122;[ 2, 3, 42 ];{}
122;[ 2, 4, 12 ];{}
122;[ 2, 4, 6 ];{}
122;[ 2, 4, 7 ];{}
122;[ 2, 6, 12 ];{}
122;[ 2, 6, 6 ];{}
122;[ 3, 4, 4 ];{}
122;[ 3, 4, 6 ];{}
122;[ 4, 4, 4 ];{}
124;[ 2, 2, 3, 3 ];{}
124;[ 2, 3, 12 ];{}
124;[ 2, 3, 42 ];{}
124;[ 2, 3, 84 ];{}
124;[ 2, 6, 12 ];{}
124;[ 2, 6, 6 ];{}
124;[ 3, 4, 6 ];{}
125;[ 2, 2, 3, 3 ];{}
125;[ 2, 3, 12 ];{}
125;[ 2, 3, 42 ];{}
125;[ 2, 3, 84 ];{}
125;[ 2, 6, 12 ];{}
125;[ 2, 6, 6 ];{}
125;[ 3, 4, 6 ];{}
127;[ 2, 2, 3, 3 ];{}
127;[ 2, 3, 12 ];{}
127;[ 2, 3, 21 ];{}
127;[ 2, 3, 42 ];{}
127;[ 2, 3, 84 ];{}
127;[ 2, 6, 12 ];{}
127;[ 2, 6, 6 ];{}
127;[ 3, 3, 12 ];{}
127;[ 3, 3, 4 ];{}
127;[ 3, 3, 6 ];{[ $.1^2 * $.3 * $.4 * $.6, $.1^2 * $.2 * $.4 * $.5 * $.6, $.1^2 * $.2^2 * $.5^3 * $.6 ]:[ $.1 * $.2^2 * $.3 * $.5^5 * $.6, $.1 * $.4, $.1 * $.2 * $.5 ]}
127;[ 3, 4, 6 ];{}
128;[ 2, 2, 3, 3 ];{}
128;[ 2, 3, 12 ];{}
128;[ 2, 3, 42 ];{}
128;[ 2, 3, 84 ];{}
128;[ 2, 6, 12 ];{}
128;[ 2, 6, 6 ];{}
128;[ 3, 4, 6 ];{}
13;[ 2, 4, 12 ];{}
13;[ 2, 4, 36 ];{}
13;[ 3, 4, 4 ];{}
13;[ 4, 4, 4 ];{}
130;[ 2, 2, 3, 3 ];{}
130;[ 2, 3, 12 ];{}
130;[ 2, 3, 42 ];{}
130;[ 2, 3, 84 ];{}
130;[ 2, 6, 12 ];{}
130;[ 2, 6, 6 ];{}
130;[ 3, 4, 6 ];{}
132;[ 2, 2, 3, 3 ];{}
132;[ 2, 3, 12 ];{}
132;[ 2, 3, 42 ];{}
132;[ 2, 6, 12 ];{}
132;[ 2, 6, 6 ];{}
132;[ 3, 4, 6 ];{}
138;[ 2, 2, 3, 3 ];{}
138;[ 2, 3, 12 ];{}
138;[ 2, 3, 42 ];{}
138;[ 2, 3, 84 ];{}
138;[ 2, 6, 12 ];{}
138;[ 2, 6, 6 ];{}
138;[ 3, 4, 6 ];{}
14;[ 2, 4, 12 ];{}
14;[ 2, 4, 36 ];{}
14;[ 3, 4, 4 ];{}
14;[ 4, 4, 4 ];{}
140;[ 2, 2, 3, 3 ];{}
140;[ 2, 3, 12 ];{}
140;[ 2, 3, 42 ];{}
140;[ 2, 3, 84 ];{}
140;[ 2, 6, 12 ];{}
140;[ 2, 6, 6 ];{}
140;[ 3, 4, 6 ];{}
142;[ 2, 2, 3, 3 ];{}
142;[ 2, 3, 12 ];{}
142;[ 2, 3, 42 ];{}
142;[ 2, 6, 12 ];{}
142;[ 2, 6, 6 ];{}
142;[ 3, 4, 6 ];{}
148;[ 2, 2, 2, 3 ];{}
148;[ 2, 2, 2, 4 ];{}
148;[ 2, 2, 2, 6 ];{}
148;[ 2, 2, 2, 7 ];{}
148;[ 2, 2, 3, 3 ];{}
148;[ 2, 3, 12 ];{}
148;[ 2, 3, 14 ];{}
148;[ 2, 3, 28 ];{}
148;[ 2, 3, 42 ];{}
148;[ 2, 3, 84 ];{}
148;[ 2, 4, 12 ];{}
148;[ 2, 4, 6 ];{}
148;[ 2, 4, 7 ];{}
148;[ 2, 6, 12 ];{}
148;[ 2, 6, 6 ];{}
148;[ 3, 4, 4 ];{}
148;[ 3, 4, 6 ];{}
148;[ 4, 4, 4 ];{}
149;[ 2, 4, 12 ];{}
149;[ 3, 4, 4 ];{}
149;[ 4, 4, 4 ];{}
15;[ 2, 2, 2, 3 ];{}
15;[ 2, 2, 2, 4 ];{}
15;[ 2, 2, 2, 6 ];{}
15;[ 2, 2, 2, 7 ];{}
15;[ 2, 2, 2, 9 ];{}
15;[ 2, 2, 3, 3 ];{}
15;[ 2, 3, 126 ];{}
15;[ 2, 3, 36 ];{}
15;[ 2, 3, 42 ];{}
15;[ 2, 4, 12 ];{}
15;[ 2, 4, 36 ];{}
15;[ 2, 4, 63 ];{}
15;[ 2, 4, 9 ];{}
15;[ 2, 6, 12 ];{}
15;[ 2, 6, 6 ];{}
15;[ 2, 6, 9 ];{}
15;[ 2, 7, 36 ];{}
15;[ 3, 4, 4 ];{}
15;[ 3, 4, 6 ];{}
15;[ 4, 4, 4 ];{}
150;[ 2, 2, 2, 3 ];{}
150;[ 2, 2, 2, 4 ];{}
150;[ 2, 2, 2, 6 ];{}
150;[ 2, 2, 2, 7 ];{}
150;[ 2, 2, 3, 3 ];{}
150;[ 2, 3, 12 ];{}
150;[ 2, 3, 14 ];{}
150;[ 2, 3, 28 ];{}
150;[ 2, 3, 42 ];{}
150;[ 2, 3, 84 ];{}
150;[ 2, 4, 12 ];{}
150;[ 2, 4, 6 ];{}
150;[ 2, 4, 7 ];{}
150;[ 2, 6, 12 ];{}
150;[ 2, 6, 6 ];{}
150;[ 3, 4, 4 ];{}
150;[ 3, 4, 6 ];{}
150;[ 4, 4, 4 ];{}
151;[ 3, 4, 4 ];{}
151;[ 4, 4, 4 ];{}
152;[ 2, 2, 2, 3 ];{}
152;[ 2, 2, 2, 4 ];{}
152;[ 2, 2, 2, 6 ];{}
152;[ 2, 2, 2, 7 ];{}
152;[ 2, 2, 3, 3 ];{}
152;[ 2, 3, 14 ];{}
152;[ 2, 3, 42 ];{}
152;[ 2, 4, 6 ];{}
152;[ 2, 4, 7 ];{}
152;[ 2, 6, 6 ];{}
152;[ 3, 4, 4 ];{}
152;[ 3, 4, 6 ];{}
152;[ 4, 4, 4 ];{}
156;[ 2, 2, 2, 3 ];{[ (1, 7, 6)(2, 9, 5)(3, 4, 8), (1, 8)(3, 9)(4, 6)(5, 7), (1, 6)(3, 5)(4, 8)(7, 9), (1, 3)(2, 5)(4, 6)(7, 8) ]}
156;[ 2, 2, 2, 7 ];{[ (1, 7)(2, 6)(3, 9)(4, 8), (1, 7)(2, 5)(4, 9)(6, 8), (1, 4)(2, 5)(3, 9)(6, 7), (1, 3, 8, 2, 6, 7, 4) ]}
156;[ 2, 2, 2, 9 ];{[ (1, 2, 7, 5, 9, 4, 3, 6, 8), (1, 2)(3, 4)(6, 7)(8, 9), (1, 4)(2, 6)(3, 5)(8, 9), (1, 4)(3, 7)(5, 9)(6, 8) ]}
156;[ 2, 2, 3, 3 ];{[ (1, 6, 3)(2, 5, 8)(4, 9, 7), (1, 5, 3)(2, 9, 6)(4, 8, 7), (1, 7)(2, 5)(4, 9)(6, 8), (1, 5)(2, 3)(4, 8)(6, 7) ]}
156;[ 2, 3, 7 ];{[ (1, 6)(2, 4)(3, 9)(5, 8), (1, 8, 7)(2, 5, 4)(3, 9, 6), (1, 7, 5, 4, 8, 6, 3) ]}
156;[ 2, 3, 9 ];{[ (1, 7, 9)(2, 8, 6)(3, 4, 5), (1, 8, 4, 6, 9, 5, 2, 3, 7), (2, 4)(3, 6)(5, 7)(8, 9) ]}
156;[ 3, 3, 9 ];{[ (1, 4, 6, 2, 9, 3, 7, 8, 5), (1, 8, 3)(2, 9, 7)(4, 6, 5), (1, 9, 6)(2, 3, 7)(4, 8, 5) ]}
157;[ 2, 2, 3, 3 ];{[ (1, 5)(6, 7), (1, 7)(3, 4), (1, 6, 4)(2, 3, 5)(8, 10, 9), (1, 3, 2)(4, 7, 5)(8, 9, 10) ]}
157;[ 2, 3, 12 ];{}
157;[ 2, 3, 21 ];{[ (2, 6)(4, 7), (1, 7, 3, 5, 4, 2, 6)(8, 9, 10), (1, 2, 7)(3, 4, 5)(8, 10, 9) ]}
157;[ 2, 6, 12 ];{}
157;[ 2, 6, 6 ];{}
157;[ 3, 3, 12 ];{[ (1, 3)(2, 7, 6, 4)(8, 10, 9), (1, 7, 5)(2, 4, 3)(8, 10, 9), (1, 5, 2)(3, 6, 7)(8, 10, 9) ]:[ (1, 5, 6, 7)(2, 3)(8, 10, 9), (1, 2, 7)(4, 6, 5)(8, 10, 9), (1, 6, 4)(2, 7, 3)(8, 10, 9) ]:[ (1, 4, 2, 5)(3, 6)(8, 10, 9), (1, 5, 3)(4, 7, 6), (1, 6, 7)(2, 4, 3)(8, 9, 10) ]:[ (1, 2, 4, 5)(3, 7)(8, 10, 9), (1, 3, 7)(2, 5, 6), (1, 3, 5)(2, 6, 4)(8, 9, 10) ]}
157;[ 3, 3, 4 ];{[ (1, 4, 6)(3, 5, 7)(8, 10, 9), (1, 3, 6, 2)(5, 7), (1, 2, 4)(3, 6, 7)(8, 9, 10) ]:[ (1, 5, 3)(2, 6, 7)(8, 10, 9), (1, 3, 4, 7)(2, 5), (1, 6, 2)(4, 5, 7)(8, 9, 10) ]}
157;[ 3, 3, 6 ];{}
157;[ 3, 4, 6 ];{}
158;[ 2, 2, 3, 3 ];{}
158;[ 2, 3, 21 ];{}
158;[ 2, 6, 6 ];{}
158;[ 3, 3, 6 ];{[ $.1^2 * $.3^4 * $.5, $.1^2 * $.2 * $.3^6 * $.5, $.1^2 * $.2^2 * $.3^3 * $.4 * $.5 ]:[ $.1 * $.3^2 * $.4, $.1 * $.2^2 * $.3 * $.5 * $.6, $.1 * $.2 * $.3^4 * $.4 ]}
159;[ 2, 2, 3, 3 ];{}
159;[ 2, 3, 12 ];{}
159;[ 2, 6, 12 ];{}
159;[ 2, 6, 6 ];{}
159;[ 3, 4, 6 ];{}
16;[ 3, 4, 4 ];{}
16;[ 4, 4, 4 ];{}
160;[ 2, 2, 3, 3 ];{[ $.1 * $.3^2 * $.4^6 * $.5, $.1 * $.4^4, $.2^2 * $.3 * $.4^4 * $.5, $.2 * $.3 * $.4 * $.5 * $.6 ]}
160;[ 2, 3, 12 ];{[ $.1 * $.3 * $.4^2, $.1 * $.2^2 * $.3^2 * $.4^2 * $.5 * $.6, $.2 * $.3^2 * $.4^5 * $.6 ]:[ $.1 * $.3^2, $.1 * $.2 * $.4^5 * $.5, $.2^2 * $.3^2 * $.4 * $.5 * $.6 ]}
160;[ 2, 6, 12 ];{}
160;[ 2, 6, 6 ];{}
160;[ 3, 4, 6 ];{[ $.1 * $.2 * $.3 * $.4^5, $.1 * $.4^5 * $.6, $.2^2 * $.3 * $.5 * $.6 ]:[ $.1 * $.2^2 * $.3^2 * $.5, $.1 * $.4^4 * $.5, $.2 * $.3^2 * $.4^6 * $.6 ]}
161;[ 2, 2, 3, 3 ];{}
161;[ 2, 6, 6 ];{}
162;[ 2, 2, 3, 3 ];{}
163;[ 2, 2, 3, 3 ];{}
163;[ 2, 3, 42 ];{}
163;[ 2, 6, 6 ];{}
165;[ 2, 8, 8 ];{}
166;[ 3, 4, 4 ];{}
166;[ 4, 4, 4 ];{}
168;[ 2, 2, 2, 3 ];{}
168;[ 2, 2, 2, 4 ];{}
168;[ 2, 2, 2, 6 ];{}
168;[ 2, 2, 2, 7 ];{}
168;[ 2, 2, 3, 3 ];{}
168;[ 2, 3, 14 ];{}
168;[ 2, 3, 42 ];{}
168;[ 2, 4, 6 ];{}
168;[ 2, 4, 7 ];{}
168;[ 2, 6, 6 ];{}
168;[ 3, 4, 4 ];{}
168;[ 3, 4, 6 ];{}
168;[ 4, 4, 4 ];{}
169;[ 2, 2, 2, 3 ];{}
169;[ 2, 2, 2, 4 ];{}
169;[ 2, 2, 2, 6 ];{[ $.1 * $.3 * $.4 * $.5 * $.6^3, $.1 * $.2 * $.3 * $.4 * $.6^2, $.1 * $.2 * $.3 * $.6^6, $.1 * $.3 * $.4 ]}
169;[ 2, 2, 2, 7 ];{}
169;[ 2, 2, 3, 3 ];{}
169;[ 2, 3, 14 ];{}
169;[ 2, 3, 28 ];{}
169;[ 2, 4, 6 ];{}
169;[ 2, 4, 7 ];{}
169;[ 2, 6, 6 ];{}
169;[ 3, 4, 4 ];{}
169;[ 3, 4, 6 ];{}
169;[ 4, 4, 4 ];{}
17;[ 2, 2, 2, 3 ];{}
17;[ 2, 2, 2, 4 ];{}
17;[ 2, 2, 2, 6 ];{}
17;[ 2, 2, 2, 7 ];{}
17;[ 2, 2, 2, 9 ];{}
17;[ 2, 2, 3, 3 ];{}
17;[ 2, 3, 126 ];{}
17;[ 2, 3, 42 ];{}
17;[ 2, 4, 63 ];{}
17;[ 2, 4, 9 ];{}
17;[ 2, 6, 6 ];{}
17;[ 2, 6, 9 ];{}
17;[ 3, 4, 4 ];{}
17;[ 3, 4, 6 ];{}
17;[ 4, 4, 4 ];{}
171;[ 2, 2, 2, 3 ];{}
171;[ 2, 2, 2, 4 ];{}
171;[ 2, 2, 2, 7 ];{}
171;[ 2, 2, 3, 3 ];{}
171;[ 2, 3, 14 ];{}
171;[ 2, 3, 28 ];{}
171;[ 2, 4, 7 ];{}
171;[ 3, 4, 4 ];{}
171;[ 4, 4, 4 ];{}
172;[ 2, 2, 2, 3 ];{}
172;[ 2, 2, 2, 6 ];{[ $.1 * $.4 * $.5 * $.6^6, $.1 * $.3 * $.6^5, $.1 * $.2 * $.5 * $.6^3, $.1 * $.2 * $.3 * $.4^2 * $.6^4 ]}
172;[ 2, 2, 2, 7 ];{}
172;[ 2, 2, 3, 3 ];{}
175;[ 2, 2, 3, 3 ];{}
175;[ 2, 3, 12 ];{}
175;[ 2, 3, 42 ];{}
175;[ 2, 6, 12 ];{}
175;[ 2, 6, 6 ];{}
175;[ 3, 4, 6 ];{}
177;[ 2, 2, 2, 3 ];{}
177;[ 2, 2, 2, 4 ];{[ $.1 * $.3^2 * $.4^3 * $.5, $.1 * $.2 * $.5, $.1 * $.3 * $.4^4, $.1 * $.2^2 ]}
177;[ 2, 2, 2, 6 ];{}
177;[ 2, 2, 2, 7 ];{}
177;[ 2, 2, 3, 3 ];{}
177;[ 2, 3, 14 ];{}
177;[ 2, 3, 42 ];{}
177;[ 2, 4, 6 ];{}
177;[ 2, 4, 7 ];{}
177;[ 2, 6, 6 ];{}
177;[ 3, 4, 4 ];{}
177;[ 3, 4, 6 ];{}
177;[ 4, 4, 4 ];{}
178;[ 2, 2, 3, 3 ];{}
179;[ 2, 2, 3, 3 ];{}
18;[ 2, 2, 2, 3 ];{}
18;[ 2, 2, 2, 4 ];{}
18;[ 2, 2, 2, 6 ];{}
18;[ 2, 2, 2, 7 ];{}
18;[ 2, 2, 2, 9 ];{}
18;[ 2, 2, 3, 3 ];{}
18;[ 2, 3, 126 ];{}
18;[ 2, 3, 28 ];{}
18;[ 2, 3, 42 ];{}
18;[ 2, 4, 63 ];{}
18;[ 2, 4, 9 ];{}
18;[ 2, 6, 6 ];{}
18;[ 2, 6, 9 ];{}
18;[ 3, 4, 4 ];{}
18;[ 3, 4, 6 ];{}
18;[ 4, 4, 4 ];{}
180;[ 2, 2, 3, 3 ];{}
181;[ 2, 2, 3, 3 ];{}
181;[ 2, 3, 42 ];{}
181;[ 2, 6, 6 ];{}
182;[ 2, 2, 3, 3 ];{}
182;[ 2, 3, 42 ];{}
182;[ 2, 6, 6 ];{}
184;[ 2, 2, 3, 3 ];{}
184;[ 2, 3, 42 ];{}
184;[ 2, 6, 6 ];{}
185;[ 2, 2, 3, 3 ];{}
185;[ 2, 3, 42 ];{}
185;[ 2, 6, 6 ];{}
186;[ 2, 2, 3, 3 ];{[ $.1 * $.5 * $.6^2, $.2^2 * $.4 * $.6^3, $.2 * $.5^2 * $.6^4, $.1 * $.3 * $.6^5 ]:[ $.2^2 * $.3 * $.6^2, $.2 * $.4 * $.5, $.1 * $.4 * $.6^3, $.1 * $.3 * $.4 * $.5^2 * $.6^6 ]:[ $.1 * $.6^5, $.2^2 * $.3 * $.4 * $.5 * $.6^3, $.2 * $.3 * $.5 * $.6^2, $.1 * $.3 * $.4 * $.5^2 * $.6^6 ]:[ $.2 * $.3 * $.4 * $.6^2, $.2^2 * $.5 * $.6^2, $.1 * $.3 * $.4 * $.5, $.1 * $.4 * $.6^4 ]:[ $.2^2 * $.3 * $.4 * $.5 * $.6^3, $.2 * $.4 * $.5^2, $.1 * $.3 * $.5 * $.6^4, $.1 * $.3 * $.5 * $.6^5 ]:[ $.1 * $.6^3, $.2 * $.4, $.2^2 * $.4 * $.5 * $.6^5, $.1 * $.3 * $.5 * $.6 ]}
186;[ 2, 3, 42 ];{}
186;[ 2, 6, 6 ];{}
188;[ 3, 4, 4 ];{}
188;[ 4, 4, 4 ];{}
189;[ 2, 2, 3, 3 ];{}
190;[ 2, 2, 2, 3 ];{}
190;[ 2, 2, 2, 6 ];{}
190;[ 2, 2, 2, 7 ];{}
190;[ 2, 2, 3, 3 ];{}
192;[ 2, 2, 2, 3 ];{}
192;[ 2, 2, 2, 6 ];{[ $.1 * $.3 * $.5^2 * $.6^2, $.1 * $.4 * $.5 * $.6, $.1 * $.2 * $.5, $.1 * $.2 * $.3 * $.4^2 * $.5^2 * $.6 ]}
192;[ 2, 2, 2, 7 ];{}
192;[ 2, 2, 3, 3 ];{}
193;[ 2, 2, 2, 3 ];{}
193;[ 2, 2, 2, 6 ];{}
193;[ 2, 2, 2, 7 ];{}
193;[ 2, 2, 3, 3 ];{}
194;[ 2, 2, 3, 3 ];{}
196;[ 2, 2, 3, 3 ];{}
196;[ 2, 3, 42 ];{}
196;[ 2, 6, 6 ];{}
197;[ 2, 2, 3, 3 ];{}
199;[ 2, 2, 3, 3 ];{}
201;[ 2, 2, 2, 3 ];{}
201;[ 2, 2, 2, 6 ];{}
201;[ 2, 2, 2, 7 ];{}
201;[ 2, 2, 3, 3 ];{}
34;[ 2, 2, 2, 4 ];{}
34;[ 2, 2, 2, 6 ];{}
34;[ 2, 2, 2, 7 ];{}
34;[ 2, 2, 2, 9 ];{}
34;[ 2, 2, 3, 3 ];{}
34;[ 2, 6, 12 ];{}
34;[ 2, 6, 252 ];{}
34;[ 2, 7, 36 ];{}
34;[ 3, 4, 6 ];{}
34;[ 4, 4, 4 ];{}
35;[ 4, 4, 4 ];{}
36;[ 2, 2, 2, 4 ];{}
36;[ 2, 2, 2, 6 ];{}
36;[ 2, 2, 2, 7 ];{}
36;[ 2, 2, 2, 9 ];{}
36;[ 2, 2, 3, 3 ];{}
36;[ 2, 6, 12 ];{}
36;[ 2, 6, 252 ];{}
36;[ 2, 7, 36 ];{}
36;[ 3, 4, 6 ];{}
36;[ 4, 4, 4 ];{}
37;[ 3, 4, 4 ];{}
37;[ 4, 4, 4 ];{}
38;[ 2, 2, 2, 3 ];{}
38;[ 2, 2, 2, 4 ];{}
38;[ 2, 2, 2, 6 ];{}
38;[ 2, 2, 2, 7 ];{}
38;[ 2, 2, 2, 9 ];{}
38;[ 2, 2, 3, 3 ];{}
38;[ 2, 3, 126 ];{}
38;[ 2, 3, 42 ];{}
38;[ 2, 4, 63 ];{}
38;[ 2, 4, 9 ];{}
38;[ 2, 6, 6 ];{}
38;[ 2, 6, 9 ];{}
38;[ 3, 4, 4 ];{}
38;[ 3, 4, 6 ];{}
38;[ 4, 4, 4 ];{}
5;[ 2, 8, 8 ];{}
50;[ 2, 8, 8 ];{}
55;[ 2, 2, 2, 3 ];{}
55;[ 2, 2, 2, 4 ];{[ $.1 * $.2 * $.3^6 * $.4^2 * $.5, $.1 * $.3^4 * $.4 * $.5 * $.6, $.1 * $.2^2 * $.3^6 * $.4^2 * $.5, $.1 * $.3 * $.4^2 ]}
55;[ 2, 2, 2, 6 ];{}
55;[ 2, 2, 2, 7 ];{}
55;[ 2, 2, 2, 9 ];{}
55;[ 2, 2, 3, 3 ];{}
55;[ 2, 3, 14 ];{}
55;[ 2, 3, 42 ];{}
55;[ 2, 4, 6 ];{}
55;[ 2, 4, 63 ];{[ $.2 * $.3^4 * $.5 * $.6, $.1 * $.2^2 * $.3^3 * $.6, $.1 * $.2 * $.3^6 ]}
55;[ 2, 4, 7 ];{}
55;[ 2, 4, 9 ];{}
55;[ 2, 6, 6 ];{}
55;[ 2, 6, 9 ];{}
55;[ 3, 4, 4 ];{}
55;[ 3, 4, 6 ];{}
55;[ 4, 4, 4 ];{}
59;[ 2, 2, 2, 3 ];{}
59;[ 2, 2, 2, 6 ];{}
59;[ 2, 2, 2, 7 ];{}
59;[ 2, 2, 2, 9 ];{}
59;[ 2, 2, 3, 3 ];{}
65;[ 2, 2, 2, 3 ];{}
65;[ 2, 2, 2, 6 ];{}
65;[ 2, 2, 2, 7 ];{}
65;[ 2, 2, 2, 9 ];{}
65;[ 2, 2, 3, 3 ];{}
70;[ 2, 2, 3, 3 ];{}
70;[ 2, 3, 12 ];{}
70;[ 2, 3, 42 ];{}
70;[ 2, 6, 12 ];{}
70;[ 2, 6, 6 ];{}
70;[ 3, 4, 6 ];{}
71;[ 2, 2, 3, 3 ];{}
71;[ 2, 3, 12 ];{}
71;[ 2, 3, 42 ];{}
71;[ 2, 6, 12 ];{[ $.2 * $.3^2 * $.5 * $.6^3, $.1 * $.3 * $.5^2 * $.6^2, $.1 * $.2 * $.4 * $.6^4 ]:[ $.1 * $.3^2 * $.5^2 * $.6^4, $.2 * $.3 * $.4 * $.5 * $.6^6, $.1 * $.2 * $.4 * $.5^2 * $.6 ]}
71;[ 2, 6, 6 ];{}
71;[ 3, 4, 6 ];{}
72;[ 2, 2, 3, 3 ];{}
72;[ 2, 3, 12 ];{}
72;[ 2, 3, 42 ];{}
72;[ 2, 6, 12 ];{[ $.1 * $.3 * $.5 * $.6^2, $.2 * $.3^2 * $.5^2 * $.6^3, $.1 * $.2 * $.5 ]:[ $.1 * $.3^2 * $.4 * $.5^2 * $.6^2, $.2 * $.3 * $.4 * $.6^3, $.1 * $.2 * $.5 * $.6^4 ]}
72;[ 2, 6, 6 ];{}
72;[ 3, 4, 6 ];{}
73;[ 2, 2, 3, 3 ];{}
73;[ 2, 3, 12 ];{}
73;[ 2, 3, 42 ];{}
73;[ 2, 6, 12 ];{}
73;[ 2, 6, 6 ];{}
73;[ 3, 4, 6 ];{}
74;[ 2, 2, 3, 3 ];{}
74;[ 2, 3, 12 ];{}
74;[ 2, 3, 21 ];{}
74;[ 2, 3, 42 ];{}
74;[ 2, 6, 12 ];{}
74;[ 2, 6, 6 ];{}
74;[ 3, 3, 12 ];{[ $.1^2 * $.2^2 * $.4, $.1^2 * $.2 * $.4 * $.5^2 * $.6, $.1^2 * $.3 * $.4 * $.5^6 ]:[ $.1 * $.2 * $.3 * $.5^3 * $.6, $.1 * $.2^2 * $.3 * $.5, $.1 * $.3 * $.4 * $.6 ]}
74;[ 3, 3, 4 ];{}
74;[ 3, 3, 6 ];{}
74;[ 3, 4, 6 ];{}
75;[ 2, 2, 3, 3 ];{}
75;[ 2, 3, 12 ];{}
75;[ 2, 3, 42 ];{}
75;[ 2, 3, 84 ];{}
75;[ 2, 6, 12 ];{}
75;[ 2, 6, 6 ];{}
75;[ 3, 4, 6 ];{}
77;[ 2, 2, 3, 3 ];{}
77;[ 2, 3, 12 ];{}
77;[ 2, 3, 42 ];{}
77;[ 2, 3, 84 ];{}
77;[ 2, 6, 12 ];{}
77;[ 2, 6, 6 ];{}
77;[ 3, 4, 6 ];{}
79;[ 2, 2, 3, 3 ];{}
79;[ 2, 3, 12 ];{}
79;[ 2, 3, 42 ];{}
79;[ 2, 6, 12 ];{}
79;[ 2, 6, 6 ];{}
79;[ 3, 4, 6 ];{}
80;[ 2, 2, 3, 3 ];{}
80;[ 2, 3, 12 ];{}
80;[ 2, 3, 42 ];{}
80;[ 2, 3, 84 ];{}
80;[ 2, 6, 12 ];{}
80;[ 2, 6, 6 ];{}
80;[ 3, 4, 6 ];{}
82;[ 2, 2, 3, 3 ];{}
82;[ 2, 3, 12 ];{}
82;[ 2, 3, 42 ];{}
82;[ 2, 3, 84 ];{}
82;[ 2, 6, 12 ];{}
82;[ 2, 6, 6 ];{}
82;[ 3, 4, 6 ];{}
84;[ 2, 2, 3, 3 ];{}
84;[ 2, 3, 12 ];{}
84;[ 2, 3, 42 ];{}
84;[ 2, 6, 12 ];{}
84;[ 2, 6, 6 ];{}
84;[ 3, 4, 6 ];{}
85;[ 2, 2, 3, 3 ];{}
85;[ 2, 3, 12 ];{}
85;[ 2, 3, 42 ];{}
85;[ 2, 3, 84 ];{}
85;[ 2, 6, 12 ];{}
85;[ 2, 6, 6 ];{}
85;[ 3, 4, 6 ];{}
87;[ 2, 2, 3, 3 ];{}
87;[ 2, 3, 12 ];{}
87;[ 2, 3, 42 ];{}
87;[ 2, 3, 84 ];{}
87;[ 2, 6, 12 ];{[ $.2 * $.3 * $.4 * $.5^2, $.1 * $.2 * $.3^2 * $.4 * $.6^6, $.1 * $.5 * $.6^6 ]:[ $.2 * $.3^2 * $.4 * $.5 * $.6, $.1 * $.3 * $.5 * $.6^3, $.1 * $.2 * $.6 ]}
87;[ 2, 6, 6 ];{}
87;[ 3, 4, 6 ];{}
89;[ 2, 2, 3, 3 ];{}
89;[ 2, 3, 12 ];{}
89;[ 2, 3, 42 ];{}
89;[ 2, 6, 12 ];{[ $.1 * $.2 * $.3 * $.4, $.2 * $.3^2 * $.4 * $.5^2 * $.6^5, $.1 * $.5^2 * $.6^5 ]:[ $.1 * $.2 * $.3^2 * $.5, $.2 * $.3 * $.4 * $.5 * $.6^4, $.1 * $.4 * $.5^2 * $.6^4 ]}
89;[ 2, 6, 6 ];{}
89;[ 3, 4, 6 ];{}
91;[ 2, 8, 8 ];{}
95;[ 2, 2, 3, 3 ];{}
95;[ 2, 3, 12 ];{}
95;[ 2, 3, 42 ];{}
95;[ 2, 6, 12 ];{}
95;[ 2, 6, 6 ];{}
95;[ 3, 4, 6 ];{}
96;[ 2, 2, 3, 3 ];{}
96;[ 2, 3, 12 ];{}
96;[ 2, 3, 42 ];{}
96;[ 2, 3, 84 ];{}
96;[ 2, 6, 12 ];{}
96;[ 2, 6, 6 ];{}
96;[ 3, 4, 6 ];{}
97;[ 2, 2, 3, 3 ];{}
97;[ 2, 3, 12 ];{}
97;[ 2, 3, 42 ];{}
97;[ 2, 6, 12 ];{}
97;[ 2, 6, 6 ];{}
97;[ 3, 4, 6 ];{}
98;[ 2, 2, 3, 3 ];{}
98;[ 2, 3, 12 ];{}
98;[ 2, 3, 42 ];{}
98;[ 2, 3, 84 ];{}
98;[ 2, 6, 12 ];{}
98;[ 2, 6, 6 ];{}
98;[ 3, 4, 6 ];{}
99;[ 3, 4, 4 ];{}
99;[ 4, 4, 4 ];{}
