10;[ 2, 8, 8 ];{}
11;[ 4, 4, 4 ];{}
12;[ 4, 4, 4 ];{}
13;[ 4, 4, 4 ];{}
14;[ 2, 2, 2, 4 ];{}
14;[ 2, 2, 2, 5 ];{}
14;[ 2, 4, 10 ];{}
14;[ 2, 4, 130 ];{}
14;[ 2, 4, 26 ];{}
14;[ 4, 4, 4 ];{}
15;[ 2, 2, 2, 4 ];{}
15;[ 2, 2, 2, 5 ];{}
15;[ 2, 4, 10 ];{}
15;[ 2, 4, 130 ];{}
15;[ 2, 4, 26 ];{}
15;[ 4, 4, 4 ];{}
16;[ 2, 2, 2, 4 ];{}
16;[ 2, 2, 2, 5 ];{}
16;[ 2, 4, 10 ];{}
16;[ 2, 4, 130 ];{}
16;[ 2, 4, 26 ];{}
16;[ 2, 5, 20 ];{}
16;[ 4, 4, 4 ];{}
17;[ 2, 2, 2, 4 ];{}
17;[ 2, 2, 2, 5 ];{}
17;[ 2, 4, 10 ];{}
17;[ 2, 4, 130 ];{}
17;[ 2, 4, 26 ];{}
17;[ 2, 5, 20 ];{}
17;[ 4, 4, 4 ];{}
18;[ 2, 5, 20 ];{}
20;[ 2, 5, 20 ];{}
22;[ 2, 5, 20 ];{}
28;[ 2, 2, 2, 4 ];{}
28;[ 2, 2, 2, 5 ];{}
28;[ 2, 5, 20 ];{}
28;[ 4, 4, 4 ];{}
29;[ 4, 4, 4 ];{}
3;[ 2, 8, 8 ];{}
30;[ 2, 2, 2, 4 ];{}
30;[ 2, 2, 2, 5 ];{}
30;[ 2, 5, 20 ];{}
30;[ 4, 4, 4 ];{}
31;[ 4, 4, 4 ];{}
32;[ 2, 2, 2, 4 ];{}
32;[ 2, 2, 2, 5 ];{}
32;[ 2, 4, 10 ];{}
32;[ 2, 4, 130 ];{[ $.2 * $.4^3 * $.5^4, $.1 * $.2 * $.3 * $.5^3, $.1 * $.4^2 * $.5^12 ]}
32;[ 2, 4, 26 ];{}
32;[ 4, 4, 4 ];{}
36;[ 4, 4, 4 ];{}
37;[ 4, 4, 4 ];{}
38;[ 4, 4, 4 ];{}
41;[ 4, 4, 4 ];{}
42;[ 4, 4, 4 ];{}
43;[ 4, 4, 4 ];{}
44;[ 4, 4, 4 ];{}
45;[ 2, 2, 2, 5 ];{}
48;[ 2, 2, 2, 5 ];{}
6;[ 2, 8, 8 ];{}
8;[ 2, 8, 8 ];{}
9;[ 2, 8, 8 ];{}
