10;[ 2, 4, 12 ];{}
10;[ 2, 4, 24 ];{}
10;[ 2, 4, 8 ];{}
10;[ 2, 4, 88 ];{}
10;[ 3, 4, 4 ];{}
100;[ 2, 2, 2, 3 ];{}
100;[ 2, 2, 2, 4 ];{}
100;[ 2, 2, 2, 6 ];{}
100;[ 2, 2, 3, 3 ];{}
101;[ 2, 2, 2, 3 ];{}
101;[ 2, 2, 2, 4 ];{}
101;[ 2, 2, 2, 6 ];{}
101;[ 2, 2, 3, 3 ];{}
102;[ 2, 2, 2, 3 ];{}
102;[ 2, 2, 2, 4 ];{}
102;[ 2, 2, 2, 6 ];{}
102;[ 2, 2, 3, 3 ];{}
103;[ 2, 2, 2, 3 ];{}
103;[ 2, 2, 2, 4 ];{}
103;[ 2, 2, 2, 6 ];{}
103;[ 2, 2, 3, 3 ];{}
104;[ 2, 2, 2, 3 ];{}
104;[ 2, 2, 2, 4 ];{}
104;[ 2, 2, 2, 6 ];{}
104;[ 2, 2, 3, 3 ];{}
105;[ 2, 2, 2, 3 ];{}
105;[ 2, 2, 2, 4 ];{}
105;[ 2, 2, 2, 6 ];{}
105;[ 2, 2, 3, 3 ];{}
107;[ 2, 2, 2, 3 ];{}
107;[ 2, 2, 2, 4 ];{}
107;[ 2, 2, 2, 6 ];{}
107;[ 2, 2, 3, 3 ];{}
108;[ 2, 2, 2, 3 ];{}
108;[ 2, 2, 2, 4 ];{}
108;[ 2, 2, 2, 6 ];{[ $.1 * $.3 * $.4 * $.5 * $.6^8, $.1 * $.6^10, $.1 * $.2 * $.5^2, $.1 * $.2 * $.3 * $.4 * $.5 * $.6^9 ]}
108;[ 2, 2, 3, 3 ];{}
109;[ 2, 2, 2, 3 ];{}
109;[ 2, 2, 2, 4 ];{}
109;[ 2, 2, 2, 6 ];{}
109;[ 2, 2, 3, 3 ];{}
11;[ 2, 2, 2, 3 ];{}
11;[ 2, 2, 2, 4 ];{}
11;[ 2, 2, 2, 6 ];{}
11;[ 2, 2, 2, 8 ];{}
11;[ 2, 2, 3, 3 ];{}
11;[ 2, 3, 132 ];{}
11;[ 2, 3, 22 ];{}
11;[ 2, 3, 44 ];{}
11;[ 2, 3, 66 ];{}
11;[ 2, 4, 11 ];{}
11;[ 2, 4, 12 ];{}
11;[ 2, 4, 8 ];{}
11;[ 2, 6, 6 ];{}
11;[ 2, 6, 8 ];{}
11;[ 3, 4, 4 ];{}
111;[ 2, 2, 2, 3 ];{}
111;[ 2, 2, 2, 4 ];{}
111;[ 2, 2, 2, 6 ];{}
111;[ 2, 2, 3, 3 ];{}
112;[ 2, 2, 2, 3 ];{}
112;[ 2, 2, 2, 4 ];{}
112;[ 2, 2, 2, 6 ];{}
112;[ 2, 2, 3, 3 ];{}
114;[ 2, 2, 2, 3 ];{}
114;[ 2, 2, 2, 4 ];{}
114;[ 2, 2, 2, 6 ];{}
114;[ 2, 2, 3, 3 ];{}
116;[ 2, 2, 2, 3 ];{}
116;[ 2, 2, 2, 4 ];{}
116;[ 2, 2, 2, 6 ];{}
116;[ 2, 2, 3, 3 ];{}
117;[ 2, 2, 2, 3 ];{}
117;[ 2, 2, 2, 4 ];{}
117;[ 2, 2, 2, 6 ];{[ $.1 * $.3 * $.4 * $.5 * $.6^4, $.1 * $.4 * $.6^10, $.1 * $.2 * $.4 * $.5^2 * $.6^2, $.1 * $.2 * $.3 * $.4 * $.5 * $.6^7 ]}
117;[ 2, 2, 3, 3 ];{}
118;[ 2, 2, 2, 3 ];{}
118;[ 2, 2, 2, 4 ];{}
118;[ 2, 2, 2, 6 ];{}
118;[ 2, 2, 3, 3 ];{}
119;[ 2, 2, 2, 3 ];{}
119;[ 2, 2, 2, 4 ];{}
119;[ 2, 2, 2, 6 ];{}
119;[ 2, 2, 3, 3 ];{}
12;[ 2, 2, 2, 3 ];{}
12;[ 2, 2, 2, 4 ];{}
12;[ 2, 2, 2, 6 ];{[ $.1 * $.4 * $.6^6, $.1 * $.5 * $.6^2, $.1 * $.2 * $.6^6, $.1 * $.2 * $.4 * $.5^2 * $.6^10 ]}
12;[ 2, 2, 2, 8 ];{}
12;[ 2, 2, 3, 3 ];{}
12;[ 2, 3, 132 ];{}
12;[ 2, 3, 22 ];{}
12;[ 2, 3, 44 ];{}
12;[ 2, 3, 66 ];{}
12;[ 2, 4, 11 ];{}
12;[ 2, 4, 12 ];{}
12;[ 2, 4, 8 ];{}
12;[ 2, 4, 88 ];{}
12;[ 2, 6, 6 ];{}
12;[ 2, 6, 8 ];{}
12;[ 3, 4, 4 ];{}
120;[ 2, 2, 2, 3 ];{}
120;[ 2, 2, 2, 4 ];{}
120;[ 2, 2, 2, 6 ];{}
120;[ 2, 2, 3, 3 ];{}
121;[ 2, 2, 2, 3 ];{}
121;[ 2, 2, 2, 4 ];{}
121;[ 2, 2, 2, 6 ];{}
121;[ 2, 2, 3, 3 ];{}
122;[ 2, 2, 2, 3 ];{}
122;[ 2, 2, 2, 4 ];{}
122;[ 2, 2, 2, 6 ];{}
122;[ 2, 2, 3, 3 ];{}
126;[ 2, 2, 3, 3 ];{}
128;[ 2, 2, 3, 3 ];{}
129;[ 2, 2, 3, 3 ];{}
13;[ 2, 2, 2, 3 ];{}
13;[ 2, 2, 2, 4 ];{}
13;[ 2, 2, 2, 6 ];{}
13;[ 2, 2, 2, 8 ];{}
13;[ 2, 2, 3, 3 ];{}
13;[ 2, 3, 132 ];{}
13;[ 2, 3, 22 ];{}
13;[ 2, 3, 24 ];{}
13;[ 2, 3, 44 ];{}
13;[ 2, 3, 66 ];{}
13;[ 2, 4, 11 ];{}
13;[ 2, 4, 12 ];{}
13;[ 2, 4, 24 ];{}
13;[ 2, 4, 8 ];{}
13;[ 2, 6, 6 ];{}
13;[ 2, 6, 8 ];{}
13;[ 3, 4, 4 ];{}
130;[ 2, 2, 3, 3 ];{}
131;[ 2, 2, 3, 3 ];{}
132;[ 2, 2, 3, 3 ];{}
133;[ 2, 2, 3, 3 ];{}
135;[ 2, 2, 3, 3 ];{}
14;[ 2, 2, 2, 3 ];{}
14;[ 2, 2, 2, 4 ];{}
14;[ 2, 2, 2, 6 ];{}
14;[ 2, 2, 2, 8 ];{}
14;[ 2, 2, 3, 3 ];{}
14;[ 2, 3, 132 ];{}
14;[ 2, 3, 22 ];{}
14;[ 2, 3, 44 ];{}
14;[ 2, 3, 66 ];{}
14;[ 2, 4, 11 ];{}
14;[ 2, 4, 12 ];{}
14;[ 2, 4, 8 ];{}
14;[ 2, 6, 6 ];{}
14;[ 2, 6, 8 ];{}
14;[ 3, 4, 4 ];{}
146;[ 2, 2, 2, 3 ];{}
146;[ 2, 2, 2, 4 ];{}
146;[ 2, 2, 2, 6 ];{}
146;[ 2, 2, 3, 3 ];{}
148;[ 2, 2, 2, 3 ];{}
148;[ 2, 2, 2, 4 ];{}
148;[ 2, 2, 2, 6 ];{}
148;[ 2, 2, 3, 3 ];{}
149;[ 2, 2, 2, 3 ];{}
149;[ 2, 2, 2, 4 ];{}
149;[ 2, 2, 2, 6 ];{}
149;[ 2, 2, 3, 3 ];{}
15;[ 2, 2, 2, 3 ];{}
15;[ 2, 2, 2, 4 ];{}
15;[ 2, 2, 2, 6 ];{}
15;[ 2, 2, 2, 8 ];{}
15;[ 2, 2, 3, 3 ];{}
15;[ 2, 3, 132 ];{}
15;[ 2, 3, 22 ];{}
15;[ 2, 3, 44 ];{}
15;[ 2, 3, 66 ];{}
15;[ 2, 4, 11 ];{}
15;[ 2, 4, 12 ];{}
15;[ 2, 4, 8 ];{}
15;[ 2, 6, 6 ];{}
15;[ 2, 6, 8 ];{}
15;[ 3, 4, 4 ];{}
150;[ 2, 2, 2, 3 ];{}
150;[ 2, 2, 2, 4 ];{[ $.1 * $.4 * $.5 * $.6^7, $.1 * $.2 * $.4 * $.5^2 * $.6^9, $.1 * $.3 * $.4 * $.6^5, $.1 * $.2 * $.3 * $.5^2 * $.6^3 ]}
150;[ 2, 2, 2, 6 ];{}
150;[ 2, 2, 3, 3 ];{}
151;[ 2, 2, 2, 3 ];{}
151;[ 2, 2, 2, 4 ];{}
151;[ 2, 2, 2, 6 ];{}
151;[ 2, 2, 3, 3 ];{}
152;[ 2, 2, 2, 3 ];{}
152;[ 2, 2, 2, 4 ];{}
152;[ 2, 2, 2, 6 ];{}
152;[ 2, 2, 3, 3 ];{}
153;[ 2, 2, 2, 3 ];{}
153;[ 2, 2, 2, 4 ];{[ $.1 * $.3 * $.5^2 * $.6^7, $.1 * $.4 * $.6^3, $.1 * $.2 * $.4 * $.5^2 * $.6^8, $.1 * $.2 * $.3 * $.4 * $.5 * $.6 ]}
153;[ 2, 2, 2, 6 ];{}
153;[ 2, 2, 3, 3 ];{}
155;[ 2, 2, 2, 3 ];{}
155;[ 2, 2, 2, 4 ];{}
155;[ 2, 2, 2, 6 ];{}
155;[ 2, 2, 3, 3 ];{}
16;[ 2, 2, 2, 3 ];{}
16;[ 2, 2, 2, 4 ];{}
16;[ 2, 2, 2, 6 ];{}
16;[ 2, 2, 2, 8 ];{}
16;[ 2, 2, 3, 3 ];{}
16;[ 2, 3, 132 ];{}
16;[ 2, 3, 22 ];{}
16;[ 2, 3, 44 ];{}
16;[ 2, 3, 66 ];{}
16;[ 2, 4, 11 ];{}
16;[ 2, 4, 12 ];{}
16;[ 2, 4, 8 ];{}
16;[ 2, 4, 88 ];{}
16;[ 2, 6, 6 ];{}
16;[ 2, 6, 8 ];{}
16;[ 3, 4, 4 ];{}
160;[ 2, 2, 2, 3 ];{}
160;[ 2, 2, 2, 4 ];{}
160;[ 2, 2, 2, 6 ];{[ $.1 * $.4^7 * $.6, $.1 * $.2 * $.5 * $.6, $.1 * $.2 * $.3^2, $.1 * $.3 * $.4^7 * $.5 ]}
160;[ 2, 2, 3, 3 ];{}
160;[ 2, 3, 22 ];{}
160;[ 2, 3, 44 ];{}
160;[ 2, 4, 11 ];{}
160;[ 2, 6, 6 ];{}
160;[ 3, 4, 4 ];{}
162;[ 2, 2, 2, 3 ];{}
162;[ 2, 2, 2, 4 ];{[ $.1 * $.2 * $.4^2 * $.5 * $.6, $.1 * $.2 * $.4, $.1 * $.3^2 * $.4^5 * $.6, $.1 * $.3^2 * $.4^6 ]}
162;[ 2, 2, 2, 6 ];{}
162;[ 2, 2, 3, 3 ];{}
162;[ 2, 3, 22 ];{}
162;[ 2, 3, 66 ];{}
162;[ 2, 4, 11 ];{}
162;[ 2, 6, 6 ];{}
162;[ 3, 4, 4 ];{}
163;[ 2, 2, 3, 3 ];{}
163;[ 2, 3, 66 ];{}
163;[ 2, 6, 6 ];{}
17;[ 2, 2, 2, 3 ];{}
17;[ 2, 2, 2, 4 ];{}
17;[ 2, 2, 2, 6 ];{}
17;[ 2, 2, 2, 8 ];{}
17;[ 2, 2, 3, 3 ];{}
17;[ 2, 3, 132 ];{}
17;[ 2, 3, 22 ];{}
17;[ 2, 3, 44 ];{}
17;[ 2, 3, 66 ];{}
17;[ 2, 4, 11 ];{}
17;[ 2, 4, 12 ];{}
17;[ 2, 4, 8 ];{}
17;[ 2, 4, 88 ];{}
17;[ 2, 6, 6 ];{}
17;[ 2, 6, 8 ];{}
17;[ 3, 4, 4 ];{}
18;[ 2, 2, 2, 3 ];{}
18;[ 2, 2, 2, 4 ];{}
18;[ 2, 2, 2, 6 ];{}
18;[ 2, 2, 2, 8 ];{}
18;[ 2, 2, 3, 3 ];{}
18;[ 2, 3, 132 ];{}
18;[ 2, 3, 22 ];{}
18;[ 2, 3, 24 ];{}
18;[ 2, 3, 44 ];{}
18;[ 2, 3, 66 ];{}
18;[ 2, 4, 11 ];{}
18;[ 2, 4, 12 ];{}
18;[ 2, 4, 24 ];{}
18;[ 2, 4, 8 ];{}
18;[ 2, 6, 6 ];{}
18;[ 2, 6, 8 ];{}
18;[ 3, 4, 4 ];{}
19;[ 2, 2, 2, 3 ];{}
19;[ 2, 2, 2, 4 ];{}
19;[ 2, 2, 2, 6 ];{}
19;[ 2, 2, 2, 8 ];{}
19;[ 2, 2, 3, 3 ];{}
19;[ 2, 3, 132 ];{}
19;[ 2, 3, 22 ];{}
19;[ 2, 3, 24 ];{}
19;[ 2, 3, 44 ];{}
19;[ 2, 3, 66 ];{}
19;[ 2, 4, 11 ];{}
19;[ 2, 4, 12 ];{}
19;[ 2, 4, 24 ];{}
19;[ 2, 4, 8 ];{}
19;[ 2, 6, 6 ];{}
19;[ 2, 6, 8 ];{}
19;[ 3, 4, 4 ];{}
20;[ 2, 2, 2, 3 ];{}
20;[ 2, 2, 2, 4 ];{}
20;[ 2, 2, 2, 6 ];{}
20;[ 2, 2, 2, 8 ];{}
20;[ 2, 2, 3, 3 ];{}
20;[ 2, 3, 132 ];{}
20;[ 2, 3, 22 ];{}
20;[ 2, 3, 44 ];{}
20;[ 2, 3, 66 ];{}
20;[ 2, 4, 11 ];{}
20;[ 2, 4, 12 ];{}
20;[ 2, 4, 8 ];{}
20;[ 2, 6, 6 ];{}
20;[ 2, 6, 8 ];{}
20;[ 3, 4, 4 ];{}
21;[ 2, 2, 2, 3 ];{}
21;[ 2, 2, 2, 4 ];{}
21;[ 2, 2, 2, 6 ];{}
21;[ 2, 2, 2, 8 ];{}
21;[ 2, 2, 3, 3 ];{}
21;[ 2, 3, 132 ];{}
21;[ 2, 3, 22 ];{}
21;[ 2, 3, 44 ];{}
21;[ 2, 3, 66 ];{}
21;[ 2, 4, 11 ];{}
21;[ 2, 4, 12 ];{}
21;[ 2, 4, 8 ];{}
21;[ 2, 4, 88 ];{}
21;[ 2, 6, 6 ];{}
21;[ 2, 6, 8 ];{}
21;[ 3, 4, 4 ];{}
22;[ 2, 2, 2, 3 ];{}
22;[ 2, 2, 2, 4 ];{}
22;[ 2, 2, 2, 6 ];{}
22;[ 2, 2, 2, 8 ];{}
22;[ 2, 2, 3, 3 ];{}
22;[ 2, 3, 132 ];{}
22;[ 2, 3, 22 ];{}
22;[ 2, 3, 24 ];{}
22;[ 2, 3, 44 ];{}
22;[ 2, 3, 66 ];{}
22;[ 2, 4, 11 ];{}
22;[ 2, 4, 12 ];{}
22;[ 2, 4, 24 ];{}
22;[ 2, 4, 8 ];{}
22;[ 2, 6, 6 ];{}
22;[ 2, 6, 8 ];{}
22;[ 3, 4, 4 ];{}
23;[ 2, 4, 12 ];{}
23;[ 3, 4, 4 ];{}
24;[ 3, 4, 4 ];{}
25;[ 2, 4, 12 ];{}
25;[ 3, 4, 4 ];{}
26;[ 2, 4, 12 ];{}
26;[ 3, 4, 4 ];{}
27;[ 2, 4, 12 ];{}
27;[ 3, 4, 4 ];{}
28;[ 2, 4, 12 ];{}
28;[ 3, 4, 4 ];{}
29;[ 2, 4, 12 ];{}
29;[ 3, 4, 4 ];{}
33;[ 2, 2, 3, 3 ];{}
34;[ 2, 2, 3, 3 ];{}
35;[ 2, 2, 3, 3 ];{}
42;[ 2, 2, 3, 3 ];{}
42;[ 2, 3, 132 ];{}
42;[ 2, 3, 24 ];{}
42;[ 2, 3, 66 ];{}
42;[ 2, 6, 6 ];{}
43;[ 2, 2, 3, 3 ];{}
43;[ 2, 3, 132 ];{}
43;[ 2, 3, 24 ];{}
43;[ 2, 3, 66 ];{}
43;[ 2, 6, 6 ];{}
44;[ 2, 2, 3, 3 ];{}
44;[ 2, 3, 132 ];{}
44;[ 2, 3, 24 ];{}
44;[ 2, 3, 66 ];{}
44;[ 2, 6, 6 ];{}
45;[ 2, 2, 3, 3 ];{}
45;[ 2, 3, 132 ];{}
45;[ 2, 3, 24 ];{}
45;[ 2, 3, 66 ];{}
45;[ 2, 6, 6 ];{}
64;[ 2, 4, 264 ];{}
65;[ 2, 2, 2, 4 ];{}
65;[ 2, 2, 2, 6 ];{}
65;[ 2, 2, 2, 8 ];{}
65;[ 2, 2, 3, 3 ];{}
65;[ 2, 4, 264 ];{[ $.1 * $.2 * $.3 * $.6^4, $.2 * $.3 * $.4 * $.5 * $.6^5, $.1 * $.3 * $.5 * $.6^9 ]}
66;[ 2, 2, 2, 4 ];{}
66;[ 2, 2, 2, 6 ];{}
66;[ 2, 2, 2, 8 ];{}
66;[ 2, 2, 3, 3 ];{}
66;[ 2, 4, 264 ];{}
67;[ 2, 2, 2, 4 ];{}
67;[ 2, 2, 2, 6 ];{}
67;[ 2, 2, 2, 8 ];{}
67;[ 2, 2, 3, 3 ];{}
67;[ 2, 4, 264 ];{}
69;[ 2, 4, 12 ];{}
69;[ 2, 4, 8 ];{}
69;[ 3, 4, 4 ];{}
70;[ 2, 4, 12 ];{}
70;[ 3, 4, 4 ];{}
71;[ 2, 4, 12 ];{}
71;[ 3, 4, 4 ];{}
72;[ 2, 4, 12 ];{}
72;[ 3, 4, 4 ];{}
73;[ 2, 4, 12 ];{}
73;[ 3, 4, 4 ];{}
74;[ 2, 2, 2, 3 ];{}
74;[ 2, 2, 2, 4 ];{}
74;[ 2, 2, 2, 6 ];{}
74;[ 2, 2, 2, 8 ];{}
74;[ 2, 2, 3, 3 ];{}
74;[ 2, 3, 132 ];{}
74;[ 2, 3, 22 ];{}
74;[ 2, 3, 44 ];{}
74;[ 2, 3, 66 ];{}
74;[ 2, 4, 11 ];{}
74;[ 2, 4, 12 ];{}
74;[ 2, 4, 8 ];{}
74;[ 2, 6, 6 ];{}
74;[ 2, 6, 8 ];{}
74;[ 3, 4, 4 ];{}
75;[ 2, 2, 2, 3 ];{}
75;[ 2, 2, 2, 4 ];{}
75;[ 2, 2, 2, 6 ];{}
75;[ 2, 2, 2, 8 ];{}
75;[ 2, 2, 3, 3 ];{}
75;[ 2, 3, 132 ];{}
75;[ 2, 3, 22 ];{}
75;[ 2, 3, 44 ];{}
75;[ 2, 3, 66 ];{}
75;[ 2, 4, 11 ];{}
75;[ 2, 4, 12 ];{}
75;[ 2, 4, 8 ];{}
75;[ 2, 6, 6 ];{}
75;[ 2, 6, 8 ];{}
75;[ 3, 4, 4 ];{}
76;[ 2, 2, 2, 3 ];{}
76;[ 2, 2, 2, 4 ];{}
76;[ 2, 2, 2, 6 ];{}
76;[ 2, 2, 2, 8 ];{}
76;[ 2, 2, 3, 3 ];{}
76;[ 2, 3, 132 ];{}
76;[ 2, 3, 22 ];{}
76;[ 2, 3, 44 ];{}
76;[ 2, 3, 66 ];{}
76;[ 2, 4, 11 ];{}
76;[ 2, 4, 12 ];{}
76;[ 2, 4, 8 ];{}
76;[ 2, 6, 6 ];{}
76;[ 2, 6, 8 ];{}
76;[ 3, 4, 4 ];{}
77;[ 2, 2, 2, 3 ];{}
77;[ 2, 2, 2, 4 ];{}
77;[ 2, 2, 2, 6 ];{}
77;[ 2, 2, 2, 8 ];{}
77;[ 2, 2, 3, 3 ];{}
77;[ 2, 3, 132 ];{}
77;[ 2, 3, 22 ];{}
77;[ 2, 3, 44 ];{}
77;[ 2, 3, 66 ];{}
77;[ 2, 4, 11 ];{}
77;[ 2, 4, 12 ];{}
77;[ 2, 4, 8 ];{}
77;[ 2, 6, 6 ];{}
77;[ 2, 6, 8 ];{}
77;[ 3, 4, 4 ];{}
78;[ 3, 4, 4 ];{}
8;[ 2, 4, 12 ];{}
8;[ 2, 4, 8 ];{}
8;[ 2, 4, 88 ];{}
8;[ 3, 4, 4 ];{}
9;[ 2, 4, 12 ];{}
9;[ 2, 4, 24 ];{}
9;[ 2, 4, 8 ];{}
9;[ 3, 4, 4 ];{}
90;[ 2, 2, 2, 3 ];{}
90;[ 2, 2, 2, 4 ];{}
90;[ 2, 2, 2, 6 ];{}
90;[ 2, 2, 2, 8 ];{}
90;[ 2, 2, 3, 3 ];{}
90;[ 2, 3, 22 ];{}
90;[ 2, 3, 44 ];{}
90;[ 2, 3, 66 ];{}
90;[ 2, 4, 11 ];{}
90;[ 2, 4, 8 ];{}
90;[ 2, 6, 6 ];{}
90;[ 2, 6, 8 ];{}
90;[ 3, 4, 4 ];{}
91;[ 2, 2, 2, 3 ];{}
91;[ 2, 2, 2, 4 ];{}
91;[ 2, 2, 2, 6 ];{}
91;[ 2, 2, 2, 8 ];{[ $.1 * $.4, $.1 * $.2 * $.5 * $.6, $.1 * $.2 * $.3 * $.6, $.1 * $.3 * $.4 * $.5 * $.6 ]}
91;[ 2, 2, 3, 3 ];{}
91;[ 2, 3, 22 ];{}
91;[ 2, 3, 44 ];{}
91;[ 2, 3, 66 ];{}
91;[ 2, 4, 11 ];{}
91;[ 2, 4, 8 ];{}
91;[ 2, 6, 6 ];{}
91;[ 2, 6, 8 ];{}
91;[ 3, 4, 4 ];{}
92;[ 3, 4, 4 ];{}
93;[ 2, 2, 3, 3 ];{}
93;[ 2, 3, 66 ];{}
93;[ 2, 6, 6 ];{}
94;[ 2, 2, 3, 3 ];{}
94;[ 2, 3, 66 ];{}
94;[ 2, 6, 6 ];{}
96;[ 2, 2, 2, 3 ];{}
96;[ 2, 2, 2, 4 ];{}
96;[ 2, 2, 2, 6 ];{}
96;[ 2, 2, 3, 3 ];{}
97;[ 2, 2, 2, 3 ];{}
97;[ 2, 2, 2, 4 ];{}
97;[ 2, 2, 2, 6 ];{}
97;[ 2, 2, 3, 3 ];{}
98;[ 2, 2, 2, 3 ];{}
98;[ 2, 2, 2, 4 ];{}
98;[ 2, 2, 2, 6 ];{}
98;[ 2, 2, 3, 3 ];{}
99;[ 2, 2, 2, 3 ];{}
99;[ 2, 2, 2, 4 ];{}
99;[ 2, 2, 2, 6 ];{}
99;[ 2, 2, 3, 3 ];{}
