100;[ 2, 2, 3, 3 ];{}
100;[ 2, 3, 30 ];{}
102;[ 2, 2, 3, 3 ];{}
102;[ 2, 3, 30 ];{}
103;[ 2, 2, 3, 3 ];{}
103;[ 2, 3, 30 ];{}
104;[ 2, 2, 2, 3 ];{}
104;[ 2, 2, 2, 5 ];{}
104;[ 2, 2, 2, 6 ];{}
104;[ 2, 2, 3, 3 ];{}
104;[ 2, 3, 10 ];{}
104;[ 2, 5, 6 ];{}
104;[ 2, 6, 10 ];{}
106;[ 2, 2, 2, 3 ];{}
106;[ 2, 2, 2, 5 ];{}
106;[ 2, 2, 2, 6 ];{}
106;[ 2, 2, 3, 3 ];{}
106;[ 2, 3, 10 ];{}
106;[ 2, 3, 30 ];{}
106;[ 2, 5, 6 ];{}
106;[ 2, 6, 10 ];{}
107;[ 2, 2, 2, 3 ];{}
107;[ 2, 2, 2, 5 ];{}
107;[ 2, 2, 2, 6 ];{[ $.1 * $.3 * $.4 * $.6^2, $.1 * $.3 * $.4^2 * $.5^2 * $.6, $.1 * $.2 * $.3^2 * $.4 * $.5 * $.6^4, $.1 * $.2 * $.3^2 * $.5^2 ]}
107;[ 2, 2, 3, 3 ];{}
107;[ 2, 3, 10 ];{}
107;[ 2, 3, 30 ];{}
107;[ 2, 5, 6 ];{}
107;[ 2, 6, 10 ];{}
108;[ 2, 2, 2, 3 ];{}
108;[ 2, 2, 2, 5 ];{}
108;[ 2, 2, 2, 6 ];{}
108;[ 2, 2, 3, 3 ];{}
108;[ 2, 3, 10 ];{}
108;[ 2, 5, 6 ];{}
108;[ 2, 6, 10 ];{}
11;[ 2, 2, 2, 5 ];{}
11;[ 2, 2, 2, 6 ];{}
11;[ 2, 2, 3, 3 ];{}
110;[ 2, 2, 2, 3 ];{}
110;[ 2, 2, 2, 5 ];{}
110;[ 2, 2, 2, 6 ];{}
110;[ 2, 2, 3, 3 ];{}
110;[ 2, 3, 10 ];{}
110;[ 2, 3, 30 ];{}
110;[ 2, 5, 6 ];{}
110;[ 2, 6, 10 ];{}
112;[ 2, 2, 3, 3 ];{}
114;[ 2, 2, 3, 3 ];{}
114;[ 2, 3, 30 ];{}
116;[ 2, 2, 3, 3 ];{}
116;[ 2, 3, 30 ];{}
118;[ 2, 2, 2, 3 ];{}
118;[ 2, 2, 2, 5 ];{}
118;[ 2, 2, 2, 6 ];{}
118;[ 2, 2, 3, 3 ];{}
118;[ 2, 3, 10 ];{}
118;[ 2, 3, 30 ];{}
118;[ 2, 5, 6 ];{}
118;[ 2, 6, 10 ];{}
44;[ 2, 2, 3, 3 ];{}
44;[ 2, 3, 18 ];{}
44;[ 2, 3, 30 ];{}
46;[ 2, 2, 3, 3 ];{}
46;[ 2, 3, 30 ];{}
47;[ 2, 2, 3, 3 ];{}
47;[ 2, 3, 18 ];{}
47;[ 2, 3, 30 ];{}
48;[ 2, 2, 2, 3 ];{}
48;[ 2, 2, 2, 5 ];{}
48;[ 2, 2, 2, 6 ];{}
48;[ 2, 2, 3, 3 ];{}
48;[ 2, 3, 10 ];{}
48;[ 2, 3, 18 ];{}
48;[ 2, 5, 6 ];{}
48;[ 2, 6, 10 ];{}
49;[ 2, 2, 2, 3 ];{}
49;[ 2, 2, 2, 5 ];{}
49;[ 2, 2, 2, 6 ];{}
49;[ 2, 2, 3, 3 ];{}
49;[ 2, 3, 10 ];{}
49;[ 2, 3, 30 ];{}
49;[ 2, 5, 6 ];{}
49;[ 2, 6, 10 ];{}
52;[ 2, 2, 2, 3 ];{}
52;[ 2, 2, 2, 5 ];{}
52;[ 2, 2, 2, 6 ];{[ $.1 * $.3^2 * $.4 * $.5 * $.6^2, $.1 * $.5 * $.6, $.1 * $.2 * $.3 * $.4 * $.5^3 * $.6^2, $.1 * $.2 * $.3^2 * $.4^2 * $.5^3 ]}
52;[ 2, 2, 3, 3 ];{}
52;[ 2, 3, 18 ];{}
52;[ 2, 3, 30 ];{}
52;[ 2, 3, 90 ];{}
52;[ 2, 5, 6 ];{}
52;[ 2, 6, 10 ];{}
53;[ 2, 2, 2, 3 ];{}
53;[ 2, 2, 2, 5 ];{}
53;[ 2, 2, 2, 6 ];{}
53;[ 2, 2, 3, 3 ];{}
53;[ 2, 3, 10 ];{}
53;[ 2, 3, 18 ];{}
53;[ 2, 3, 30 ];{}
53;[ 2, 5, 6 ];{}
53;[ 2, 6, 10 ];{}
54;[ 2, 2, 2, 3 ];{}
54;[ 2, 2, 2, 5 ];{}
54;[ 2, 2, 2, 6 ];{[ $.1 * $.2, $.1 * $.2 * $.3 * $.4 * $.5^4 * $.6^2, $.1 * $.4^2 * $.5 * $.6, $.1 * $.3^2 * $.4 * $.5^2 * $.6 ]}
54;[ 2, 2, 3, 3 ];{}
54;[ 2, 3, 10 ];{}
54;[ 2, 3, 30 ];{}
54;[ 2, 5, 6 ];{}
54;[ 2, 6, 10 ];{}
55;[ 2, 2, 2, 3 ];{}
55;[ 2, 2, 2, 5 ];{}
55;[ 2, 2, 2, 6 ];{}
55;[ 2, 2, 3, 3 ];{}
55;[ 2, 3, 10 ];{}
55;[ 2, 3, 18 ];{}
55;[ 2, 5, 6 ];{}
55;[ 2, 6, 10 ];{}
56;[ 2, 2, 2, 3 ];{}
56;[ 2, 2, 2, 5 ];{}
56;[ 2, 2, 2, 6 ];{}
56;[ 2, 2, 3, 3 ];{}
56;[ 2, 3, 10 ];{}
56;[ 2, 3, 30 ];{}
56;[ 2, 5, 6 ];{}
56;[ 2, 6, 10 ];{}
63;[ 2, 2, 3, 3 ];{}
63;[ 2, 3, 30 ];{}
64;[ 2, 2, 3, 3 ];{}
64;[ 2, 3, 18 ];{}
64;[ 2, 3, 30 ];{}
64;[ 2, 3, 90 ];{}
69;[ 2, 2, 3, 3 ];{}
69;[ 2, 3, 18 ];{}
69;[ 2, 3, 30 ];{}
69;[ 2, 3, 90 ];{}
7;[ 2, 2, 2, 3 ];{}
7;[ 2, 2, 2, 5 ];{}
7;[ 2, 2, 2, 6 ];{}
7;[ 2, 2, 3, 3 ];{}
7;[ 2, 3, 54 ];{}
7;[ 2, 5, 6 ];{}
7;[ 2, 6, 10 ];{}
71;[ 2, 2, 3, 3 ];{}
71;[ 2, 3, 30 ];{}
72;[ 2, 2, 3, 3 ];{}
72;[ 2, 3, 18 ];{}
72;[ 2, 3, 30 ];{}
72;[ 2, 3, 90 ];{}
75;[ 2, 2, 2, 3 ];{}
75;[ 2, 2, 2, 5 ];{}
75;[ 2, 2, 2, 6 ];{}
75;[ 2, 2, 3, 3 ];{}
75;[ 2, 3, 18 ];{}
75;[ 2, 3, 30 ];{}
75;[ 2, 3, 90 ];{}
75;[ 2, 5, 6 ];{}
75;[ 2, 6, 10 ];{}
76;[ 2, 2, 2, 3 ];{}
76;[ 2, 2, 2, 5 ];{}
76;[ 2, 2, 2, 6 ];{[ $.1 * $.4, $.1 * $.5^2 * $.6, $.1 * $.2 * $.3 * $.4^2 * $.5^4 * $.6, $.1 * $.2 * $.3 * $.5^2 ]}
76;[ 2, 2, 3, 3 ];{}
76;[ 2, 3, 10 ];{}
76;[ 2, 3, 30 ];{}
76;[ 2, 5, 6 ];{}
76;[ 2, 6, 10 ];{}
88;[ 2, 2, 3, 3 ];{}
88;[ 2, 3, 15 ];{}
88;[ 3, 3, 5 ];{}
99;[ 2, 2, 3, 3 ];{}
99;[ 2, 3, 30 ];{}
