10;[ 2, 4, 20 ];{}
10;[ 2, 4, 56 ];{}
10;[ 2, 4, 8 ];{}
103;[ 2, 4, 20 ];{}
103;[ 2, 4, 8 ];{}
104;[ 2, 4, 20 ];{}
105;[ 2, 4, 20 ];{}
107;[ 2, 4, 8 ];{}
109;[ 2, 2, 2, 4 ];{}
109;[ 2, 2, 2, 5 ];{}
11;[ 2, 4, 20 ];{}
11;[ 2, 4, 40 ];{}
11;[ 2, 4, 8 ];{}
110;[ 2, 2, 2, 4 ];{}
110;[ 2, 2, 2, 5 ];{}
111;[ 2, 2, 2, 4 ];{}
111;[ 2, 2, 2, 5 ];{}
112;[ 2, 2, 2, 4 ];{}
112;[ 2, 2, 2, 5 ];{}
113;[ 2, 2, 2, 4 ];{}
113;[ 2, 2, 2, 5 ];{}
114;[ 2, 2, 2, 4 ];{}
114;[ 2, 2, 2, 5 ];{}
115;[ 2, 2, 2, 4 ];{}
115;[ 2, 2, 2, 5 ];{}
116;[ 2, 2, 2, 4 ];{}
116;[ 2, 2, 2, 5 ];{}
117;[ 2, 2, 2, 4 ];{}
117;[ 2, 2, 2, 5 ];{}
118;[ 2, 2, 2, 4 ];{}
118;[ 2, 2, 2, 5 ];{}
12;[ 2, 4, 20 ];{}
12;[ 2, 4, 40 ];{}
12;[ 2, 4, 56 ];{}
12;[ 2, 4, 8 ];{}
120;[ 2, 2, 2, 4 ];{}
120;[ 2, 2, 2, 5 ];{}
121;[ 2, 2, 2, 4 ];{}
121;[ 2, 2, 2, 5 ];{}
122;[ 2, 2, 2, 4 ];{}
122;[ 2, 2, 2, 5 ];{}
124;[ 2, 2, 2, 4 ];{}
124;[ 2, 2, 2, 5 ];{}
125;[ 2, 2, 2, 4 ];{}
125;[ 2, 2, 2, 5 ];{}
127;[ 2, 2, 2, 4 ];{}
127;[ 2, 2, 2, 5 ];{}
129;[ 2, 2, 2, 4 ];{}
129;[ 2, 2, 2, 5 ];{}
13;[ 2, 2, 2, 4 ];{}
13;[ 2, 2, 2, 5 ];{}
13;[ 2, 4, 10 ];{}
13;[ 2, 4, 20 ];{}
13;[ 2, 4, 8 ];{}
13;[ 2, 5, 10 ];{}
13;[ 2, 7, 8 ];{}
130;[ 2, 2, 2, 4 ];{}
130;[ 2, 2, 2, 5 ];{}
131;[ 2, 2, 2, 4 ];{}
131;[ 2, 2, 2, 5 ];{}
132;[ 2, 2, 2, 4 ];{}
132;[ 2, 2, 2, 5 ];{}
133;[ 2, 2, 2, 4 ];{}
133;[ 2, 2, 2, 5 ];{}
134;[ 2, 2, 2, 4 ];{}
134;[ 2, 2, 2, 5 ];{}
135;[ 2, 2, 2, 4 ];{}
135;[ 2, 2, 2, 5 ];{}
14;[ 2, 2, 2, 4 ];{}
14;[ 2, 2, 2, 5 ];{}
14;[ 2, 4, 10 ];{}
14;[ 2, 4, 20 ];{}
14;[ 2, 4, 56 ];{}
14;[ 2, 4, 8 ];{}
14;[ 2, 5, 10 ];{}
14;[ 2, 5, 56 ];{}
14;[ 2, 7, 8 ];{}
15;[ 2, 2, 2, 4 ];{}
15;[ 2, 2, 2, 5 ];{}
15;[ 2, 4, 10 ];{}
15;[ 2, 4, 20 ];{}
15;[ 2, 4, 40 ];{}
15;[ 2, 4, 8 ];{}
15;[ 2, 5, 10 ];{}
15;[ 2, 7, 8 ];{}
156;[ 2, 2, 2, 4 ];{}
156;[ 2, 2, 2, 5 ];{}
158;[ 2, 2, 2, 4 ];{}
158;[ 2, 2, 2, 5 ];{}
159;[ 2, 2, 2, 4 ];{}
159;[ 2, 2, 2, 5 ];{}
16;[ 2, 2, 2, 4 ];{}
16;[ 2, 2, 2, 5 ];{}
16;[ 2, 4, 10 ];{}
16;[ 2, 4, 20 ];{}
16;[ 2, 4, 8 ];{}
16;[ 2, 5, 10 ];{}
16;[ 2, 7, 8 ];{}
160;[ 2, 2, 2, 4 ];{[ $.1 * $.4 * $.6^6, $.1 * $.3 * $.6^3, $.1 * $.2 * $.3 * $.4 * $.5^4 * $.6^6, $.1 * $.2 * $.4 * $.5^4 * $.6^2 ]}
160;[ 2, 2, 2, 5 ];{}
161;[ 2, 2, 2, 4 ];{}
161;[ 2, 2, 2, 5 ];{}
162;[ 2, 2, 2, 4 ];{}
162;[ 2, 2, 2, 5 ];{}
163;[ 2, 2, 2, 4 ];{[ $.1 * $.3 * $.4 * $.5^4 * $.6^6, $.1 * $.5 * $.6^4, $.1 * $.2 * $.5, $.1 * $.2 * $.3 * $.5^4 * $.6^2 ]}
163;[ 2, 2, 2, 5 ];{}
165;[ 2, 2, 2, 4 ];{}
165;[ 2, 2, 2, 5 ];{}
17;[ 2, 2, 2, 4 ];{}
17;[ 2, 2, 2, 5 ];{}
17;[ 2, 4, 10 ];{}
17;[ 2, 4, 20 ];{}
17;[ 2, 4, 8 ];{}
17;[ 2, 5, 10 ];{}
17;[ 2, 7, 8 ];{}
18;[ 2, 2, 2, 4 ];{}
18;[ 2, 2, 2, 5 ];{}
18;[ 2, 4, 10 ];{}
18;[ 2, 4, 20 ];{}
18;[ 2, 4, 56 ];{}
18;[ 2, 4, 8 ];{}
18;[ 2, 5, 10 ];{}
18;[ 2, 5, 56 ];{}
18;[ 2, 7, 8 ];{}
19;[ 2, 2, 2, 4 ];{}
19;[ 2, 2, 2, 5 ];{}
19;[ 2, 4, 10 ];{}
19;[ 2, 4, 20 ];{}
19;[ 2, 4, 56 ];{}
19;[ 2, 4, 8 ];{}
19;[ 2, 5, 10 ];{}
19;[ 2, 5, 56 ];{}
19;[ 2, 7, 8 ];{}
20;[ 2, 2, 2, 4 ];{}
20;[ 2, 2, 2, 5 ];{}
20;[ 2, 4, 10 ];{}
20;[ 2, 4, 20 ];{}
20;[ 2, 4, 40 ];{}
20;[ 2, 4, 8 ];{}
20;[ 2, 5, 10 ];{}
20;[ 2, 7, 8 ];{}
21;[ 2, 2, 2, 4 ];{}
21;[ 2, 2, 2, 5 ];{}
21;[ 2, 4, 10 ];{}
21;[ 2, 4, 20 ];{}
21;[ 2, 4, 40 ];{}
21;[ 2, 4, 8 ];{}
21;[ 2, 5, 10 ];{}
21;[ 2, 7, 8 ];{}
22;[ 2, 2, 2, 4 ];{}
22;[ 2, 2, 2, 5 ];{}
22;[ 2, 4, 10 ];{}
22;[ 2, 4, 20 ];{}
22;[ 2, 4, 8 ];{}
22;[ 2, 5, 10 ];{}
22;[ 2, 7, 8 ];{}
23;[ 2, 2, 2, 4 ];{}
23;[ 2, 2, 2, 5 ];{}
23;[ 2, 4, 10 ];{}
23;[ 2, 4, 20 ];{}
23;[ 2, 4, 56 ];{}
23;[ 2, 4, 8 ];{}
23;[ 2, 5, 10 ];{}
23;[ 2, 5, 56 ];{}
23;[ 2, 7, 8 ];{}
24;[ 2, 2, 2, 4 ];{}
24;[ 2, 2, 2, 5 ];{}
24;[ 2, 4, 10 ];{}
24;[ 2, 4, 20 ];{}
24;[ 2, 4, 40 ];{}
24;[ 2, 4, 8 ];{}
24;[ 2, 5, 10 ];{}
24;[ 2, 7, 8 ];{}
25;[ 2, 4, 20 ];{}
27;[ 2, 4, 20 ];{}
28;[ 2, 4, 20 ];{}
29;[ 2, 4, 20 ];{}
30;[ 2, 4, 20 ];{}
31;[ 2, 4, 20 ];{}
34;[ 2, 5, 280 ];{}
35;[ 2, 5, 280 ];{}
36;[ 2, 5, 280 ];{}
43;[ 2, 5, 10 ];{}
44;[ 2, 5, 10 ];{}
45;[ 2, 5, 10 ];{}
46;[ 2, 5, 10 ];{}
66;[ 2, 2, 2, 4 ];{}
66;[ 2, 2, 2, 5 ];{}
66;[ 2, 5, 280 ];{}
66;[ 2, 5, 56 ];{}
67;[ 2, 2, 2, 4 ];{}
67;[ 2, 2, 2, 5 ];{}
67;[ 2, 5, 280 ];{}
67;[ 2, 5, 56 ];{}
68;[ 2, 2, 2, 4 ];{}
68;[ 2, 2, 2, 5 ];{}
68;[ 2, 5, 280 ];{}
68;[ 2, 5, 56 ];{}
70;[ 2, 4, 20 ];{}
70;[ 2, 4, 8 ];{}
71;[ 2, 4, 20 ];{}
72;[ 2, 4, 20 ];{}
73;[ 2, 4, 20 ];{}
74;[ 2, 4, 20 ];{}
75;[ 2, 2, 2, 4 ];{}
75;[ 2, 2, 2, 5 ];{}
75;[ 2, 4, 10 ];{}
75;[ 2, 4, 20 ];{}
75;[ 2, 4, 8 ];{}
75;[ 2, 5, 10 ];{}
75;[ 2, 7, 8 ];{}
76;[ 2, 2, 2, 4 ];{}
76;[ 2, 2, 2, 5 ];{}
76;[ 2, 4, 10 ];{}
76;[ 2, 4, 20 ];{}
76;[ 2, 4, 8 ];{}
76;[ 2, 5, 10 ];{}
76;[ 2, 7, 8 ];{}
77;[ 2, 2, 2, 4 ];{}
77;[ 2, 2, 2, 5 ];{}
77;[ 2, 4, 10 ];{}
77;[ 2, 4, 20 ];{}
77;[ 2, 4, 8 ];{}
77;[ 2, 5, 10 ];{}
77;[ 2, 7, 8 ];{}
78;[ 2, 2, 2, 4 ];{}
78;[ 2, 2, 2, 5 ];{}
78;[ 2, 4, 10 ];{}
78;[ 2, 4, 20 ];{}
78;[ 2, 4, 8 ];{}
78;[ 2, 5, 10 ];{}
78;[ 2, 7, 8 ];{}
88;[ 2, 4, 20 ];{}
90;[ 2, 4, 20 ];{}
93;[ 2, 4, 56 ];{}
93;[ 2, 4, 8 ];{}
94;[ 2, 4, 20 ];{}
94;[ 2, 4, 56 ];{}
94;[ 2, 4, 8 ];{}
