10;[ 2, 2, 2, 3 ];{}
10;[ 2, 2, 2, 4 ];{}
10;[ 2, 2, 2, 5 ];{}
10;[ 2, 3, 30 ];{}
10;[ 2, 3, 50 ];{}
10;[ 2, 4, 15 ];{}
10;[ 2, 4, 25 ];{}
10;[ 2, 4, 30 ];{}
10;[ 2, 4, 75 ];{}
10;[ 2, 5, 6 ];{}
102;[ 2, 2, 2, 3 ];{}
102;[ 2, 2, 2, 4 ];{}
102;[ 2, 2, 2, 5 ];{}
102;[ 2, 3, 30 ];{}
102;[ 2, 4, 15 ];{}
102;[ 2, 4, 30 ];{}
102;[ 2, 4, 5 ];{}
102;[ 2, 4, 6 ];{}
102;[ 2, 5, 6 ];{}
103;[ 2, 2, 2, 3 ];{}
103;[ 2, 2, 2, 4 ];{}
103;[ 2, 2, 2, 5 ];{}
103;[ 2, 3, 12 ];{}
103;[ 2, 3, 20 ];{}
103;[ 2, 3, 30 ];{}
103;[ 2, 4, 15 ];{}
103;[ 2, 4, 30 ];{}
103;[ 2, 4, 5 ];{}
103;[ 2, 4, 6 ];{}
103;[ 2, 5, 12 ];{}
103;[ 2, 5, 6 ];{}
104;[ 2, 2, 2, 3 ];{}
104;[ 2, 2, 2, 4 ];{}
104;[ 2, 2, 2, 5 ];{}
104;[ 2, 3, 20 ];{}
104;[ 2, 3, 30 ];{}
104;[ 2, 4, 15 ];{}
104;[ 2, 4, 30 ];{}
104;[ 2, 4, 5 ];{}
104;[ 2, 4, 6 ];{}
104;[ 2, 5, 6 ];{}
105;[ 2, 2, 2, 3 ];{}
105;[ 2, 2, 2, 4 ];{}
105;[ 2, 2, 2, 5 ];{}
105;[ 2, 3, 12 ];{}
105;[ 2, 3, 20 ];{}
105;[ 2, 3, 30 ];{}
105;[ 2, 4, 15 ];{}
105;[ 2, 4, 30 ];{}
105;[ 2, 4, 5 ];{}
105;[ 2, 4, 6 ];{}
105;[ 2, 5, 12 ];{}
105;[ 2, 5, 6 ];{}
108;[ 2, 2, 2, 3 ];{}
108;[ 2, 2, 2, 4 ];{}
108;[ 2, 2, 2, 5 ];{}
108;[ 2, 3, 20 ];{}
108;[ 2, 3, 30 ];{}
108;[ 2, 4, 15 ];{}
108;[ 2, 4, 30 ];{}
108;[ 2, 4, 5 ];{}
108;[ 2, 4, 6 ];{}
108;[ 2, 5, 6 ];{}
109;[ 2, 2, 2, 3 ];{}
109;[ 2, 2, 2, 4 ];{}
109;[ 2, 2, 2, 5 ];{}
109;[ 2, 3, 12 ];{}
109;[ 2, 3, 30 ];{}
109;[ 2, 4, 15 ];{}
109;[ 2, 4, 30 ];{}
109;[ 2, 4, 5 ];{}
109;[ 2, 4, 6 ];{}
109;[ 2, 5, 12 ];{}
109;[ 2, 5, 6 ];{}
110;[ 2, 2, 2, 3 ];{}
110;[ 2, 2, 2, 4 ];{}
110;[ 2, 2, 2, 5 ];{}
110;[ 2, 3, 12 ];{}
110;[ 2, 3, 20 ];{}
110;[ 2, 3, 30 ];{}
110;[ 2, 4, 15 ];{}
110;[ 2, 4, 30 ];{}
110;[ 2, 4, 5 ];{}
110;[ 2, 4, 6 ];{}
110;[ 2, 5, 12 ];{}
110;[ 2, 5, 6 ];{}
112;[ 2, 3, 12 ];{}
113;[ 2, 3, 12 ];{}
115;[ 3, 3, 4 ];{}
115;[ 3, 3, 5 ];{}
12;[ 2, 2, 2, 3 ];{}
12;[ 2, 2, 2, 4 ];{}
12;[ 2, 2, 2, 5 ];{}
12;[ 2, 3, 30 ];{}
12;[ 2, 3, 50 ];{}
12;[ 2, 4, 15 ];{}
12;[ 2, 4, 25 ];{}
12;[ 2, 4, 30 ];{}
12;[ 2, 4, 75 ];{}
12;[ 2, 5, 6 ];{}
121;[ 2, 3, 12 ];{}
121;[ 2, 3, 30 ];{}
123;[ 2, 3, 12 ];{}
123;[ 2, 3, 30 ];{}
125;[ 2, 3, 12 ];{}
125;[ 2, 3, 30 ];{}
13;[ 2, 2, 2, 3 ];{}
13;[ 2, 2, 2, 4 ];{}
13;[ 2, 2, 2, 5 ];{}
13;[ 2, 3, 30 ];{}
13;[ 2, 3, 50 ];{}
13;[ 2, 4, 15 ];{}
13;[ 2, 4, 25 ];{}
13;[ 2, 4, 30 ];{}
13;[ 2, 4, 75 ];{}
13;[ 2, 5, 12 ];{}
13;[ 2, 5, 6 ];{}
136;[ 2, 2, 2, 3 ];{}
136;[ 2, 2, 2, 4 ];{}
136;[ 2, 2, 2, 5 ];{}
136;[ 2, 3, 12 ];{}
136;[ 2, 3, 20 ];{}
136;[ 2, 3, 30 ];{}
136;[ 2, 4, 15 ];{}
136;[ 2, 4, 30 ];{}
136;[ 2, 4, 5 ];{}
136;[ 2, 4, 6 ];{}
136;[ 2, 5, 12 ];{}
136;[ 2, 5, 6 ];{}
138;[ 2, 2, 2, 3 ];{}
138;[ 2, 2, 2, 4 ];{}
138;[ 2, 2, 2, 5 ];{}
138;[ 2, 3, 12 ];{}
138;[ 2, 3, 20 ];{}
138;[ 2, 3, 30 ];{}
138;[ 2, 4, 15 ];{}
138;[ 2, 4, 30 ];{}
138;[ 2, 4, 5 ];{}
138;[ 2, 4, 6 ];{}
138;[ 2, 5, 12 ];{}
138;[ 2, 5, 6 ];{}
140;[ 2, 2, 2, 3 ];{}
140;[ 2, 2, 2, 4 ];{}
140;[ 2, 2, 2, 5 ];{}
140;[ 2, 3, 30 ];{}
140;[ 2, 4, 15 ];{}
140;[ 2, 4, 30 ];{}
140;[ 2, 4, 5 ];{}
140;[ 2, 4, 6 ];{}
140;[ 2, 5, 6 ];{}
145;[ 2, 2, 2, 3 ];{}
145;[ 2, 2, 2, 4 ];{}
145;[ 2, 2, 2, 5 ];{[ (6, 8)(7, 10), (1, 5, 4, 3, 2)(6, 7, 10, 8, 9), (1, 3)(4, 5)(6, 9), (1, 4)(2, 3)(7, 8) ]}
145;[ 2, 4, 15 ];{}
145;[ 2, 4, 5 ];{[ (1, 2)(3, 5)(7, 8), (1, 2, 3, 4, 5)(6, 9, 10, 8, 7), (1, 3)(4, 5)(6, 8, 10, 9) ]}
145;[ 2, 4, 6 ];{}
145;[ 2, 5, 6 ];{[ (1, 2)(3, 5)(6, 7), (1, 5, 4, 3, 2)(6, 8, 9, 7, 10), (2, 5)(3, 4)(6, 10)(7, 9, 8) ]}
146;[ 2, 2, 2, 3 ];{}
146;[ 2, 2, 2, 5 ];{[ (1, 3, 5, 4, 2)(6, 9, 7, 8, 10), (6, 9)(7, 8), (2, 3)(4, 5)(6, 7)(8, 9), (1, 2)(3, 4)(6, 7)(8, 10) ]}
146;[ 2, 5, 6 ];{[ (1, 2, 4, 5, 3)(6, 7, 9, 10, 8), (1, 4)(3, 5)(6, 8)(7, 9), (1, 2)(3, 4)(6, 10, 9) ]}
150;[ 3, 3, 4 ];{[ $.1 * $.2 * $.3 * $.4 * $.5^2 * $.6^4, $.1^2 * $.5^3 * $.6^2, $.2 * $.5 * $.6 ]:[ $.1 * $.5 * $.6^4, $.1^2 * $.2 * $.5^2 * $.6^4, $.2 * $.4 * $.5^4 * $.6^3 ]:[ $.1 * $.5^4 * $.6^3, $.1^2 * $.2 * $.5^2 * $.6, $.2 * $.4 * $.5 * $.6^2 ]}
150;[ 3, 3, 5 ];{}
154;[ 2, 2, 2, 3 ];{}
154;[ 2, 2, 2, 5 ];{}
169;[ 2, 3, 12 ];{}
169;[ 2, 3, 30 ];{}
170;[ 2, 2, 2, 3 ];{}
170;[ 2, 2, 2, 4 ];{}
170;[ 2, 2, 2, 5 ];{}
170;[ 2, 3, 12 ];{}
170;[ 2, 4, 15 ];{}
170;[ 2, 4, 5 ];{}
170;[ 2, 4, 6 ];{}
170;[ 2, 5, 12 ];{}
170;[ 2, 5, 6 ];{}
171;[ 2, 2, 2, 3 ];{}
171;[ 2, 2, 2, 4 ];{}
171;[ 2, 2, 2, 5 ];{}
171;[ 2, 3, 30 ];{}
171;[ 2, 4, 15 ];{}
171;[ 2, 4, 30 ];{[ $.1 * $.2 * $.3 * $.4^2, $.2 * $.4 * $.5^3 * $.6^3, $.1 * $.5 * $.6^4 ]}
171;[ 2, 4, 5 ];{}
171;[ 2, 4, 6 ];{}
171;[ 2, 5, 6 ];{}
172;[ 2, 3, 12 ];{}
173;[ 2, 2, 2, 3 ];{}
173;[ 2, 2, 2, 4 ];{}
173;[ 2, 2, 2, 5 ];{}
173;[ 2, 3, 12 ];{}
173;[ 2, 4, 15 ];{}
173;[ 2, 4, 5 ];{}
173;[ 2, 4, 6 ];{}
173;[ 2, 5, 12 ];{}
173;[ 2, 5, 6 ];{}
174;[ 2, 2, 2, 3 ];{}
174;[ 2, 2, 2, 5 ];{}
175;[ 2, 2, 2, 3 ];{}
175;[ 2, 2, 2, 5 ];{}
178;[ 2, 2, 2, 3 ];{}
178;[ 2, 2, 2, 4 ];{[ $.1 * $.3^4 * $.4^3 * $.5, $.1, $.1 * $.2 * $.3^3 * $.6, $.1 * $.2 * $.3^2 * $.4^3 ]}
178;[ 2, 2, 2, 5 ];{}
178;[ 2, 4, 15 ];{}
178;[ 2, 4, 5 ];{}
179;[ 2, 2, 2, 3 ];{}
179;[ 2, 2, 2, 4 ];{}
179;[ 2, 2, 2, 5 ];{}
179;[ 2, 3, 20 ];{[ $.1 * $.2 * $.5^2 * $.6^2, $.1 * $.2^2 * $.3 * $.4 * $.5 * $.6, $.2^2 * $.4 * $.5^2 * $.6^4 ]}
179;[ 2, 4, 5 ];{}
19;[ 2, 3, 30 ];{}
194;[ 2, 2, 2, 3 ];{}
194;[ 2, 2, 2, 5 ];{}
195;[ 2, 2, 2, 3 ];{}
195;[ 2, 2, 2, 5 ];{}
196;[ 2, 2, 2, 3 ];{}
196;[ 2, 2, 2, 5 ];{}
204;[ 2, 2, 2, 3 ];{}
204;[ 2, 2, 2, 5 ];{}
25;[ 2, 2, 2, 4 ];{}
25;[ 2, 2, 2, 5 ];{}
27;[ 2, 2, 2, 4 ];{}
27;[ 2, 2, 2, 5 ];{}
29;[ 2, 2, 2, 3 ];{}
29;[ 2, 2, 2, 4 ];{}
29;[ 2, 2, 2, 5 ];{}
29;[ 2, 3, 30 ];{}
29;[ 2, 3, 50 ];{}
29;[ 2, 4, 15 ];{}
29;[ 2, 4, 25 ];{}
29;[ 2, 4, 30 ];{}
29;[ 2, 4, 75 ];{}
29;[ 2, 5, 6 ];{}
35;[ 2, 2, 2, 3 ];{}
35;[ 2, 2, 2, 4 ];{[ $.1 * $.2 * $.3^3 * $.4^2 * $.5 * $.6, $.1 * $.4^3, $.1 * $.3^2 * $.4 * $.5 * $.6, $.1 * $.2 * $.4^4 ]}
35;[ 2, 2, 2, 5 ];{}
35;[ 2, 3, 50 ];{}
35;[ 2, 4, 15 ];{}
35;[ 2, 4, 25 ];{}
35;[ 2, 4, 75 ];{[ $.1 * $.4^4 * $.5, $.2^2 * $.3^2 * $.5 * $.6, $.1 * $.2^2 * $.3^2 * $.4^4 ]}
39;[ 2, 2, 2, 3 ];{}
39;[ 2, 2, 2, 5 ];{}
43;[ 2, 2, 2, 3 ];{}
43;[ 2, 2, 2, 5 ];{}
54;[ 2, 5, 5 ];{}
57;[ 2, 2, 2, 3 ];{}
57;[ 2, 2, 2, 4 ];{}
57;[ 2, 2, 2, 5 ];{}
57;[ 2, 3, 12 ];{}
57;[ 2, 3, 20 ];{}
57;[ 2, 4, 5 ];{}
57;[ 2, 4, 6 ];{}
57;[ 2, 5, 12 ];{}
57;[ 2, 5, 6 ];{}
59;[ 2, 2, 2, 3 ];{}
59;[ 2, 2, 2, 4 ];{}
59;[ 2, 2, 2, 5 ];{}
59;[ 2, 3, 12 ];{}
59;[ 2, 4, 5 ];{}
59;[ 2, 4, 6 ];{}
59;[ 2, 5, 12 ];{}
59;[ 2, 5, 6 ];{}
61;[ 2, 2, 2, 3 ];{}
61;[ 2, 2, 2, 4 ];{}
61;[ 2, 2, 2, 5 ];{}
61;[ 2, 3, 20 ];{}
61;[ 2, 4, 5 ];{}
61;[ 2, 4, 6 ];{}
61;[ 2, 5, 6 ];{}
62;[ 2, 2, 2, 3 ];{}
62;[ 2, 2, 2, 4 ];{}
62;[ 2, 2, 2, 5 ];{}
62;[ 2, 3, 12 ];{}
62;[ 2, 3, 20 ];{}
62;[ 2, 4, 5 ];{}
62;[ 2, 4, 6 ];{}
62;[ 2, 5, 12 ];{}
62;[ 2, 5, 6 ];{}
64;[ 2, 2, 2, 3 ];{}
64;[ 2, 2, 2, 4 ];{}
64;[ 2, 2, 2, 5 ];{}
64;[ 2, 3, 12 ];{}
64;[ 2, 3, 20 ];{}
64;[ 2, 4, 5 ];{}
64;[ 2, 4, 6 ];{}
64;[ 2, 5, 12 ];{}
64;[ 2, 5, 6 ];{}
66;[ 2, 2, 2, 3 ];{}
66;[ 2, 2, 2, 4 ];{}
66;[ 2, 2, 2, 5 ];{}
66;[ 2, 3, 20 ];{}
66;[ 2, 4, 5 ];{}
66;[ 2, 4, 6 ];{}
66;[ 2, 5, 6 ];{}
67;[ 2, 3, 12 ];{}
69;[ 2, 3, 12 ];{}
7;[ 2, 2, 2, 3 ];{}
7;[ 2, 2, 2, 4 ];{}
7;[ 2, 2, 2, 5 ];{}
7;[ 2, 3, 30 ];{}
7;[ 2, 3, 50 ];{}
7;[ 2, 4, 15 ];{}
7;[ 2, 4, 25 ];{}
7;[ 2, 4, 30 ];{}
7;[ 2, 4, 75 ];{}
7;[ 2, 5, 12 ];{}
7;[ 2, 5, 6 ];{}
71;[ 2, 3, 12 ];{}
82;[ 2, 3, 12 ];{}
82;[ 2, 3, 30 ];{}
83;[ 2, 3, 12 ];{}
83;[ 2, 3, 30 ];{}
84;[ 2, 3, 12 ];{}
84;[ 2, 3, 30 ];{}
95;[ 2, 2, 2, 3 ];{}
95;[ 2, 2, 2, 4 ];{}
95;[ 2, 2, 2, 5 ];{}
95;[ 2, 3, 30 ];{}
95;[ 2, 4, 15 ];{}
95;[ 2, 4, 30 ];{}
95;[ 2, 4, 5 ];{}
95;[ 2, 4, 6 ];{}
95;[ 2, 5, 6 ];{}
96;[ 2, 2, 2, 3 ];{}
96;[ 2, 2, 2, 4 ];{}
96;[ 2, 2, 2, 5 ];{}
96;[ 2, 3, 20 ];{}
96;[ 2, 3, 30 ];{}
96;[ 2, 4, 15 ];{}
96;[ 2, 4, 30 ];{}
96;[ 2, 4, 5 ];{}
96;[ 2, 4, 6 ];{}
96;[ 2, 5, 6 ];{}
97;[ 2, 2, 2, 3 ];{}
97;[ 2, 2, 2, 4 ];{}
97;[ 2, 2, 2, 5 ];{}
97;[ 2, 3, 12 ];{}
97;[ 2, 3, 30 ];{}
97;[ 2, 4, 15 ];{}
97;[ 2, 4, 30 ];{}
97;[ 2, 4, 5 ];{}
97;[ 2, 4, 6 ];{}
97;[ 2, 5, 12 ];{}
97;[ 2, 5, 6 ];{}
98;[ 2, 2, 2, 3 ];{}
98;[ 2, 2, 2, 4 ];{}
98;[ 2, 2, 2, 5 ];{}
98;[ 2, 3, 12 ];{}
98;[ 2, 3, 20 ];{}
98;[ 2, 3, 30 ];{}
98;[ 2, 4, 15 ];{}
98;[ 2, 4, 30 ];{}
98;[ 2, 4, 5 ];{}
98;[ 2, 4, 6 ];{}
98;[ 2, 5, 12 ];{}
98;[ 2, 5, 6 ];{}
