10;[ 2, 3, 12 ];{}
10;[ 2, 3, 24 ];{}
104;[ 2, 2, 2, 3 ];{}
104;[ 2, 2, 2, 4 ];{}
104;[ 2, 3, 26 ];{}
104;[ 2, 4, 8 ];{}
104;[ 2, 6, 8 ];{}
105;[ 2, 2, 2, 3 ];{}
105;[ 2, 2, 2, 4 ];{}
105;[ 2, 3, 26 ];{}
105;[ 2, 4, 8 ];{}
105;[ 2, 6, 8 ];{}
106;[ 2, 2, 2, 3 ];{}
106;[ 2, 2, 2, 4 ];{}
106;[ 2, 3, 26 ];{}
106;[ 2, 4, 8 ];{}
106;[ 2, 6, 8 ];{}
107;[ 2, 2, 2, 3 ];{}
107;[ 2, 2, 2, 4 ];{}
107;[ 2, 3, 26 ];{}
107;[ 2, 4, 8 ];{}
107;[ 2, 6, 8 ];{}
11;[ 2, 3, 12 ];{}
11;[ 2, 3, 24 ];{}
12;[ 2, 3, 12 ];{}
12;[ 2, 3, 24 ];{}
129;[ 2, 4, 24 ];{}
129;[ 2, 4, 8 ];{}
130;[ 2, 4, 24 ];{}
130;[ 2, 4, 8 ];{}
134;[ 2, 2, 2, 3 ];{}
134;[ 2, 2, 2, 4 ];{}
134;[ 2, 3, 26 ];{}
134;[ 2, 4, 6 ];{}
134;[ 2, 4, 8 ];{}
134;[ 2, 6, 8 ];{}
135;[ 2, 2, 2, 3 ];{}
135;[ 2, 2, 2, 4 ];{}
135;[ 2, 3, 26 ];{}
135;[ 2, 4, 6 ];{}
135;[ 2, 4, 8 ];{}
135;[ 2, 6, 8 ];{}
147;[ 2, 3, 12 ];{}
150;[ 2, 3, 12 ];{[ $.1 * $.2 * $.3 * $.5, $.2^2, $.1 * $.3 * $.4 * $.5^9 * $.6 ]:[ $.1 * $.2^2 * $.3 * $.5, $.2 * $.3 * $.5 * $.6, $.1 * $.3 * $.4 * $.5^4 ]}
161;[ 2, 4, 8 ];{}
165;[ 2, 4, 8 ];{}
167;[ 2, 2, 2, 3 ];{}
167;[ 2, 2, 2, 4 ];{}
168;[ 2, 2, 2, 3 ];{}
168;[ 2, 2, 2, 4 ];{}
169;[ 2, 2, 2, 3 ];{}
169;[ 2, 2, 2, 4 ];{}
170;[ 2, 2, 2, 3 ];{}
170;[ 2, 2, 2, 4 ];{}
171;[ 2, 2, 2, 3 ];{}
171;[ 2, 2, 2, 4 ];{}
172;[ 2, 2, 2, 3 ];{}
172;[ 2, 2, 2, 4 ];{}
173;[ 2, 2, 2, 3 ];{}
173;[ 2, 2, 2, 4 ];{}
174;[ 2, 2, 2, 3 ];{}
174;[ 2, 2, 2, 4 ];{}
175;[ 2, 2, 2, 3 ];{}
175;[ 2, 2, 2, 4 ];{}
176;[ 2, 2, 2, 3 ];{}
176;[ 2, 2, 2, 4 ];{}
178;[ 2, 2, 2, 3 ];{}
178;[ 2, 2, 2, 4 ];{}
179;[ 2, 2, 2, 3 ];{}
179;[ 2, 2, 2, 4 ];{}
180;[ 2, 2, 2, 3 ];{}
180;[ 2, 2, 2, 4 ];{}
182;[ 2, 2, 2, 3 ];{}
182;[ 2, 2, 2, 4 ];{}
183;[ 2, 2, 2, 3 ];{}
183;[ 2, 2, 2, 4 ];{}
185;[ 2, 2, 2, 3 ];{}
185;[ 2, 2, 2, 4 ];{}
187;[ 2, 2, 2, 3 ];{}
187;[ 2, 2, 2, 4 ];{}
188;[ 2, 2, 2, 3 ];{}
188;[ 2, 2, 2, 4 ];{}
189;[ 2, 2, 2, 3 ];{}
189;[ 2, 2, 2, 4 ];{}
19;[ 2, 3, 12 ];{}
19;[ 2, 3, 24 ];{}
190;[ 2, 2, 2, 3 ];{}
190;[ 2, 2, 2, 4 ];{}
191;[ 2, 2, 2, 3 ];{}
191;[ 2, 2, 2, 4 ];{}
192;[ 2, 2, 2, 3 ];{}
192;[ 2, 2, 2, 4 ];{}
193;[ 2, 2, 2, 3 ];{}
193;[ 2, 2, 2, 4 ];{}
20;[ 2, 3, 12 ];{}
20;[ 2, 3, 24 ];{}
203;[ 2, 3, 12 ];{}
21;[ 2, 3, 12 ];{}
21;[ 2, 3, 24 ];{}
22;[ 2, 3, 12 ];{}
22;[ 2, 3, 24 ];{}
224;[ 2, 2, 2, 3 ];{}
224;[ 2, 2, 2, 4 ];{}
226;[ 2, 2, 2, 3 ];{}
226;[ 2, 2, 2, 4 ];{}
227;[ 2, 2, 2, 3 ];{}
227;[ 2, 2, 2, 4 ];{}
228;[ 2, 2, 2, 3 ];{}
228;[ 2, 2, 2, 4 ];{[ $.1 * $.4, $.1 * $.2 * $.5^2 * $.6^5, $.1 * $.3 * $.4 * $.6^12, $.1 * $.2 * $.3 * $.4 * $.5 * $.6^7 ]}
229;[ 2, 2, 2, 3 ];{}
229;[ 2, 2, 2, 4 ];{}
230;[ 2, 2, 2, 3 ];{}
230;[ 2, 2, 2, 4 ];{}
231;[ 2, 2, 2, 3 ];{}
231;[ 2, 2, 2, 4 ];{[ $.1 * $.3 * $.5^2 * $.6^11, $.1 * $.5 * $.6, $.1 * $.2 * $.4 * $.6^4, $.1 * $.2 * $.3 * $.5 * $.6 ]}
233;[ 2, 2, 2, 3 ];{}
233;[ 2, 2, 2, 4 ];{}
242;[ 2, 2, 2, 3 ];{}
242;[ 2, 2, 2, 4 ];{}
242;[ 2, 3, 26 ];{}
242;[ 2, 4, 6 ];{}
245;[ 2, 2, 2, 3 ];{}
245;[ 2, 2, 2, 4 ];{[ $.1 * $.2 * $.3 * $.4^6, $.1 * $.2 * $.3^2 * $.4^11 * $.5, $.1 * $.3 * $.4^2 * $.5 * $.6, $.1 * $.4^10 ]}
245;[ 2, 3, 26 ];{}
245;[ 2, 4, 6 ];{}
29;[ 2, 4, 8 ];{}
30;[ 2, 4, 24 ];{}
30;[ 2, 4, 8 ];{}
31;[ 2, 4, 24 ];{}
31;[ 2, 4, 8 ];{}
32;[ 2, 2, 2, 3 ];{}
32;[ 2, 2, 2, 4 ];{}
32;[ 2, 3, 26 ];{}
32;[ 2, 4, 8 ];{}
32;[ 2, 6, 8 ];{}
33;[ 2, 2, 2, 3 ];{}
33;[ 2, 2, 2, 4 ];{}
33;[ 2, 3, 26 ];{}
33;[ 2, 4, 8 ];{}
33;[ 2, 6, 8 ];{}
34;[ 2, 2, 2, 3 ];{}
34;[ 2, 2, 2, 4 ];{}
34;[ 2, 3, 24 ];{}
34;[ 2, 3, 26 ];{}
34;[ 2, 4, 24 ];{}
34;[ 2, 4, 8 ];{}
34;[ 2, 6, 8 ];{}
35;[ 2, 2, 2, 3 ];{}
35;[ 2, 2, 2, 4 ];{}
35;[ 2, 3, 26 ];{}
35;[ 2, 4, 8 ];{}
35;[ 2, 6, 8 ];{}
36;[ 2, 2, 2, 3 ];{}
36;[ 2, 2, 2, 4 ];{}
36;[ 2, 3, 26 ];{}
36;[ 2, 4, 8 ];{}
36;[ 2, 6, 8 ];{}
37;[ 2, 2, 2, 3 ];{}
37;[ 2, 2, 2, 4 ];{}
37;[ 2, 3, 26 ];{}
37;[ 2, 4, 8 ];{}
37;[ 2, 6, 8 ];{}
38;[ 2, 2, 2, 3 ];{}
38;[ 2, 2, 2, 4 ];{}
38;[ 2, 3, 26 ];{}
38;[ 2, 4, 8 ];{}
38;[ 2, 6, 8 ];{}
39;[ 2, 2, 2, 3 ];{}
39;[ 2, 2, 2, 4 ];{}
39;[ 2, 3, 24 ];{}
39;[ 2, 3, 26 ];{}
39;[ 2, 4, 24 ];{}
39;[ 2, 4, 8 ];{}
39;[ 2, 6, 8 ];{}
40;[ 2, 2, 2, 3 ];{}
40;[ 2, 2, 2, 4 ];{}
40;[ 2, 3, 24 ];{}
40;[ 2, 3, 26 ];{}
40;[ 2, 4, 24 ];{}
40;[ 2, 4, 8 ];{}
40;[ 2, 6, 8 ];{}
41;[ 2, 2, 2, 3 ];{}
41;[ 2, 2, 2, 4 ];{}
41;[ 2, 3, 26 ];{}
41;[ 2, 4, 8 ];{}
41;[ 2, 6, 8 ];{}
42;[ 2, 2, 2, 3 ];{}
42;[ 2, 2, 2, 4 ];{}
42;[ 2, 3, 26 ];{}
42;[ 2, 4, 8 ];{}
42;[ 2, 6, 8 ];{}
43;[ 2, 2, 2, 3 ];{}
43;[ 2, 2, 2, 4 ];{}
43;[ 2, 3, 24 ];{}
43;[ 2, 3, 26 ];{}
43;[ 2, 4, 24 ];{}
43;[ 2, 4, 8 ];{}
43;[ 2, 6, 8 ];{}
56;[ 2, 3, 12 ];{}
56;[ 2, 3, 24 ];{}
57;[ 2, 3, 12 ];{}
57;[ 2, 3, 24 ];{}
58;[ 2, 3, 12 ];{}
58;[ 2, 3, 24 ];{}
60;[ 3, 3, 4 ];{}
72;[ 2, 3, 24 ];{}
73;[ 2, 3, 24 ];{}
74;[ 2, 3, 24 ];{}
75;[ 2, 3, 24 ];{}
95;[ 2, 2, 2, 4 ];{}
96;[ 2, 2, 2, 4 ];{}
97;[ 2, 2, 2, 4 ];{}
99;[ 2, 4, 8 ];{}
