100;[ 2, 4, 8 ];{}
1005;[ 2, 2, 2, 4 ];{}
1005;[ 2, 2, 2, 5 ];{}
1006;[ 2, 2, 2, 4 ];{[ $.1 * $.6 * $.7, $.2 * $.6 * $.8^4, $.2 * $.3 * $.5 * $.7 * $.8^4, $.1 * $.3 * $.7 ]}
1006;[ 2, 2, 2, 5 ];{}
1007;[ 2, 2, 2, 4 ];{}
1007;[ 2, 2, 2, 5 ];{}
1008;[ 2, 2, 2, 4 ];{}
1008;[ 2, 2, 2, 5 ];{}
1009;[ 2, 2, 2, 4 ];{}
1009;[ 2, 2, 2, 5 ];{}
101;[ 2, 4, 8 ];{}
1010;[ 2, 2, 2, 4 ];{}
1010;[ 2, 2, 2, 5 ];{}
1011;[ 2, 2, 2, 4 ];{}
1011;[ 2, 2, 2, 5 ];{}
1012;[ 2, 2, 2, 4 ];{}
1012;[ 2, 2, 2, 5 ];{}
1013;[ 2, 2, 2, 4 ];{}
1013;[ 2, 2, 2, 5 ];{}
1014;[ 2, 2, 2, 4 ];{}
1014;[ 2, 2, 2, 5 ];{}
1015;[ 2, 2, 2, 4 ];{}
1015;[ 2, 2, 2, 5 ];{}
1016;[ 2, 2, 2, 4 ];{}
1016;[ 2, 2, 2, 5 ];{}
102;[ 2, 4, 8 ];{}
1055;[ 2, 2, 2, 4 ];{}
1055;[ 2, 2, 2, 5 ];{}
1056;[ 2, 2, 2, 4 ];{}
1056;[ 2, 2, 2, 5 ];{}
1057;[ 2, 2, 2, 4 ];{}
1057;[ 2, 2, 2, 5 ];{}
1058;[ 2, 2, 2, 4 ];{}
1058;[ 2, 2, 2, 5 ];{}
1059;[ 2, 2, 2, 4 ];{}
1059;[ 2, 2, 2, 5 ];{}
1060;[ 2, 2, 2, 4 ];{}
1060;[ 2, 2, 2, 5 ];{}
1061;[ 2, 2, 2, 4 ];{}
1061;[ 2, 2, 2, 5 ];{}
1062;[ 2, 2, 2, 4 ];{}
1062;[ 2, 2, 2, 5 ];{}
1063;[ 2, 2, 2, 4 ];{}
1063;[ 2, 2, 2, 5 ];{}
1064;[ 2, 2, 2, 4 ];{}
1064;[ 2, 2, 2, 5 ];{}
1065;[ 2, 2, 2, 4 ];{}
1065;[ 2, 2, 2, 5 ];{}
1066;[ 2, 2, 2, 4 ];{}
1066;[ 2, 2, 2, 5 ];{}
1067;[ 2, 2, 2, 4 ];{}
1067;[ 2, 2, 2, 5 ];{}
1068;[ 2, 2, 2, 4 ];{}
1068;[ 2, 2, 2, 5 ];{}
1069;[ 2, 2, 2, 4 ];{}
1069;[ 2, 2, 2, 5 ];{}
107;[ 2, 4, 8 ];{}
1070;[ 2, 2, 2, 4 ];{}
1070;[ 2, 2, 2, 5 ];{}
1071;[ 2, 2, 2, 4 ];{}
1071;[ 2, 2, 2, 5 ];{}
1072;[ 2, 2, 2, 4 ];{}
1072;[ 2, 2, 2, 5 ];{}
1073;[ 2, 2, 2, 4 ];{}
1073;[ 2, 2, 2, 5 ];{}
1074;[ 2, 2, 2, 4 ];{}
1074;[ 2, 2, 2, 5 ];{}
1075;[ 2, 2, 2, 4 ];{}
1075;[ 2, 2, 2, 5 ];{}
1076;[ 2, 2, 2, 4 ];{}
1076;[ 2, 2, 2, 5 ];{}
1077;[ 2, 2, 2, 4 ];{}
1077;[ 2, 2, 2, 5 ];{}
1078;[ 2, 2, 2, 4 ];{}
1078;[ 2, 2, 2, 5 ];{}
1079;[ 2, 2, 2, 4 ];{}
1079;[ 2, 2, 2, 5 ];{}
108;[ 2, 4, 8 ];{}
1080;[ 2, 2, 2, 4 ];{}
1080;[ 2, 2, 2, 5 ];{}
1081;[ 2, 2, 2, 4 ];{}
1081;[ 2, 2, 2, 5 ];{}
1082;[ 2, 2, 2, 4 ];{}
1082;[ 2, 2, 2, 5 ];{}
1083;[ 2, 2, 2, 4 ];{}
1083;[ 2, 2, 2, 5 ];{}
1084;[ 2, 2, 2, 4 ];{}
1084;[ 2, 2, 2, 5 ];{}
1085;[ 2, 2, 2, 4 ];{}
1085;[ 2, 2, 2, 5 ];{}
1086;[ 2, 2, 2, 4 ];{}
1086;[ 2, 2, 2, 5 ];{}
109;[ 2, 4, 8 ];{}
110;[ 2, 4, 8 ];{}
111;[ 2, 4, 8 ];{}
1119;[ 2, 2, 2, 4 ];{}
1119;[ 2, 2, 2, 5 ];{}
112;[ 2, 4, 8 ];{}
1120;[ 2, 2, 2, 4 ];{}
1120;[ 2, 2, 2, 5 ];{}
1121;[ 2, 2, 2, 4 ];{}
1121;[ 2, 2, 2, 5 ];{}
1122;[ 2, 2, 2, 4 ];{}
1122;[ 2, 2, 2, 5 ];{}
1123;[ 2, 2, 2, 4 ];{}
1123;[ 2, 2, 2, 5 ];{}
1124;[ 2, 2, 2, 4 ];{}
1124;[ 2, 2, 2, 5 ];{}
1125;[ 2, 2, 2, 4 ];{}
1125;[ 2, 2, 2, 5 ];{}
1126;[ 2, 2, 2, 4 ];{}
1126;[ 2, 2, 2, 5 ];{}
1127;[ 2, 2, 2, 4 ];{}
1127;[ 2, 2, 2, 5 ];{}
1128;[ 2, 2, 2, 4 ];{}
1128;[ 2, 2, 2, 5 ];{}
1129;[ 2, 2, 2, 4 ];{}
1129;[ 2, 2, 2, 5 ];{}
113;[ 2, 4, 8 ];{}
1130;[ 2, 2, 2, 4 ];{}
1130;[ 2, 2, 2, 5 ];{}
1131;[ 2, 2, 2, 4 ];{}
1131;[ 2, 2, 2, 5 ];{}
1132;[ 2, 2, 2, 4 ];{}
1132;[ 2, 2, 2, 5 ];{}
1133;[ 2, 2, 2, 4 ];{}
1133;[ 2, 2, 2, 5 ];{}
1134;[ 2, 2, 2, 4 ];{}
1134;[ 2, 2, 2, 5 ];{}
1135;[ 2, 2, 2, 4 ];{}
1135;[ 2, 2, 2, 5 ];{}
1136;[ 2, 2, 2, 4 ];{}
1136;[ 2, 2, 2, 5 ];{}
1137;[ 2, 2, 2, 4 ];{}
1137;[ 2, 2, 2, 5 ];{}
1138;[ 2, 2, 2, 4 ];{}
1138;[ 2, 2, 2, 5 ];{}
1139;[ 2, 2, 2, 4 ];{}
1139;[ 2, 2, 2, 5 ];{}
114;[ 2, 4, 8 ];{}
1140;[ 2, 2, 2, 4 ];{}
1140;[ 2, 2, 2, 5 ];{}
1141;[ 2, 2, 2, 4 ];{}
1141;[ 2, 2, 2, 5 ];{}
1142;[ 2, 2, 2, 4 ];{}
1142;[ 2, 2, 2, 5 ];{}
1143;[ 2, 2, 2, 4 ];{}
1143;[ 2, 2, 2, 5 ];{}
1144;[ 2, 2, 2, 4 ];{}
1144;[ 2, 2, 2, 5 ];{}
1145;[ 2, 2, 2, 4 ];{}
1145;[ 2, 2, 2, 5 ];{}
1146;[ 2, 2, 2, 4 ];{}
1146;[ 2, 2, 2, 5 ];{}
1147;[ 2, 2, 2, 4 ];{}
1147;[ 2, 2, 2, 5 ];{}
1148;[ 2, 2, 2, 4 ];{}
1148;[ 2, 2, 2, 5 ];{}
1149;[ 2, 2, 2, 4 ];{}
1149;[ 2, 2, 2, 5 ];{}
115;[ 2, 4, 8 ];{}
1150;[ 2, 2, 2, 4 ];{}
1150;[ 2, 2, 2, 5 ];{}
1159;[ 2, 2, 2, 4 ];{}
1159;[ 2, 2, 2, 5 ];{}
116;[ 2, 4, 8 ];{}
1160;[ 2, 2, 2, 4 ];{}
1160;[ 2, 2, 2, 5 ];{}
1161;[ 2, 2, 2, 4 ];{}
1161;[ 2, 2, 2, 5 ];{}
1162;[ 2, 2, 2, 4 ];{}
1162;[ 2, 2, 2, 5 ];{}
1163;[ 2, 2, 2, 4 ];{}
1163;[ 2, 2, 2, 5 ];{}
1164;[ 2, 2, 2, 4 ];{}
1164;[ 2, 2, 2, 5 ];{}
1165;[ 2, 2, 2, 4 ];{}
1165;[ 2, 2, 2, 5 ];{}
1166;[ 2, 2, 2, 4 ];{}
1166;[ 2, 2, 2, 5 ];{}
1167;[ 2, 2, 2, 4 ];{}
1167;[ 2, 2, 2, 5 ];{}
1168;[ 2, 2, 2, 4 ];{}
1168;[ 2, 2, 2, 5 ];{}
1169;[ 2, 2, 2, 4 ];{}
1169;[ 2, 2, 2, 5 ];{}
117;[ 2, 4, 8 ];{}
1170;[ 2, 2, 2, 4 ];{}
1170;[ 2, 2, 2, 5 ];{}
1171;[ 2, 2, 2, 4 ];{}
1171;[ 2, 2, 2, 5 ];{}
1172;[ 2, 2, 2, 4 ];{}
1172;[ 2, 2, 2, 5 ];{}
1173;[ 2, 2, 2, 4 ];{}
1173;[ 2, 2, 2, 5 ];{}
1174;[ 2, 2, 2, 4 ];{}
1174;[ 2, 2, 2, 5 ];{}
118;[ 2, 4, 8 ];{}
119;[ 2, 4, 8 ];{}
1191;[ 2, 2, 2, 4 ];{}
1191;[ 2, 2, 2, 5 ];{}
1192;[ 2, 2, 2, 4 ];{}
1192;[ 2, 2, 2, 5 ];{}
1193;[ 2, 2, 2, 4 ];{}
1193;[ 2, 2, 2, 5 ];{}
1194;[ 2, 2, 2, 4 ];{}
1194;[ 2, 2, 2, 5 ];{}
1195;[ 2, 2, 2, 4 ];{}
1195;[ 2, 2, 2, 5 ];{}
1196;[ 2, 2, 2, 4 ];{}
1196;[ 2, 2, 2, 5 ];{}
1197;[ 2, 2, 2, 4 ];{}
1197;[ 2, 2, 2, 5 ];{}
1198;[ 2, 2, 2, 4 ];{}
1198;[ 2, 2, 2, 5 ];{}
1199;[ 2, 2, 2, 4 ];{}
1199;[ 2, 2, 2, 5 ];{}
120;[ 2, 4, 8 ];{}
1200;[ 2, 2, 2, 4 ];{}
1200;[ 2, 2, 2, 5 ];{}
1201;[ 2, 2, 2, 4 ];{}
1201;[ 2, 2, 2, 5 ];{}
1202;[ 2, 2, 2, 4 ];{}
1202;[ 2, 2, 2, 5 ];{}
1203;[ 2, 2, 2, 4 ];{}
1203;[ 2, 2, 2, 5 ];{}
1204;[ 2, 2, 2, 4 ];{}
1204;[ 2, 2, 2, 5 ];{}
1205;[ 2, 2, 2, 4 ];{}
1205;[ 2, 2, 2, 5 ];{}
1206;[ 2, 2, 2, 4 ];{}
1206;[ 2, 2, 2, 5 ];{}
121;[ 2, 4, 8 ];{}
122;[ 2, 4, 8 ];{}
1225;[ 2, 2, 2, 4 ];{}
1225;[ 2, 2, 2, 5 ];{}
1226;[ 2, 2, 2, 4 ];{}
1226;[ 2, 2, 2, 5 ];{}
1227;[ 2, 2, 2, 4 ];{}
1227;[ 2, 2, 2, 5 ];{}
1228;[ 2, 2, 2, 4 ];{}
1228;[ 2, 2, 2, 5 ];{}
1229;[ 2, 2, 2, 4 ];{}
1229;[ 2, 2, 2, 5 ];{}
123;[ 2, 4, 8 ];{}
1230;[ 2, 2, 2, 4 ];{}
1230;[ 2, 2, 2, 5 ];{}
1231;[ 2, 2, 2, 4 ];{}
1231;[ 2, 2, 2, 5 ];{}
1232;[ 2, 2, 2, 4 ];{}
1232;[ 2, 2, 2, 5 ];{}
1233;[ 2, 2, 2, 4 ];{}
1233;[ 2, 2, 2, 5 ];{}
1234;[ 2, 2, 2, 4 ];{}
1234;[ 2, 2, 2, 5 ];{}
124;[ 2, 4, 8 ];{}
1245;[ 2, 2, 2, 4 ];{}
1245;[ 2, 2, 2, 5 ];{}
1246;[ 2, 2, 2, 4 ];{}
1246;[ 2, 2, 2, 5 ];{}
1247;[ 2, 2, 2, 4 ];{}
1247;[ 2, 2, 2, 5 ];{}
1248;[ 2, 2, 2, 4 ];{}
1248;[ 2, 2, 2, 5 ];{}
1249;[ 2, 2, 2, 4 ];{}
1249;[ 2, 2, 2, 5 ];{}
125;[ 2, 4, 8 ];{}
1250;[ 2, 2, 2, 4 ];{}
1250;[ 2, 2, 2, 5 ];{}
1251;[ 2, 2, 2, 4 ];{}
1251;[ 2, 2, 2, 5 ];{}
1252;[ 2, 2, 2, 4 ];{}
1252;[ 2, 2, 2, 5 ];{}
1253;[ 2, 2, 2, 4 ];{}
1253;[ 2, 2, 2, 5 ];{}
1254;[ 2, 2, 2, 4 ];{}
1254;[ 2, 2, 2, 5 ];{}
126;[ 2, 4, 8 ];{}
1265;[ 2, 2, 2, 4 ];{}
1265;[ 2, 2, 2, 5 ];{}
1266;[ 2, 2, 2, 4 ];{}
1266;[ 2, 2, 2, 5 ];{}
1267;[ 2, 2, 2, 4 ];{}
1267;[ 2, 2, 2, 5 ];{}
1268;[ 2, 2, 2, 4 ];{}
1268;[ 2, 2, 2, 5 ];{}
1269;[ 2, 2, 2, 4 ];{}
1269;[ 2, 2, 2, 5 ];{}
1270;[ 2, 2, 2, 4 ];{}
1270;[ 2, 2, 2, 5 ];{}
1271;[ 2, 2, 2, 4 ];{}
1271;[ 2, 2, 2, 5 ];{}
1272;[ 2, 2, 2, 4 ];{}
1272;[ 2, 2, 2, 5 ];{}
1273;[ 2, 2, 2, 4 ];{}
1273;[ 2, 2, 2, 5 ];{}
1274;[ 2, 2, 2, 4 ];{}
1274;[ 2, 2, 2, 5 ];{}
1275;[ 2, 2, 2, 4 ];{}
1275;[ 2, 2, 2, 5 ];{}
1276;[ 2, 2, 2, 4 ];{}
1276;[ 2, 2, 2, 5 ];{}
1277;[ 2, 2, 2, 4 ];{}
1277;[ 2, 2, 2, 5 ];{}
1278;[ 2, 2, 2, 4 ];{}
1278;[ 2, 2, 2, 5 ];{}
1279;[ 2, 2, 2, 4 ];{}
1279;[ 2, 2, 2, 5 ];{}
1280;[ 2, 2, 2, 4 ];{}
1280;[ 2, 2, 2, 5 ];{}
1281;[ 2, 2, 2, 4 ];{}
1281;[ 2, 2, 2, 5 ];{}
1282;[ 2, 2, 2, 4 ];{}
1282;[ 2, 2, 2, 5 ];{}
1283;[ 2, 2, 2, 4 ];{}
1283;[ 2, 2, 2, 5 ];{}
1284;[ 2, 2, 2, 4 ];{}
1284;[ 2, 2, 2, 5 ];{}
1285;[ 2, 2, 2, 4 ];{}
1285;[ 2, 2, 2, 5 ];{}
1286;[ 2, 2, 2, 4 ];{}
1286;[ 2, 2, 2, 5 ];{}
1287;[ 2, 2, 2, 4 ];{}
1287;[ 2, 2, 2, 5 ];{}
1288;[ 2, 2, 2, 4 ];{}
1288;[ 2, 2, 2, 5 ];{}
1289;[ 2, 2, 2, 4 ];{}
1289;[ 2, 2, 2, 5 ];{}
1290;[ 2, 2, 2, 4 ];{}
1290;[ 2, 2, 2, 5 ];{}
1307;[ 2, 2, 2, 4 ];{}
1307;[ 2, 2, 2, 5 ];{}
1308;[ 2, 2, 2, 4 ];{}
1308;[ 2, 2, 2, 5 ];{}
1309;[ 2, 2, 2, 4 ];{}
1309;[ 2, 2, 2, 5 ];{}
1310;[ 2, 2, 2, 4 ];{}
1310;[ 2, 2, 2, 5 ];{}
1311;[ 2, 2, 2, 4 ];{}
1311;[ 2, 2, 2, 5 ];{}
1312;[ 2, 2, 2, 4 ];{}
1312;[ 2, 2, 2, 5 ];{}
1313;[ 2, 2, 2, 4 ];{}
1313;[ 2, 2, 2, 5 ];{}
1314;[ 2, 2, 2, 4 ];{}
1314;[ 2, 2, 2, 5 ];{}
1315;[ 2, 2, 2, 4 ];{}
1315;[ 2, 2, 2, 5 ];{}
1316;[ 2, 2, 2, 4 ];{}
1316;[ 2, 2, 2, 5 ];{}
1317;[ 2, 2, 2, 4 ];{}
1317;[ 2, 2, 2, 5 ];{}
1318;[ 2, 2, 2, 4 ];{}
1318;[ 2, 2, 2, 5 ];{}
1319;[ 2, 2, 2, 4 ];{}
1319;[ 2, 2, 2, 5 ];{}
1320;[ 2, 2, 2, 4 ];{}
1320;[ 2, 2, 2, 5 ];{}
1321;[ 2, 2, 2, 4 ];{}
1321;[ 2, 2, 2, 5 ];{}
1322;[ 2, 2, 2, 4 ];{}
1322;[ 2, 2, 2, 5 ];{}
1323;[ 2, 2, 2, 4 ];{}
1323;[ 2, 2, 2, 5 ];{}
1324;[ 2, 2, 2, 4 ];{}
1324;[ 2, 2, 2, 5 ];{}
1325;[ 2, 2, 2, 4 ];{}
1325;[ 2, 2, 2, 5 ];{}
1326;[ 2, 2, 2, 4 ];{}
1326;[ 2, 2, 2, 5 ];{}
1327;[ 2, 2, 2, 4 ];{}
1327;[ 2, 2, 2, 5 ];{}
1328;[ 2, 2, 2, 4 ];{}
1328;[ 2, 2, 2, 5 ];{}
1329;[ 2, 2, 2, 4 ];{}
1329;[ 2, 2, 2, 5 ];{}
133;[ 2, 4, 8 ];{}
1330;[ 2, 2, 2, 4 ];{}
1330;[ 2, 2, 2, 5 ];{}
1331;[ 2, 2, 2, 4 ];{}
1331;[ 2, 2, 2, 5 ];{}
1332;[ 2, 2, 2, 4 ];{}
1332;[ 2, 2, 2, 5 ];{}
1333;[ 2, 2, 2, 4 ];{}
1333;[ 2, 2, 2, 5 ];{}
1334;[ 2, 2, 2, 4 ];{}
1334;[ 2, 2, 2, 5 ];{}
1335;[ 2, 2, 2, 4 ];{}
1335;[ 2, 2, 2, 5 ];{}
1336;[ 2, 2, 2, 4 ];{}
1336;[ 2, 2, 2, 5 ];{}
1337;[ 2, 2, 2, 4 ];{}
1337;[ 2, 2, 2, 5 ];{}
1338;[ 2, 2, 2, 4 ];{}
1338;[ 2, 2, 2, 5 ];{}
1339;[ 2, 2, 2, 4 ];{}
1339;[ 2, 2, 2, 5 ];{}
134;[ 2, 4, 8 ];{}
1340;[ 2, 2, 2, 4 ];{}
1340;[ 2, 2, 2, 5 ];{}
1341;[ 2, 2, 2, 4 ];{}
1341;[ 2, 2, 2, 5 ];{}
1342;[ 2, 2, 2, 4 ];{}
1342;[ 2, 2, 2, 5 ];{}
1343;[ 2, 2, 2, 4 ];{}
1343;[ 2, 2, 2, 5 ];{}
1344;[ 2, 2, 2, 4 ];{}
1344;[ 2, 2, 2, 5 ];{}
1345;[ 2, 2, 2, 4 ];{}
1345;[ 2, 2, 2, 5 ];{}
1346;[ 2, 2, 2, 4 ];{}
1346;[ 2, 2, 2, 5 ];{}
1347;[ 2, 2, 2, 4 ];{}
1347;[ 2, 2, 2, 5 ];{}
1348;[ 2, 2, 2, 4 ];{}
1348;[ 2, 2, 2, 5 ];{}
1349;[ 2, 2, 2, 4 ];{}
1349;[ 2, 2, 2, 5 ];{}
135;[ 2, 4, 8 ];{}
1350;[ 2, 2, 2, 4 ];{}
1350;[ 2, 2, 2, 5 ];{}
1351;[ 2, 2, 2, 4 ];{}
1351;[ 2, 2, 2, 5 ];{}
1352;[ 2, 2, 2, 4 ];{}
1352;[ 2, 2, 2, 5 ];{}
1353;[ 2, 2, 2, 4 ];{}
1353;[ 2, 2, 2, 5 ];{}
1354;[ 2, 2, 2, 4 ];{}
1354;[ 2, 2, 2, 5 ];{}
136;[ 2, 4, 8 ];{}
1365;[ 2, 2, 2, 4 ];{}
1365;[ 2, 2, 2, 5 ];{}
1366;[ 2, 2, 2, 4 ];{}
1366;[ 2, 2, 2, 5 ];{}
1367;[ 2, 2, 2, 4 ];{}
1367;[ 2, 2, 2, 5 ];{}
1368;[ 2, 2, 2, 4 ];{}
1368;[ 2, 2, 2, 5 ];{}
1369;[ 2, 2, 2, 4 ];{}
1369;[ 2, 2, 2, 5 ];{}
137;[ 2, 4, 8 ];{}
1370;[ 2, 2, 2, 4 ];{}
1370;[ 2, 2, 2, 5 ];{}
1371;[ 2, 2, 2, 4 ];{}
1371;[ 2, 2, 2, 5 ];{}
1372;[ 2, 2, 2, 4 ];{}
1372;[ 2, 2, 2, 5 ];{}
1373;[ 2, 2, 2, 4 ];{}
1373;[ 2, 2, 2, 5 ];{}
1374;[ 2, 2, 2, 4 ];{}
1374;[ 2, 2, 2, 5 ];{}
1375;[ 2, 2, 2, 4 ];{}
1375;[ 2, 2, 2, 5 ];{}
1376;[ 2, 2, 2, 4 ];{}
1376;[ 2, 2, 2, 5 ];{}
1377;[ 2, 2, 2, 4 ];{}
1377;[ 2, 2, 2, 5 ];{}
1378;[ 2, 2, 2, 4 ];{}
1378;[ 2, 2, 2, 5 ];{}
1379;[ 2, 2, 2, 4 ];{}
1379;[ 2, 2, 2, 5 ];{}
138;[ 2, 4, 8 ];{}
1380;[ 2, 2, 2, 4 ];{}
1380;[ 2, 2, 2, 5 ];{}
1381;[ 2, 2, 2, 4 ];{}
1381;[ 2, 2, 2, 5 ];{}
1382;[ 2, 2, 2, 4 ];{}
1382;[ 2, 2, 2, 5 ];{}
1383;[ 2, 2, 2, 4 ];{}
1383;[ 2, 2, 2, 5 ];{}
1384;[ 2, 2, 2, 4 ];{}
1384;[ 2, 2, 2, 5 ];{}
1385;[ 2, 2, 2, 4 ];{}
1385;[ 2, 2, 2, 5 ];{}
1386;[ 2, 2, 2, 4 ];{}
1386;[ 2, 2, 2, 5 ];{}
1387;[ 2, 2, 2, 4 ];{}
1387;[ 2, 2, 2, 5 ];{}
1388;[ 2, 2, 2, 4 ];{}
1388;[ 2, 2, 2, 5 ];{}
1389;[ 2, 2, 2, 4 ];{}
1389;[ 2, 2, 2, 5 ];{}
1390;[ 2, 2, 2, 4 ];{}
1390;[ 2, 2, 2, 5 ];{}
1411;[ 2, 2, 2, 4 ];{}
1411;[ 2, 2, 2, 5 ];{}
1412;[ 2, 2, 2, 4 ];{}
1412;[ 2, 2, 2, 5 ];{}
1413;[ 2, 2, 2, 4 ];{}
1413;[ 2, 2, 2, 5 ];{}
1414;[ 2, 2, 2, 4 ];{}
1414;[ 2, 2, 2, 5 ];{}
1415;[ 2, 2, 2, 4 ];{}
1415;[ 2, 2, 2, 5 ];{}
1416;[ 2, 2, 2, 4 ];{}
1416;[ 2, 2, 2, 5 ];{}
1417;[ 2, 2, 2, 4 ];{}
1417;[ 2, 2, 2, 5 ];{}
1418;[ 2, 2, 2, 4 ];{}
1418;[ 2, 2, 2, 5 ];{}
1419;[ 2, 2, 2, 4 ];{}
1419;[ 2, 2, 2, 5 ];{}
1420;[ 2, 2, 2, 4 ];{}
1420;[ 2, 2, 2, 5 ];{}
1421;[ 2, 2, 2, 4 ];{}
1421;[ 2, 2, 2, 5 ];{}
1422;[ 2, 2, 2, 4 ];{}
1422;[ 2, 2, 2, 5 ];{}
1423;[ 2, 2, 2, 4 ];{}
1423;[ 2, 2, 2, 5 ];{}
1424;[ 2, 2, 2, 4 ];{}
1424;[ 2, 2, 2, 5 ];{}
1425;[ 2, 2, 2, 4 ];{}
1425;[ 2, 2, 2, 5 ];{}
1426;[ 2, 2, 2, 4 ];{}
1426;[ 2, 2, 2, 5 ];{}
1427;[ 2, 2, 2, 4 ];{}
1427;[ 2, 2, 2, 5 ];{}
1428;[ 2, 2, 2, 4 ];{}
1428;[ 2, 2, 2, 5 ];{}
1429;[ 2, 2, 2, 4 ];{}
1429;[ 2, 2, 2, 5 ];{}
143;[ 2, 4, 8 ];{}
1430;[ 2, 2, 2, 4 ];{}
1430;[ 2, 2, 2, 5 ];{}
144;[ 2, 4, 8 ];{}
145;[ 2, 4, 8 ];{}
1451;[ 2, 2, 2, 4 ];{}
1451;[ 2, 2, 2, 5 ];{}
1452;[ 2, 2, 2, 4 ];{}
1452;[ 2, 2, 2, 5 ];{}
1453;[ 2, 2, 2, 4 ];{}
1453;[ 2, 2, 2, 5 ];{}
1454;[ 2, 2, 2, 4 ];{}
1454;[ 2, 2, 2, 5 ];{}
1455;[ 2, 2, 2, 4 ];{}
1455;[ 2, 2, 2, 5 ];{}
1456;[ 2, 2, 2, 4 ];{}
1456;[ 2, 2, 2, 5 ];{}
1457;[ 2, 2, 2, 4 ];{}
1457;[ 2, 2, 2, 5 ];{}
1458;[ 2, 2, 2, 4 ];{}
1458;[ 2, 2, 2, 5 ];{}
1459;[ 2, 2, 2, 4 ];{}
1459;[ 2, 2, 2, 5 ];{}
146;[ 2, 4, 8 ];{}
1460;[ 2, 2, 2, 4 ];{}
1460;[ 2, 2, 2, 5 ];{}
1461;[ 2, 2, 2, 4 ];{}
1461;[ 2, 2, 2, 5 ];{}
1462;[ 2, 2, 2, 4 ];{}
1462;[ 2, 2, 2, 5 ];{}
1463;[ 2, 2, 2, 4 ];{}
1463;[ 2, 2, 2, 5 ];{}
1464;[ 2, 2, 2, 4 ];{}
1464;[ 2, 2, 2, 5 ];{}
1465;[ 2, 2, 2, 4 ];{}
1465;[ 2, 2, 2, 5 ];{}
1466;[ 2, 2, 2, 4 ];{}
1466;[ 2, 2, 2, 5 ];{}
1467;[ 2, 2, 2, 4 ];{}
1467;[ 2, 2, 2, 5 ];{}
1468;[ 2, 2, 2, 4 ];{}
1468;[ 2, 2, 2, 5 ];{}
1469;[ 2, 2, 2, 4 ];{}
1469;[ 2, 2, 2, 5 ];{}
147;[ 2, 4, 8 ];{}
1470;[ 2, 2, 2, 4 ];{}
1470;[ 2, 2, 2, 5 ];{}
148;[ 2, 4, 8 ];{}
149;[ 2, 4, 8 ];{}
150;[ 2, 4, 8 ];{}
1504;[ 2, 2, 2, 4 ];{}
1504;[ 2, 2, 2, 5 ];{}
1505;[ 2, 2, 2, 4 ];{}
1505;[ 2, 2, 2, 5 ];{}
1506;[ 2, 2, 2, 4 ];{}
1506;[ 2, 2, 2, 5 ];{}
1507;[ 2, 2, 2, 4 ];{}
1507;[ 2, 2, 2, 5 ];{}
1508;[ 2, 2, 2, 4 ];{}
1508;[ 2, 2, 2, 5 ];{}
1509;[ 2, 2, 2, 4 ];{}
1509;[ 2, 2, 2, 5 ];{}
151;[ 2, 4, 8 ];{}
1510;[ 2, 2, 2, 4 ];{}
1510;[ 2, 2, 2, 5 ];{}
1511;[ 2, 2, 2, 4 ];{}
1511;[ 2, 2, 2, 5 ];{}
1512;[ 2, 2, 2, 4 ];{}
1512;[ 2, 2, 2, 5 ];{}
1513;[ 2, 2, 2, 4 ];{}
1513;[ 2, 2, 2, 5 ];{}
1514;[ 2, 2, 2, 4 ];{}
1514;[ 2, 2, 2, 5 ];{}
1515;[ 2, 2, 2, 4 ];{}
1515;[ 2, 2, 2, 5 ];{}
1516;[ 2, 2, 2, 4 ];{}
1516;[ 2, 2, 2, 5 ];{}
1517;[ 2, 2, 2, 4 ];{}
1517;[ 2, 2, 2, 5 ];{}
1518;[ 2, 2, 2, 4 ];{}
1518;[ 2, 2, 2, 5 ];{}
1519;[ 2, 2, 2, 4 ];{}
1519;[ 2, 2, 2, 5 ];{}
152;[ 2, 4, 8 ];{}
153;[ 2, 4, 8 ];{}
154;[ 2, 4, 8 ];{}
1549;[ 2, 2, 2, 4 ];{[ $.1 * $.2 * $.3 * $.4 * $.5 * $.8^2, $.2 * $.4 * $.5 * $.6 * $.7, $.1 * $.4 * $.6 * $.7 * $.8^4, $.3 * $.4 * $.5 * $.6 * $.8 ]}
1549;[ 2, 2, 2, 5 ];{}
155;[ 2, 4, 8 ];{}
1550;[ 2, 2, 2, 4 ];{}
1550;[ 2, 2, 2, 5 ];{}
1551;[ 2, 2, 2, 4 ];{}
1551;[ 2, 2, 2, 5 ];{}
1552;[ 2, 2, 2, 4 ];{}
1552;[ 2, 2, 2, 5 ];{}
1553;[ 2, 2, 2, 4 ];{}
1553;[ 2, 2, 2, 5 ];{}
1554;[ 2, 2, 2, 4 ];{}
1554;[ 2, 2, 2, 5 ];{}
1555;[ 2, 2, 2, 4 ];{}
1555;[ 2, 2, 2, 5 ];{}
1556;[ 2, 2, 2, 4 ];{}
1556;[ 2, 2, 2, 5 ];{}
1557;[ 2, 2, 2, 4 ];{}
1557;[ 2, 2, 2, 5 ];{}
156;[ 2, 4, 8 ];{}
1562;[ 2, 2, 2, 4 ];{}
1562;[ 2, 2, 2, 5 ];{}
1563;[ 2, 2, 2, 4 ];{}
1563;[ 2, 2, 2, 5 ];{}
1564;[ 2, 2, 2, 4 ];{}
1564;[ 2, 2, 2, 5 ];{}
1565;[ 2, 2, 2, 4 ];{}
1565;[ 2, 2, 2, 5 ];{}
1566;[ 2, 2, 2, 4 ];{}
1566;[ 2, 2, 2, 5 ];{}
1567;[ 2, 2, 2, 4 ];{}
1567;[ 2, 2, 2, 5 ];{}
1568;[ 2, 2, 2, 4 ];{}
1568;[ 2, 2, 2, 5 ];{}
157;[ 2, 4, 8 ];{}
1573;[ 2, 2, 2, 4 ];{}
1573;[ 2, 2, 2, 5 ];{}
1575;[ 2, 2, 2, 4 ];{}
1575;[ 2, 2, 2, 5 ];{}
1576;[ 2, 2, 2, 4 ];{}
1576;[ 2, 2, 2, 5 ];{}
1578;[ 2, 2, 2, 4 ];{}
1578;[ 2, 2, 2, 5 ];{}
158;[ 2, 4, 8 ];{}
1581;[ 2, 2, 2, 4 ];{}
1581;[ 2, 2, 2, 5 ];{}
1584;[ 2, 2, 2, 4 ];{}
1584;[ 2, 2, 2, 5 ];{}
1589;[ 2, 2, 2, 4 ];{}
1589;[ 2, 2, 2, 5 ];{}
1590;[ 2, 2, 2, 4 ];{}
1590;[ 2, 2, 2, 5 ];{}
1593;[ 2, 2, 2, 4 ];{}
1593;[ 2, 2, 2, 5 ];{}
1594;[ 2, 2, 2, 4 ];{}
1594;[ 2, 2, 2, 5 ];{}
1596;[ 2, 2, 2, 4 ];{}
1596;[ 2, 2, 2, 5 ];{}
1597;[ 2, 2, 2, 4 ];{}
1597;[ 2, 2, 2, 5 ];{}
1598;[ 2, 2, 2, 4 ];{}
1598;[ 2, 2, 2, 5 ];{}
1602;[ 2, 2, 2, 4 ];{}
1602;[ 2, 2, 2, 5 ];{}
1608;[ 2, 2, 2, 4 ];{}
1608;[ 2, 2, 2, 5 ];{}
1609;[ 2, 2, 2, 4 ];{}
1609;[ 2, 2, 2, 5 ];{}
1610;[ 2, 2, 2, 4 ];{}
1610;[ 2, 2, 2, 5 ];{}
1611;[ 2, 2, 2, 4 ];{}
1611;[ 2, 2, 2, 5 ];{}
1626;[ 2, 2, 2, 4 ];{}
1626;[ 2, 2, 2, 5 ];{}
1636;[ 2, 2, 2, 4 ];{}
1636;[ 2, 2, 2, 5 ];{}
1637;[ 2, 2, 2, 4 ];{}
1637;[ 2, 2, 2, 5 ];{}
1638;[ 2, 2, 2, 4 ];{}
1638;[ 2, 2, 2, 5 ];{}
164;[ 2, 4, 8 ];{}
1642;[ 2, 2, 2, 4 ];{}
1642;[ 2, 2, 2, 5 ];{}
1643;[ 2, 2, 2, 4 ];{}
1643;[ 2, 2, 2, 5 ];{}
1644;[ 2, 2, 2, 4 ];{}
1644;[ 2, 2, 2, 5 ];{}
165;[ 2, 4, 8 ];{}
1654;[ 2, 2, 2, 4 ];{}
1654;[ 2, 2, 2, 5 ];{}
166;[ 2, 4, 8 ];{}
1682;[ 2, 2, 2, 4 ];{}
1682;[ 2, 2, 2, 5 ];{}
1683;[ 2, 2, 2, 4 ];{}
1683;[ 2, 2, 2, 5 ];{}
1684;[ 2, 2, 2, 4 ];{}
1684;[ 2, 2, 2, 5 ];{}
1685;[ 2, 2, 2, 4 ];{}
1685;[ 2, 2, 2, 5 ];{}
1686;[ 2, 2, 2, 4 ];{}
1686;[ 2, 2, 2, 5 ];{}
1687;[ 2, 2, 2, 4 ];{}
1687;[ 2, 2, 2, 5 ];{}
169;[ 2, 4, 8 ];{}
1697;[ 2, 2, 2, 4 ];{}
1697;[ 2, 2, 2, 5 ];{}
1698;[ 2, 2, 2, 4 ];{}
1698;[ 2, 2, 2, 5 ];{}
1699;[ 2, 2, 2, 4 ];{}
1699;[ 2, 2, 2, 5 ];{}
170;[ 2, 4, 8 ];{}
1700;[ 2, 2, 2, 4 ];{}
1700;[ 2, 2, 2, 5 ];{}
1701;[ 2, 2, 2, 4 ];{}
1701;[ 2, 2, 2, 5 ];{}
1702;[ 2, 2, 2, 4 ];{}
1702;[ 2, 2, 2, 5 ];{}
1703;[ 2, 2, 2, 4 ];{}
1703;[ 2, 2, 2, 5 ];{}
1704;[ 2, 2, 2, 4 ];{}
1704;[ 2, 2, 2, 5 ];{}
1705;[ 2, 2, 2, 4 ];{}
1705;[ 2, 2, 2, 5 ];{}
1706;[ 2, 2, 2, 4 ];{}
1706;[ 2, 2, 2, 5 ];{}
1707;[ 2, 2, 2, 4 ];{}
1707;[ 2, 2, 2, 5 ];{}
1708;[ 2, 2, 2, 4 ];{}
1708;[ 2, 2, 2, 5 ];{}
1709;[ 2, 2, 2, 4 ];{}
1709;[ 2, 2, 2, 5 ];{}
171;[ 2, 4, 8 ];{}
1710;[ 2, 2, 2, 4 ];{}
1710;[ 2, 2, 2, 5 ];{}
1711;[ 2, 2, 2, 4 ];{}
1711;[ 2, 2, 2, 5 ];{}
1712;[ 2, 2, 2, 4 ];{}
1712;[ 2, 2, 2, 5 ];{}
1713;[ 2, 2, 2, 4 ];{}
1713;[ 2, 2, 2, 5 ];{}
1714;[ 2, 2, 2, 4 ];{}
1714;[ 2, 2, 2, 5 ];{}
1715;[ 2, 2, 2, 4 ];{}
1715;[ 2, 2, 2, 5 ];{}
1716;[ 2, 2, 2, 4 ];{}
1716;[ 2, 2, 2, 5 ];{}
1717;[ 2, 2, 2, 4 ];{}
1717;[ 2, 2, 2, 5 ];{}
1718;[ 2, 2, 2, 4 ];{}
1718;[ 2, 2, 2, 5 ];{}
1719;[ 2, 2, 2, 4 ];{}
1719;[ 2, 2, 2, 5 ];{}
1720;[ 2, 2, 2, 4 ];{}
1720;[ 2, 2, 2, 5 ];{}
1721;[ 2, 2, 2, 4 ];{}
1721;[ 2, 2, 2, 5 ];{}
1737;[ 2, 2, 2, 4 ];{}
1737;[ 2, 2, 2, 5 ];{}
1738;[ 2, 2, 2, 4 ];{}
1738;[ 2, 2, 2, 5 ];{}
1739;[ 2, 2, 2, 4 ];{}
1739;[ 2, 2, 2, 5 ];{}
174;[ 2, 4, 8 ];{}
1761;[ 2, 2, 2, 4 ];{}
1761;[ 2, 2, 2, 5 ];{}
1762;[ 2, 2, 2, 4 ];{}
1762;[ 2, 2, 2, 5 ];{}
1763;[ 2, 2, 2, 4 ];{}
1763;[ 2, 2, 2, 5 ];{}
1764;[ 2, 2, 2, 4 ];{}
1764;[ 2, 2, 2, 5 ];{}
1765;[ 2, 2, 2, 4 ];{}
1765;[ 2, 2, 2, 5 ];{}
1766;[ 2, 2, 2, 4 ];{}
1766;[ 2, 2, 2, 5 ];{}
177;[ 2, 4, 8 ];{}
1773;[ 2, 2, 2, 4 ];{}
1773;[ 2, 2, 2, 5 ];{}
1774;[ 2, 2, 2, 4 ];{}
1774;[ 2, 2, 2, 5 ];{}
1775;[ 2, 2, 2, 4 ];{}
1775;[ 2, 2, 2, 5 ];{}
1776;[ 2, 2, 2, 4 ];{}
1776;[ 2, 2, 2, 5 ];{}
1777;[ 2, 2, 2, 4 ];{}
1777;[ 2, 2, 2, 5 ];{}
1778;[ 2, 2, 2, 4 ];{}
1778;[ 2, 2, 2, 5 ];{}
178;[ 2, 4, 8 ];{}
1785;[ 2, 2, 2, 4 ];{}
1785;[ 2, 2, 2, 5 ];{}
1786;[ 2, 2, 2, 4 ];{}
1786;[ 2, 2, 2, 5 ];{}
1787;[ 2, 2, 2, 4 ];{}
1787;[ 2, 2, 2, 5 ];{}
1788;[ 2, 2, 2, 4 ];{}
1788;[ 2, 2, 2, 5 ];{}
1789;[ 2, 2, 2, 4 ];{}
1789;[ 2, 2, 2, 5 ];{}
179;[ 2, 4, 8 ];{}
1790;[ 2, 2, 2, 4 ];{}
1790;[ 2, 2, 2, 5 ];{}
1796;[ 2, 2, 2, 4 ];{}
1796;[ 2, 2, 2, 5 ];{}
1797;[ 2, 2, 2, 4 ];{}
1797;[ 2, 2, 2, 5 ];{}
1798;[ 2, 2, 2, 4 ];{}
1798;[ 2, 2, 2, 5 ];{}
1799;[ 2, 2, 2, 4 ];{}
1799;[ 2, 2, 2, 5 ];{}
180;[ 2, 2, 2, 4 ];{}
180;[ 2, 2, 2, 5 ];{}
180;[ 2, 4, 8 ];{}
180;[ 2, 5, 8 ];{}
1807;[ 2, 2, 2, 4 ];{}
1807;[ 2, 2, 2, 5 ];{}
1808;[ 2, 2, 2, 4 ];{}
1808;[ 2, 2, 2, 5 ];{}
1809;[ 2, 2, 2, 4 ];{}
1809;[ 2, 2, 2, 5 ];{}
181;[ 2, 2, 2, 4 ];{}
181;[ 2, 2, 2, 5 ];{}
181;[ 2, 4, 8 ];{}
181;[ 2, 5, 8 ];{}
1810;[ 2, 2, 2, 4 ];{}
1810;[ 2, 2, 2, 5 ];{}
1811;[ 2, 2, 2, 4 ];{}
1811;[ 2, 2, 2, 5 ];{}
1817;[ 2, 2, 2, 4 ];{}
1817;[ 2, 2, 2, 5 ];{}
1818;[ 2, 2, 2, 4 ];{}
1818;[ 2, 2, 2, 5 ];{}
1819;[ 2, 2, 2, 4 ];{}
1819;[ 2, 2, 2, 5 ];{}
182;[ 2, 2, 2, 4 ];{}
182;[ 2, 2, 2, 5 ];{}
182;[ 2, 4, 8 ];{}
182;[ 2, 5, 8 ];{}
1825;[ 2, 2, 2, 4 ];{}
1825;[ 2, 2, 2, 5 ];{}
183;[ 2, 2, 2, 4 ];{}
183;[ 2, 2, 2, 5 ];{}
183;[ 2, 4, 8 ];{}
183;[ 2, 5, 8 ];{}
1831;[ 2, 2, 2, 4 ];{}
1831;[ 2, 2, 2, 5 ];{}
1832;[ 2, 2, 2, 4 ];{}
1832;[ 2, 2, 2, 5 ];{}
1833;[ 2, 2, 2, 4 ];{}
1833;[ 2, 2, 2, 5 ];{}
1840;[ 2, 2, 2, 4 ];{[ $.2 * $.6 * $.8, $.1 * $.5 * $.7 * $.8^2, $.3 * $.5 * $.8^4, $.1 * $.2 * $.3 * $.5 * $.7 * $.8^3 ]}
1840;[ 2, 2, 2, 5 ];{}
1841;[ 2, 2, 2, 4 ];{}
1841;[ 2, 2, 2, 5 ];{}
1842;[ 2, 2, 2, 4 ];{}
1842;[ 2, 2, 2, 5 ];{}
1846;[ 2, 2, 2, 4 ];{}
1846;[ 2, 2, 2, 5 ];{}
185;[ 2, 4, 8 ];{}
1851;[ 2, 2, 2, 4 ];{}
1851;[ 2, 2, 2, 5 ];{}
1852;[ 2, 2, 2, 4 ];{}
1852;[ 2, 2, 2, 5 ];{}
1853;[ 2, 2, 2, 4 ];{}
1853;[ 2, 2, 2, 5 ];{}
1854;[ 2, 2, 2, 4 ];{}
1854;[ 2, 2, 2, 5 ];{}
1855;[ 2, 2, 2, 4 ];{}
1855;[ 2, 2, 2, 5 ];{}
1856;[ 2, 2, 2, 4 ];{}
1856;[ 2, 2, 2, 5 ];{}
1861;[ 2, 2, 2, 4 ];{}
1861;[ 2, 2, 2, 5 ];{}
1862;[ 2, 2, 2, 4 ];{}
1862;[ 2, 2, 2, 5 ];{}
1870;[ 2, 2, 2, 4 ];{}
1870;[ 2, 2, 2, 5 ];{}
1871;[ 2, 2, 2, 4 ];{}
1871;[ 2, 2, 2, 5 ];{}
1873;[ 2, 2, 2, 4 ];{}
1873;[ 2, 2, 2, 5 ];{}
1874;[ 2, 2, 2, 4 ];{}
1874;[ 2, 2, 2, 5 ];{}
188;[ 2, 4, 8 ];{}
1883;[ 2, 2, 2, 4 ];{[ $.3 * $.5 * $.6, $.2 * $.7 * $.8^2, $.1 * $.2 * $.3 * $.4, $.1 * $.6 * $.7 * $.8^3 ]}
1883;[ 2, 2, 2, 5 ];{}
1884;[ 2, 2, 2, 4 ];{}
1884;[ 2, 2, 2, 5 ];{}
1885;[ 2, 2, 2, 4 ];{}
1885;[ 2, 2, 2, 5 ];{}
1886;[ 2, 2, 2, 4 ];{}
1886;[ 2, 2, 2, 5 ];{}
189;[ 2, 4, 8 ];{}
1891;[ 2, 2, 2, 4 ];{}
1891;[ 2, 2, 2, 5 ];{}
1893;[ 2, 2, 2, 4 ];{}
1893;[ 2, 2, 2, 5 ];{}
1894;[ 2, 2, 2, 4 ];{}
1894;[ 2, 2, 2, 5 ];{}
1895;[ 2, 2, 2, 4 ];{}
1895;[ 2, 2, 2, 5 ];{}
1896;[ 2, 2, 2, 4 ];{}
1896;[ 2, 2, 2, 5 ];{}
1897;[ 2, 2, 2, 4 ];{}
1897;[ 2, 2, 2, 5 ];{}
1898;[ 2, 2, 2, 4 ];{}
1898;[ 2, 2, 2, 5 ];{}
1899;[ 2, 2, 2, 4 ];{}
1899;[ 2, 2, 2, 5 ];{}
1903;[ 2, 2, 2, 4 ];{[ $.1 * $.7 * $.8, $.3 * $.4 * $.7 * $.8^4, $.2 * $.6 * $.7 * $.8^2, $.1 * $.2 * $.3 * $.5 * $.6 * $.7 * $.8^4 ]}
1903;[ 2, 2, 2, 5 ];{}
1906;[ 2, 2, 2, 4 ];{}
1906;[ 2, 2, 2, 5 ];{}
19095;[ 2, 2, 2, 4 ];{}
19095;[ 2, 2, 2, 5 ];{}
19095;[ 2, 4, 5 ];{}
19095;[ 2, 4, 8 ];{}
19095;[ 2, 5, 8 ];{}
19096;[ 2, 2, 2, 4 ];{}
19096;[ 2, 2, 2, 5 ];{}
19096;[ 2, 4, 5 ];{}
19096;[ 2, 4, 8 ];{}
19096;[ 2, 5, 8 ];{[ $.1 * $.2 * $.3 * $.6 * $.8, $.2^4 * $.6, $.1 * $.7 ]}
19098;[ 2, 4, 8 ];{}
19099;[ 2, 4, 8 ];{}
191;[ 2, 4, 8 ];{}
1917;[ 2, 2, 2, 4 ];{}
1917;[ 2, 2, 2, 5 ];{}
1918;[ 2, 2, 2, 4 ];{}
1918;[ 2, 2, 2, 5 ];{}
1919;[ 2, 2, 2, 4 ];{}
1919;[ 2, 2, 2, 5 ];{}
1920;[ 2, 2, 2, 4 ];{}
1920;[ 2, 2, 2, 5 ];{}
1921;[ 2, 2, 2, 4 ];{}
1921;[ 2, 2, 2, 5 ];{}
193;[ 2, 4, 8 ];{}
1933;[ 2, 2, 2, 4 ];{}
1933;[ 2, 2, 2, 5 ];{}
1934;[ 2, 2, 2, 4 ];{}
1934;[ 2, 2, 2, 5 ];{}
1935;[ 2, 2, 2, 4 ];{}
1935;[ 2, 2, 2, 5 ];{}
1936;[ 2, 2, 2, 4 ];{}
1936;[ 2, 2, 2, 5 ];{}
1937;[ 2, 2, 2, 4 ];{}
1937;[ 2, 2, 2, 5 ];{}
194;[ 2, 4, 8 ];{}
1940;[ 2, 2, 2, 4 ];{}
1940;[ 2, 2, 2, 5 ];{}
1941;[ 2, 2, 2, 4 ];{}
1941;[ 2, 2, 2, 5 ];{}
1944;[ 2, 2, 2, 4 ];{}
1944;[ 2, 2, 2, 5 ];{}
1954;[ 2, 2, 2, 4 ];{}
1954;[ 2, 2, 2, 5 ];{}
1955;[ 2, 2, 2, 4 ];{}
1955;[ 2, 2, 2, 5 ];{}
1956;[ 2, 2, 2, 4 ];{[ $.1 * $.2 * $.5 * $.6 * $.8, $.1 * $.3 * $.6 * $.7 * $.8^3, $.1 * $.8^3, $.1 * $.2 * $.3 * $.8 ]}
1956;[ 2, 2, 2, 5 ];{}
1958;[ 2, 2, 2, 4 ];{}
1958;[ 2, 2, 2, 5 ];{}
1959;[ 2, 2, 2, 4 ];{}
1959;[ 2, 2, 2, 5 ];{}
197;[ 2, 4, 8 ];{}
1970;[ 2, 2, 2, 4 ];{}
1970;[ 2, 2, 2, 5 ];{}
1971;[ 2, 2, 2, 4 ];{}
1971;[ 2, 2, 2, 5 ];{}
1972;[ 2, 2, 2, 4 ];{}
1972;[ 2, 2, 2, 5 ];{}
1973;[ 2, 2, 2, 4 ];{}
1973;[ 2, 2, 2, 5 ];{}
1974;[ 2, 2, 2, 4 ];{}
1974;[ 2, 2, 2, 5 ];{}
1975;[ 2, 2, 2, 4 ];{}
1975;[ 2, 2, 2, 5 ];{}
198;[ 2, 4, 8 ];{}
1983;[ 2, 2, 2, 4 ];{[ $.1 * $.3 * $.4 * $.7 * $.8^3, $.2, $.2 * $.3 * $.4 * $.5 * $.7 * $.8^2, $.1 * $.5 * $.6 * $.7 ]}
1983;[ 2, 2, 2, 5 ];{}
1984;[ 2, 2, 2, 4 ];{}
1984;[ 2, 2, 2, 5 ];{}
1985;[ 2, 2, 2, 4 ];{}
1985;[ 2, 2, 2, 5 ];{}
1986;[ 2, 2, 2, 4 ];{}
1986;[ 2, 2, 2, 5 ];{}
1987;[ 2, 2, 2, 4 ];{}
1987;[ 2, 2, 2, 5 ];{}
1988;[ 2, 2, 2, 4 ];{}
1988;[ 2, 2, 2, 5 ];{}
199;[ 2, 4, 8 ];{}
1991;[ 2, 2, 2, 4 ];{}
1991;[ 2, 2, 2, 5 ];{}
1992;[ 2, 2, 2, 4 ];{}
1992;[ 2, 2, 2, 5 ];{}
1995;[ 2, 2, 2, 4 ];{[ $.2 * $.3 * $.4 * $.5 * $.7 * $.8^2, $.2 * $.4 * $.6 * $.7, $.1 * $.4 * $.5 * $.8^4, $.1 * $.3 * $.4 * $.6 * $.7 * $.8 ]}
1995;[ 2, 2, 2, 5 ];{}
1996;[ 2, 2, 2, 4 ];{}
1996;[ 2, 2, 2, 5 ];{}
2001;[ 2, 2, 2, 4 ];{}
2001;[ 2, 2, 2, 5 ];{}
2002;[ 2, 2, 2, 4 ];{}
2002;[ 2, 2, 2, 5 ];{}
2003;[ 2, 2, 2, 4 ];{}
2003;[ 2, 2, 2, 5 ];{}
2004;[ 2, 2, 2, 4 ];{}
2004;[ 2, 2, 2, 5 ];{}
2005;[ 2, 2, 2, 4 ];{[ $.2 * $.3 * $.6 * $.7, $.2 * $.4 * $.6 * $.7, $.1 * $.4 * $.7 * $.8, $.1 * $.3 * $.7 * $.8 ]}
2005;[ 2, 2, 2, 5 ];{}
2006;[ 2, 2, 2, 4 ];{}
2006;[ 2, 2, 2, 5 ];{}
2007;[ 2, 2, 2, 4 ];{}
2007;[ 2, 2, 2, 5 ];{}
2008;[ 2, 2, 2, 4 ];{}
2008;[ 2, 2, 2, 5 ];{}
201;[ 2, 4, 8 ];{}
2013;[ 2, 2, 2, 4 ];{}
2013;[ 2, 2, 2, 5 ];{}
2014;[ 2, 2, 2, 4 ];{[ $.1 * $.4 * $.5 * $.6 * $.7 * $.8, $.3 * $.6, $.2 * $.3 * $.6 * $.8^2, $.1 * $.2 * $.5 * $.6 * $.7 * $.8^3 ]}
2014;[ 2, 2, 2, 5 ];{}
2015;[ 2, 2, 2, 4 ];{}
2015;[ 2, 2, 2, 5 ];{}
2016;[ 2, 2, 2, 4 ];{}
2016;[ 2, 2, 2, 5 ];{}
202;[ 2, 4, 8 ];{}
2021;[ 2, 2, 2, 4 ];{}
2021;[ 2, 2, 2, 5 ];{}
2022;[ 2, 2, 2, 4 ];{}
2022;[ 2, 2, 2, 5 ];{}
2023;[ 2, 2, 2, 4 ];{}
2023;[ 2, 2, 2, 5 ];{}
2028;[ 2, 2, 2, 4 ];{}
2028;[ 2, 2, 2, 5 ];{}
2029;[ 2, 2, 2, 4 ];{}
2029;[ 2, 2, 2, 5 ];{}
203;[ 2, 4, 8 ];{}
2030;[ 2, 2, 2, 4 ];{}
2030;[ 2, 2, 2, 5 ];{}
2035;[ 2, 2, 2, 4 ];{}
2035;[ 2, 2, 2, 5 ];{}
2036;[ 2, 2, 2, 4 ];{}
2036;[ 2, 2, 2, 5 ];{}
2037;[ 2, 2, 2, 4 ];{}
2037;[ 2, 2, 2, 5 ];{}
204;[ 2, 4, 8 ];{}
2042;[ 2, 2, 2, 4 ];{}
2042;[ 2, 2, 2, 5 ];{}
2043;[ 2, 2, 2, 4 ];{}
2043;[ 2, 2, 2, 5 ];{}
2044;[ 2, 2, 2, 4 ];{}
2044;[ 2, 2, 2, 5 ];{}
2053;[ 2, 2, 2, 4 ];{}
2053;[ 2, 2, 2, 5 ];{}
2054;[ 2, 2, 2, 4 ];{}
2054;[ 2, 2, 2, 5 ];{}
2055;[ 2, 2, 2, 4 ];{}
2055;[ 2, 2, 2, 5 ];{}
2056;[ 2, 2, 2, 4 ];{}
2056;[ 2, 2, 2, 5 ];{}
2057;[ 2, 2, 2, 4 ];{}
2057;[ 2, 2, 2, 5 ];{}
2058;[ 2, 2, 2, 4 ];{}
2058;[ 2, 2, 2, 5 ];{}
2059;[ 2, 2, 2, 4 ];{}
2059;[ 2, 2, 2, 5 ];{}
206;[ 2, 4, 8 ];{}
2060;[ 2, 2, 2, 4 ];{}
2060;[ 2, 2, 2, 5 ];{}
2061;[ 2, 2, 2, 4 ];{}
2061;[ 2, 2, 2, 5 ];{}
2066;[ 2, 2, 2, 4 ];{}
2066;[ 2, 2, 2, 5 ];{}
2067;[ 2, 2, 2, 4 ];{}
2067;[ 2, 2, 2, 5 ];{}
2068;[ 2, 2, 2, 4 ];{}
2068;[ 2, 2, 2, 5 ];{}
2069;[ 2, 2, 2, 4 ];{}
2069;[ 2, 2, 2, 5 ];{}
207;[ 2, 4, 8 ];{}
2070;[ 2, 2, 2, 4 ];{}
2070;[ 2, 2, 2, 5 ];{}
2071;[ 2, 2, 2, 4 ];{}
2071;[ 2, 2, 2, 5 ];{}
2072;[ 2, 2, 2, 4 ];{}
2072;[ 2, 2, 2, 5 ];{}
2073;[ 2, 2, 2, 4 ];{}
2073;[ 2, 2, 2, 5 ];{}
2074;[ 2, 2, 2, 4 ];{}
2074;[ 2, 2, 2, 5 ];{}
2075;[ 2, 2, 2, 4 ];{}
2075;[ 2, 2, 2, 5 ];{}
2076;[ 2, 2, 2, 4 ];{}
2076;[ 2, 2, 2, 5 ];{}
2077;[ 2, 2, 2, 4 ];{}
2077;[ 2, 2, 2, 5 ];{}
2078;[ 2, 2, 2, 4 ];{}
2078;[ 2, 2, 2, 5 ];{}
2079;[ 2, 2, 2, 4 ];{}
2079;[ 2, 2, 2, 5 ];{}
2080;[ 2, 2, 2, 4 ];{}
2080;[ 2, 2, 2, 5 ];{}
2085;[ 2, 2, 2, 4 ];{}
2085;[ 2, 2, 2, 5 ];{}
2086;[ 2, 2, 2, 4 ];{}
2086;[ 2, 2, 2, 5 ];{}
2087;[ 2, 2, 2, 4 ];{}
2087;[ 2, 2, 2, 5 ];{}
2088;[ 2, 2, 2, 4 ];{}
2088;[ 2, 2, 2, 5 ];{}
2089;[ 2, 2, 2, 4 ];{}
2089;[ 2, 2, 2, 5 ];{}
2090;[ 2, 2, 2, 4 ];{}
2090;[ 2, 2, 2, 5 ];{}
2091;[ 2, 2, 2, 4 ];{}
2091;[ 2, 2, 2, 5 ];{}
2092;[ 2, 2, 2, 4 ];{}
2092;[ 2, 2, 2, 5 ];{}
2093;[ 2, 2, 2, 4 ];{}
2093;[ 2, 2, 2, 5 ];{}
2098;[ 2, 2, 2, 4 ];{}
2098;[ 2, 2, 2, 5 ];{}
2099;[ 2, 2, 2, 4 ];{}
2099;[ 2, 2, 2, 5 ];{}
21;[ 2, 4, 8 ];{}
210;[ 2, 4, 8 ];{}
2100;[ 2, 2, 2, 4 ];{}
2100;[ 2, 2, 2, 5 ];{}
2101;[ 2, 2, 2, 4 ];{}
2101;[ 2, 2, 2, 5 ];{}
2102;[ 2, 2, 2, 4 ];{}
2102;[ 2, 2, 2, 5 ];{}
2103;[ 2, 2, 2, 4 ];{}
2103;[ 2, 2, 2, 5 ];{}
2104;[ 2, 2, 2, 4 ];{}
2104;[ 2, 2, 2, 5 ];{}
2105;[ 2, 2, 2, 4 ];{}
2105;[ 2, 2, 2, 5 ];{}
2106;[ 2, 2, 2, 4 ];{}
2106;[ 2, 2, 2, 5 ];{}
2107;[ 2, 2, 2, 4 ];{}
2107;[ 2, 2, 2, 5 ];{}
2108;[ 2, 2, 2, 4 ];{}
2108;[ 2, 2, 2, 5 ];{}
2109;[ 2, 2, 2, 4 ];{}
2109;[ 2, 2, 2, 5 ];{}
2110;[ 2, 2, 2, 4 ];{}
2110;[ 2, 2, 2, 5 ];{}
2111;[ 2, 2, 2, 4 ];{}
2111;[ 2, 2, 2, 5 ];{}
2112;[ 2, 2, 2, 4 ];{}
2112;[ 2, 2, 2, 5 ];{}
2117;[ 2, 2, 2, 4 ];{}
2117;[ 2, 2, 2, 5 ];{}
2118;[ 2, 2, 2, 4 ];{}
2118;[ 2, 2, 2, 5 ];{}
2119;[ 2, 2, 2, 4 ];{}
2119;[ 2, 2, 2, 5 ];{}
2120;[ 2, 2, 2, 4 ];{}
2120;[ 2, 2, 2, 5 ];{}
2121;[ 2, 2, 2, 4 ];{}
2121;[ 2, 2, 2, 5 ];{}
2122;[ 2, 2, 2, 4 ];{}
2122;[ 2, 2, 2, 5 ];{}
2127;[ 2, 2, 2, 4 ];{}
2127;[ 2, 2, 2, 5 ];{}
2128;[ 2, 2, 2, 4 ];{}
2128;[ 2, 2, 2, 5 ];{}
2132;[ 2, 2, 2, 4 ];{}
2132;[ 2, 2, 2, 5 ];{}
2133;[ 2, 2, 2, 4 ];{}
2133;[ 2, 2, 2, 5 ];{}
2134;[ 2, 2, 2, 4 ];{}
2134;[ 2, 2, 2, 5 ];{}
2135;[ 2, 2, 2, 4 ];{}
2135;[ 2, 2, 2, 5 ];{}
2136;[ 2, 2, 2, 4 ];{}
2136;[ 2, 2, 2, 5 ];{}
2137;[ 2, 2, 2, 4 ];{}
2137;[ 2, 2, 2, 5 ];{}
2138;[ 2, 2, 2, 4 ];{}
2138;[ 2, 2, 2, 5 ];{}
2142;[ 2, 2, 2, 4 ];{}
2142;[ 2, 2, 2, 5 ];{}
2143;[ 2, 2, 2, 4 ];{}
2143;[ 2, 2, 2, 5 ];{}
2144;[ 2, 2, 2, 4 ];{}
2144;[ 2, 2, 2, 5 ];{}
2145;[ 2, 2, 2, 4 ];{}
2145;[ 2, 2, 2, 5 ];{}
21454;[ 2, 4, 8 ];{}
21455;[ 2, 4, 8 ];{[ $.1 * $.3^2 * $.5 * $.7 * $.8, $.2 * $.3^2 * $.6, $.1 * $.4 * $.5 * $.6 * $.7 * $.8 ]:[ $.1 * $.2 * $.3^2 * $.4 * $.5, $.2 * $.3^2, $.1 * $.2 * $.4 * $.5 * $.6 * $.7 ]:[ $.1 * $.4 * $.5 * $.7, $.2 * $.3^2 * $.4 * $.5 * $.6 * $.7, $.1 * $.3 * $.5 * $.8 ]:[ $.1 * $.2 * $.3^2 * $.4 * $.5 * $.6 * $.8, $.2, $.1 * $.2 * $.3 * $.4 * $.6 * $.7 ]}
21457;[ 2, 2, 2, 4 ];{}
21457;[ 2, 2, 2, 5 ];{}
21457;[ 2, 4, 5 ];{}
21459;[ 2, 2, 2, 4 ];{[ $.1 * $.2 * $.3 * $.4^2, $.1 * $.4 * $.5 * $.7 * $.8, $.1, $.1 * $.2 * $.3 * $.4 * $.6 * $.8 ]}
21459;[ 2, 2, 2, 5 ];{}
21459;[ 2, 4, 5 ];{}
2146;[ 2, 2, 2, 4 ];{}
2146;[ 2, 2, 2, 5 ];{}
21460;[ 2, 2, 2, 4 ];{}
21460;[ 2, 2, 2, 5 ];{}
21460;[ 2, 4, 5 ];{}
21460;[ 2, 4, 8 ];{}
21460;[ 2, 5, 8 ];{}
21461;[ 2, 2, 2, 4 ];{[ $.1 * $.2 * $.3^2 * $.4 * $.6, $.1 * $.3 * $.4 * $.5 * $.6 * $.8, $.1 * $.3^3 * $.5 * $.6, $.1 * $.2 * $.3^4 * $.6 * $.7 * $.8 ]}
21461;[ 2, 2, 2, 5 ];{[ $.2 * $.7, $.3^3 * $.4, $.1 * $.3^2 * $.4 * $.5 * $.6 * $.7 * $.8, $.1 * $.2 * $.3^4 * $.6 * $.7 * $.8 ]}
21461;[ 2, 4, 5 ];{}
21461;[ 2, 4, 8 ];{}
21461;[ 2, 5, 8 ];{}
21462;[ 2, 2, 2, 4 ];{}
21462;[ 2, 2, 2, 5 ];{}
21462;[ 2, 4, 5 ];{}
21462;[ 2, 4, 8 ];{}
21462;[ 2, 5, 8 ];{}
21463;[ 2, 2, 2, 4 ];{}
21463;[ 2, 2, 2, 5 ];{}
21463;[ 2, 4, 5 ];{}
21463;[ 2, 4, 8 ];{}
21463;[ 2, 5, 8 ];{}
21464;[ 2, 2, 2, 4 ];{}
21464;[ 2, 2, 2, 5 ];{}
21464;[ 2, 4, 5 ];{}
21464;[ 2, 4, 8 ];{}
21464;[ 2, 5, 8 ];{}
21465;[ 2, 2, 2, 4 ];{[ $.1 * $.2 * $.4 * $.7 * $.8, $.1 * $.3^2 * $.4 * $.5 * $.6 * $.7, $.1 * $.3^3 * $.5 * $.6 * $.7, $.1 * $.2 * $.3 * $.4 * $.5 * $.8 ]}
21465;[ 2, 2, 2, 5 ];{[ $.3^3 * $.6 * $.7 * $.8, $.2 * $.5 * $.6 * $.7 * $.8, $.1 * $.3 * $.5 * $.8, $.1 * $.2 * $.3^3 ]:[ $.3^3 * $.5 * $.6 * $.7, $.2 * $.5 * $.7 * $.8, $.1 * $.5 * $.7, $.1 * $.2 * $.3^2 * $.6 ]}
21465;[ 2, 4, 5 ];{}
21465;[ 2, 4, 8 ];{}
21465;[ 2, 5, 8 ];{}
21467;[ 2, 2, 2, 4 ];{}
21467;[ 2, 2, 2, 5 ];{}
21467;[ 2, 4, 5 ];{}
2147;[ 2, 2, 2, 4 ];{}
2147;[ 2, 2, 2, 5 ];{}
2148;[ 2, 2, 2, 4 ];{}
2148;[ 2, 2, 2, 5 ];{}
21536;[ 2, 4, 8 ];{[ $.2 * $.3 * $.4^4, $.1 * $.4 * $.5 * $.7 * $.8, $.1 * $.2 * $.4^2 * $.5 * $.6 * $.7 ]:[ $.2 * $.3 * $.4^4, $.1 * $.3 * $.4^3 * $.7, $.1 * $.2 * $.3 * $.5 * $.8 ]}
21537;[ 2, 2, 2, 4 ];{[ $.1 * $.2 * $.3 * $.4^4 * $.5, $.1 * $.3 * $.4^2, $.1 * $.2 * $.4^3 * $.5 * $.7, $.1 * $.5 * $.8 ]}
21537;[ 2, 2, 2, 5 ];{}
2161;[ 2, 2, 2, 4 ];{[ $.2 * $.3 * $.5 * $.7, $.3 * $.4 * $.7 * $.8^2, $.1 * $.6 * $.8, $.1 * $.2 * $.5 * $.6 * $.8^4 ]}
2161;[ 2, 2, 2, 5 ];{}
2162;[ 2, 2, 2, 4 ];{}
2162;[ 2, 2, 2, 5 ];{}
2163;[ 2, 2, 2, 4 ];{}
2163;[ 2, 2, 2, 5 ];{}
2164;[ 2, 2, 2, 4 ];{}
2164;[ 2, 2, 2, 5 ];{}
2165;[ 2, 2, 2, 4 ];{}
2165;[ 2, 2, 2, 5 ];{}
2166;[ 2, 2, 2, 4 ];{}
2166;[ 2, 2, 2, 5 ];{}
2167;[ 2, 2, 2, 4 ];{}
2167;[ 2, 2, 2, 5 ];{}
2168;[ 2, 2, 2, 4 ];{}
2168;[ 2, 2, 2, 5 ];{}
2169;[ 2, 2, 2, 4 ];{}
2169;[ 2, 2, 2, 5 ];{}
217;[ 2, 4, 8 ];{}
2170;[ 2, 2, 2, 4 ];{}
2170;[ 2, 2, 2, 5 ];{}
2171;[ 2, 2, 2, 4 ];{}
2171;[ 2, 2, 2, 5 ];{}
2172;[ 2, 2, 2, 4 ];{}
2172;[ 2, 2, 2, 5 ];{}
2179;[ 2, 2, 2, 4 ];{}
2179;[ 2, 2, 2, 5 ];{}
218;[ 2, 4, 8 ];{}
2180;[ 2, 2, 2, 4 ];{}
2180;[ 2, 2, 2, 5 ];{}
2181;[ 2, 2, 2, 4 ];{}
2181;[ 2, 2, 2, 5 ];{}
2182;[ 2, 2, 2, 4 ];{}
2182;[ 2, 2, 2, 5 ];{}
2183;[ 2, 2, 2, 4 ];{}
2183;[ 2, 2, 2, 5 ];{}
2188;[ 2, 2, 2, 4 ];{}
2188;[ 2, 2, 2, 5 ];{}
2189;[ 2, 2, 2, 4 ];{}
2189;[ 2, 2, 2, 5 ];{}
219;[ 2, 4, 8 ];{}
2190;[ 2, 2, 2, 4 ];{}
2190;[ 2, 2, 2, 5 ];{}
2191;[ 2, 2, 2, 4 ];{}
2191;[ 2, 2, 2, 5 ];{}
2195;[ 2, 2, 2, 4 ];{}
2195;[ 2, 2, 2, 5 ];{}
2196;[ 2, 2, 2, 4 ];{}
2196;[ 2, 2, 2, 5 ];{}
2197;[ 2, 2, 2, 4 ];{}
2197;[ 2, 2, 2, 5 ];{}
2198;[ 2, 2, 2, 4 ];{}
2198;[ 2, 2, 2, 5 ];{}
22;[ 2, 4, 8 ];{}
220;[ 2, 4, 8 ];{}
2202;[ 2, 2, 2, 4 ];{}
2202;[ 2, 2, 2, 5 ];{}
2203;[ 2, 2, 2, 4 ];{}
2203;[ 2, 2, 2, 5 ];{}
2204;[ 2, 2, 2, 4 ];{}
2204;[ 2, 2, 2, 5 ];{}
2205;[ 2, 2, 2, 4 ];{}
2205;[ 2, 2, 2, 5 ];{}
2206;[ 2, 2, 2, 4 ];{}
2206;[ 2, 2, 2, 5 ];{}
2207;[ 2, 2, 2, 4 ];{}
2207;[ 2, 2, 2, 5 ];{}
2208;[ 2, 2, 2, 4 ];{}
2208;[ 2, 2, 2, 5 ];{}
2209;[ 2, 2, 2, 4 ];{}
2209;[ 2, 2, 2, 5 ];{}
221;[ 2, 4, 8 ];{}
2210;[ 2, 2, 2, 4 ];{}
2210;[ 2, 2, 2, 5 ];{}
2211;[ 2, 2, 2, 4 ];{}
2211;[ 2, 2, 2, 5 ];{}
2215;[ 2, 2, 2, 4 ];{}
2215;[ 2, 2, 2, 5 ];{}
2216;[ 2, 2, 2, 4 ];{}
2216;[ 2, 2, 2, 5 ];{}
2217;[ 2, 2, 2, 4 ];{}
2217;[ 2, 2, 2, 5 ];{}
2218;[ 2, 2, 2, 4 ];{}
2218;[ 2, 2, 2, 5 ];{}
222;[ 2, 4, 8 ];{}
2222;[ 2, 2, 2, 4 ];{}
2222;[ 2, 2, 2, 5 ];{}
2223;[ 2, 2, 2, 4 ];{}
2223;[ 2, 2, 2, 5 ];{}
2224;[ 2, 2, 2, 4 ];{}
2224;[ 2, 2, 2, 5 ];{}
2225;[ 2, 2, 2, 4 ];{}
2225;[ 2, 2, 2, 5 ];{}
2226;[ 2, 2, 2, 4 ];{}
2226;[ 2, 2, 2, 5 ];{}
2227;[ 2, 2, 2, 4 ];{}
2227;[ 2, 2, 2, 5 ];{}
2228;[ 2, 2, 2, 4 ];{}
2228;[ 2, 2, 2, 5 ];{}
2229;[ 2, 2, 2, 4 ];{}
2229;[ 2, 2, 2, 5 ];{}
223;[ 2, 4, 8 ];{}
2230;[ 2, 2, 2, 4 ];{}
2230;[ 2, 2, 2, 5 ];{}
2231;[ 2, 2, 2, 4 ];{}
2231;[ 2, 2, 2, 5 ];{}
2236;[ 2, 2, 2, 4 ];{}
2236;[ 2, 2, 2, 5 ];{}
2237;[ 2, 2, 2, 4 ];{}
2237;[ 2, 2, 2, 5 ];{}
2238;[ 2, 2, 2, 4 ];{}
2238;[ 2, 2, 2, 5 ];{}
224;[ 2, 4, 8 ];{}
2242;[ 2, 2, 2, 4 ];{}
2242;[ 2, 2, 2, 5 ];{}
2243;[ 2, 2, 2, 4 ];{}
2243;[ 2, 2, 2, 5 ];{}
2244;[ 2, 2, 2, 4 ];{}
2244;[ 2, 2, 2, 5 ];{}
2245;[ 2, 2, 2, 4 ];{}
2245;[ 2, 2, 2, 5 ];{}
2248;[ 2, 2, 2, 4 ];{[ $.2 * $.4 * $.6 * $.8^3, $.2 * $.3 * $.4 * $.6 * $.8, $.1 * $.3 * $.4 * $.8^3, $.1 * $.4 * $.7 ]}
2248;[ 2, 2, 2, 5 ];{}
2249;[ 2, 2, 2, 4 ];{}
2249;[ 2, 2, 2, 5 ];{}
225;[ 2, 4, 8 ];{}
2250;[ 2, 2, 2, 4 ];{}
2250;[ 2, 2, 2, 5 ];{}
2251;[ 2, 2, 2, 4 ];{}
2251;[ 2, 2, 2, 5 ];{}
2252;[ 2, 2, 2, 4 ];{}
2252;[ 2, 2, 2, 5 ];{}
2253;[ 2, 2, 2, 4 ];{}
2253;[ 2, 2, 2, 5 ];{}
2254;[ 2, 2, 2, 4 ];{}
2254;[ 2, 2, 2, 5 ];{}
2255;[ 2, 2, 2, 4 ];{}
2255;[ 2, 2, 2, 5 ];{}
2256;[ 2, 2, 2, 4 ];{}
2256;[ 2, 2, 2, 5 ];{}
2257;[ 2, 2, 2, 4 ];{}
2257;[ 2, 2, 2, 5 ];{}
2258;[ 2, 2, 2, 4 ];{}
2258;[ 2, 2, 2, 5 ];{}
2259;[ 2, 2, 2, 4 ];{}
2259;[ 2, 2, 2, 5 ];{}
23;[ 2, 4, 8 ];{}
232;[ 2, 4, 8 ];{}
235;[ 2, 4, 8 ];{}
2372;[ 2, 2, 2, 4 ];{}
2372;[ 2, 2, 2, 5 ];{}
2375;[ 2, 2, 2, 4 ];{}
2375;[ 2, 2, 2, 5 ];{}
238;[ 2, 4, 8 ];{}
2382;[ 2, 2, 2, 4 ];{}
2382;[ 2, 2, 2, 5 ];{}
239;[ 2, 4, 8 ];{}
2393;[ 2, 2, 2, 4 ];{}
2393;[ 2, 2, 2, 5 ];{}
2394;[ 2, 2, 2, 4 ];{}
2394;[ 2, 2, 2, 5 ];{}
2395;[ 2, 2, 2, 4 ];{}
2395;[ 2, 2, 2, 5 ];{}
2398;[ 2, 2, 2, 4 ];{}
2398;[ 2, 2, 2, 5 ];{}
2399;[ 2, 2, 2, 4 ];{}
2399;[ 2, 2, 2, 5 ];{}
24;[ 2, 4, 8 ];{}
2401;[ 2, 2, 2, 4 ];{}
2401;[ 2, 2, 2, 5 ];{}
2402;[ 2, 2, 2, 4 ];{}
2402;[ 2, 2, 2, 5 ];{}
2411;[ 2, 2, 2, 4 ];{}
2411;[ 2, 2, 2, 5 ];{}
2414;[ 2, 2, 2, 4 ];{}
2414;[ 2, 2, 2, 5 ];{}
2416;[ 2, 2, 2, 4 ];{}
2416;[ 2, 2, 2, 5 ];{}
2417;[ 2, 2, 2, 4 ];{}
2417;[ 2, 2, 2, 5 ];{}
2418;[ 2, 2, 2, 4 ];{}
2418;[ 2, 2, 2, 5 ];{}
242;[ 2, 4, 8 ];{}
243;[ 2, 4, 8 ];{}
2432;[ 2, 2, 2, 4 ];{}
2432;[ 2, 2, 2, 5 ];{}
2433;[ 2, 2, 2, 4 ];{}
2433;[ 2, 2, 2, 5 ];{}
2435;[ 2, 2, 2, 4 ];{}
2435;[ 2, 2, 2, 5 ];{}
2436;[ 2, 2, 2, 4 ];{}
2436;[ 2, 2, 2, 5 ];{}
2438;[ 2, 2, 2, 4 ];{}
2438;[ 2, 2, 2, 5 ];{}
2444;[ 2, 2, 2, 4 ];{}
2444;[ 2, 2, 2, 5 ];{}
2445;[ 2, 2, 2, 4 ];{}
2445;[ 2, 2, 2, 5 ];{}
2446;[ 2, 2, 2, 4 ];{}
2446;[ 2, 2, 2, 5 ];{}
2447;[ 2, 2, 2, 4 ];{}
2447;[ 2, 2, 2, 5 ];{}
2448;[ 2, 2, 2, 4 ];{}
2448;[ 2, 2, 2, 5 ];{}
2460;[ 2, 2, 2, 4 ];{}
2460;[ 2, 2, 2, 5 ];{}
2461;[ 2, 2, 2, 4 ];{}
2461;[ 2, 2, 2, 5 ];{}
2462;[ 2, 2, 2, 4 ];{}
2462;[ 2, 2, 2, 5 ];{}
2464;[ 2, 2, 2, 4 ];{}
2464;[ 2, 2, 2, 5 ];{}
2465;[ 2, 2, 2, 4 ];{}
2465;[ 2, 2, 2, 5 ];{}
2466;[ 2, 2, 2, 4 ];{}
2466;[ 2, 2, 2, 5 ];{}
2468;[ 2, 2, 2, 4 ];{}
2468;[ 2, 2, 2, 5 ];{}
2469;[ 2, 2, 2, 4 ];{}
2469;[ 2, 2, 2, 5 ];{}
2471;[ 2, 2, 2, 4 ];{}
2471;[ 2, 2, 2, 5 ];{}
2474;[ 2, 2, 2, 4 ];{}
2474;[ 2, 2, 2, 5 ];{}
2479;[ 2, 2, 2, 4 ];{}
2479;[ 2, 2, 2, 5 ];{}
248;[ 2, 4, 8 ];{}
2480;[ 2, 2, 2, 4 ];{}
2480;[ 2, 2, 2, 5 ];{}
2481;[ 2, 2, 2, 4 ];{}
2481;[ 2, 2, 2, 5 ];{}
2482;[ 2, 2, 2, 4 ];{}
2482;[ 2, 2, 2, 5 ];{}
2483;[ 2, 2, 2, 4 ];{}
2483;[ 2, 2, 2, 5 ];{}
2484;[ 2, 2, 2, 4 ];{}
2484;[ 2, 2, 2, 5 ];{}
2485;[ 2, 2, 2, 4 ];{}
2485;[ 2, 2, 2, 5 ];{}
2486;[ 2, 2, 2, 4 ];{}
2486;[ 2, 2, 2, 5 ];{}
2487;[ 2, 2, 2, 4 ];{}
2487;[ 2, 2, 2, 5 ];{}
2488;[ 2, 2, 2, 4 ];{}
2488;[ 2, 2, 2, 5 ];{}
249;[ 2, 4, 8 ];{}
2497;[ 2, 2, 2, 4 ];{}
2497;[ 2, 2, 2, 5 ];{}
2498;[ 2, 2, 2, 4 ];{}
2498;[ 2, 2, 2, 5 ];{}
2499;[ 2, 2, 2, 4 ];{}
2499;[ 2, 2, 2, 5 ];{}
2502;[ 2, 2, 2, 4 ];{}
2502;[ 2, 2, 2, 5 ];{}
2503;[ 2, 2, 2, 4 ];{}
2503;[ 2, 2, 2, 5 ];{}
2504;[ 2, 2, 2, 4 ];{}
2504;[ 2, 2, 2, 5 ];{}
2505;[ 2, 2, 2, 4 ];{}
2505;[ 2, 2, 2, 5 ];{}
2508;[ 2, 2, 2, 4 ];{}
2508;[ 2, 2, 2, 5 ];{}
2509;[ 2, 2, 2, 4 ];{}
2509;[ 2, 2, 2, 5 ];{}
2510;[ 2, 2, 2, 4 ];{}
2510;[ 2, 2, 2, 5 ];{}
2513;[ 2, 2, 2, 4 ];{}
2513;[ 2, 2, 2, 5 ];{}
2514;[ 2, 2, 2, 4 ];{}
2514;[ 2, 2, 2, 5 ];{}
2515;[ 2, 2, 2, 4 ];{}
2515;[ 2, 2, 2, 5 ];{}
2516;[ 2, 2, 2, 4 ];{}
2516;[ 2, 2, 2, 5 ];{}
2518;[ 2, 2, 2, 4 ];{}
2518;[ 2, 2, 2, 5 ];{}
252;[ 2, 4, 8 ];{}
2525;[ 2, 2, 2, 4 ];{}
2525;[ 2, 2, 2, 5 ];{}
2526;[ 2, 2, 2, 4 ];{}
2526;[ 2, 2, 2, 5 ];{}
2527;[ 2, 2, 2, 4 ];{}
2527;[ 2, 2, 2, 5 ];{}
2528;[ 2, 2, 2, 4 ];{}
2528;[ 2, 2, 2, 5 ];{}
2529;[ 2, 2, 2, 4 ];{}
2529;[ 2, 2, 2, 5 ];{}
253;[ 2, 4, 8 ];{}
2530;[ 2, 2, 2, 4 ];{}
2530;[ 2, 2, 2, 5 ];{}
2531;[ 2, 2, 2, 4 ];{}
2531;[ 2, 2, 2, 5 ];{}
2533;[ 2, 2, 2, 4 ];{}
2533;[ 2, 2, 2, 5 ];{}
2534;[ 2, 2, 2, 4 ];{}
2534;[ 2, 2, 2, 5 ];{}
2536;[ 2, 2, 2, 4 ];{}
2536;[ 2, 2, 2, 5 ];{}
2539;[ 2, 2, 2, 4 ];{}
2539;[ 2, 2, 2, 5 ];{}
2540;[ 2, 2, 2, 4 ];{}
2540;[ 2, 2, 2, 5 ];{}
2543;[ 2, 2, 2, 4 ];{}
2543;[ 2, 2, 2, 5 ];{}
2544;[ 2, 2, 2, 4 ];{}
2544;[ 2, 2, 2, 5 ];{}
2545;[ 2, 2, 2, 4 ];{}
2545;[ 2, 2, 2, 5 ];{}
2546;[ 2, 2, 2, 4 ];{}
2546;[ 2, 2, 2, 5 ];{}
2548;[ 2, 2, 2, 4 ];{}
2548;[ 2, 2, 2, 5 ];{}
255;[ 2, 4, 8 ];{}
2555;[ 2, 2, 2, 4 ];{}
2555;[ 2, 2, 2, 5 ];{}
2556;[ 2, 2, 2, 4 ];{}
2556;[ 2, 2, 2, 5 ];{}
2557;[ 2, 2, 2, 4 ];{}
2557;[ 2, 2, 2, 5 ];{}
2558;[ 2, 2, 2, 4 ];{}
2558;[ 2, 2, 2, 5 ];{}
2559;[ 2, 2, 2, 4 ];{}
2559;[ 2, 2, 2, 5 ];{}
256;[ 2, 4, 8 ];{}
2560;[ 2, 2, 2, 4 ];{}
2560;[ 2, 2, 2, 5 ];{}
2561;[ 2, 2, 2, 4 ];{}
2561;[ 2, 2, 2, 5 ];{}
2563;[ 2, 2, 2, 4 ];{}
2563;[ 2, 2, 2, 5 ];{}
2564;[ 2, 2, 2, 4 ];{}
2564;[ 2, 2, 2, 5 ];{}
2566;[ 2, 2, 2, 4 ];{}
2566;[ 2, 2, 2, 5 ];{}
2569;[ 2, 2, 2, 4 ];{}
2569;[ 2, 2, 2, 5 ];{}
257;[ 2, 4, 8 ];{}
2570;[ 2, 2, 2, 4 ];{}
2570;[ 2, 2, 2, 5 ];{}
2571;[ 2, 2, 2, 4 ];{}
2571;[ 2, 2, 2, 5 ];{}
2572;[ 2, 2, 2, 4 ];{}
2572;[ 2, 2, 2, 5 ];{}
2573;[ 2, 2, 2, 4 ];{}
2573;[ 2, 2, 2, 5 ];{}
2574;[ 2, 2, 2, 4 ];{}
2574;[ 2, 2, 2, 5 ];{}
2575;[ 2, 2, 2, 4 ];{}
2575;[ 2, 2, 2, 5 ];{}
2576;[ 2, 2, 2, 4 ];{}
2576;[ 2, 2, 2, 5 ];{}
2577;[ 2, 2, 2, 4 ];{}
2577;[ 2, 2, 2, 5 ];{}
2578;[ 2, 2, 2, 4 ];{}
2578;[ 2, 2, 2, 5 ];{}
2579;[ 2, 2, 2, 4 ];{}
2579;[ 2, 2, 2, 5 ];{}
258;[ 2, 4, 8 ];{}
2580;[ 2, 2, 2, 4 ];{}
2580;[ 2, 2, 2, 5 ];{}
2581;[ 2, 2, 2, 4 ];{}
2581;[ 2, 2, 2, 5 ];{}
2582;[ 2, 2, 2, 4 ];{}
2582;[ 2, 2, 2, 5 ];{}
2583;[ 2, 2, 2, 4 ];{}
2583;[ 2, 2, 2, 5 ];{}
2584;[ 2, 2, 2, 4 ];{}
2584;[ 2, 2, 2, 5 ];{}
2585;[ 2, 2, 2, 4 ];{}
2585;[ 2, 2, 2, 5 ];{}
2586;[ 2, 2, 2, 4 ];{}
2586;[ 2, 2, 2, 5 ];{}
2587;[ 2, 2, 2, 4 ];{}
2587;[ 2, 2, 2, 5 ];{}
2588;[ 2, 2, 2, 4 ];{}
2588;[ 2, 2, 2, 5 ];{}
2589;[ 2, 2, 2, 4 ];{}
2589;[ 2, 2, 2, 5 ];{}
259;[ 2, 4, 8 ];{}
2590;[ 2, 2, 2, 4 ];{}
2590;[ 2, 2, 2, 5 ];{}
2591;[ 2, 2, 2, 4 ];{}
2591;[ 2, 2, 2, 5 ];{}
2592;[ 2, 2, 2, 4 ];{}
2592;[ 2, 2, 2, 5 ];{}
2593;[ 2, 2, 2, 4 ];{}
2593;[ 2, 2, 2, 5 ];{}
2594;[ 2, 2, 2, 4 ];{}
2594;[ 2, 2, 2, 5 ];{}
260;[ 2, 4, 8 ];{}
261;[ 2, 4, 8 ];{}
264;[ 2, 4, 8 ];{}
265;[ 2, 4, 8 ];{}
266;[ 2, 4, 8 ];{}
267;[ 2, 4, 8 ];{}
269;[ 2, 4, 8 ];{}
270;[ 2, 4, 8 ];{}
271;[ 2, 4, 8 ];{}
272;[ 2, 4, 8 ];{}
273;[ 2, 4, 8 ];{}
274;[ 2, 4, 8 ];{}
275;[ 2, 4, 8 ];{}
278;[ 2, 4, 8 ];{}
280;[ 2, 4, 8 ];{}
2809;[ 2, 2, 2, 4 ];{}
2809;[ 2, 2, 2, 5 ];{}
281;[ 2, 4, 8 ];{}
2810;[ 2, 2, 2, 4 ];{}
2810;[ 2, 2, 2, 5 ];{}
2811;[ 2, 2, 2, 4 ];{}
2811;[ 2, 2, 2, 5 ];{}
2812;[ 2, 2, 2, 4 ];{}
2812;[ 2, 2, 2, 5 ];{}
2813;[ 2, 2, 2, 4 ];{}
2813;[ 2, 2, 2, 5 ];{}
2814;[ 2, 2, 2, 4 ];{}
2814;[ 2, 2, 2, 5 ];{}
2815;[ 2, 2, 2, 4 ];{}
2815;[ 2, 2, 2, 5 ];{}
283;[ 2, 4, 8 ];{}
2836;[ 2, 2, 2, 4 ];{}
2836;[ 2, 2, 2, 5 ];{}
2837;[ 2, 2, 2, 4 ];{}
2837;[ 2, 2, 2, 5 ];{}
2839;[ 2, 2, 2, 4 ];{}
2839;[ 2, 2, 2, 5 ];{}
284;[ 2, 4, 8 ];{}
285;[ 2, 4, 8 ];{}
286;[ 2, 4, 8 ];{}
2862;[ 2, 2, 2, 4 ];{}
2862;[ 2, 2, 2, 5 ];{}
2868;[ 2, 2, 2, 4 ];{}
2868;[ 2, 2, 2, 5 ];{}
2869;[ 2, 2, 2, 4 ];{}
2869;[ 2, 2, 2, 5 ];{}
287;[ 2, 4, 8 ];{}
2870;[ 2, 2, 2, 4 ];{}
2870;[ 2, 2, 2, 5 ];{}
2878;[ 2, 2, 2, 4 ];{}
2878;[ 2, 2, 2, 5 ];{}
2879;[ 2, 2, 2, 4 ];{}
2879;[ 2, 2, 2, 5 ];{}
288;[ 2, 4, 8 ];{}
2880;[ 2, 2, 2, 4 ];{}
2880;[ 2, 2, 2, 5 ];{}
2881;[ 2, 2, 2, 4 ];{}
2881;[ 2, 2, 2, 5 ];{}
2882;[ 2, 2, 2, 4 ];{}
2882;[ 2, 2, 2, 5 ];{}
2883;[ 2, 2, 2, 4 ];{}
2883;[ 2, 2, 2, 5 ];{}
2888;[ 2, 2, 2, 4 ];{}
2888;[ 2, 2, 2, 5 ];{}
289;[ 2, 4, 8 ];{}
29;[ 2, 4, 8 ];{}
2900;[ 2, 2, 2, 4 ];{}
2900;[ 2, 2, 2, 5 ];{}
2906;[ 2, 2, 2, 4 ];{}
2906;[ 2, 2, 2, 5 ];{}
2907;[ 2, 2, 2, 4 ];{}
2907;[ 2, 2, 2, 5 ];{}
2912;[ 2, 2, 2, 4 ];{}
2912;[ 2, 2, 2, 5 ];{}
2913;[ 2, 2, 2, 4 ];{}
2913;[ 2, 2, 2, 5 ];{}
2918;[ 2, 2, 2, 4 ];{}
2918;[ 2, 2, 2, 5 ];{}
2925;[ 2, 2, 2, 4 ];{}
2925;[ 2, 2, 2, 5 ];{}
2928;[ 2, 2, 2, 4 ];{}
2928;[ 2, 2, 2, 5 ];{}
293;[ 2, 4, 8 ];{}
294;[ 2, 4, 8 ];{}
2941;[ 2, 2, 2, 4 ];{}
2941;[ 2, 2, 2, 5 ];{}
295;[ 2, 4, 8 ];{}
2950;[ 2, 2, 2, 4 ];{}
2950;[ 2, 2, 2, 5 ];{}
2951;[ 2, 2, 2, 4 ];{}
2951;[ 2, 2, 2, 5 ];{}
2952;[ 2, 2, 2, 4 ];{}
2952;[ 2, 2, 2, 5 ];{}
2953;[ 2, 2, 2, 4 ];{}
2953;[ 2, 2, 2, 5 ];{}
2957;[ 2, 2, 2, 4 ];{}
2957;[ 2, 2, 2, 5 ];{}
2958;[ 2, 2, 2, 4 ];{}
2958;[ 2, 2, 2, 5 ];{}
2959;[ 2, 2, 2, 4 ];{}
2959;[ 2, 2, 2, 5 ];{}
296;[ 2, 4, 8 ];{}
2960;[ 2, 2, 2, 4 ];{}
2960;[ 2, 2, 2, 5 ];{}
2965;[ 2, 2, 2, 4 ];{}
2965;[ 2, 2, 2, 5 ];{}
2966;[ 2, 2, 2, 4 ];{}
2966;[ 2, 2, 2, 5 ];{}
2967;[ 2, 2, 2, 4 ];{}
2967;[ 2, 2, 2, 5 ];{}
297;[ 2, 4, 8 ];{}
2975;[ 2, 2, 2, 4 ];{}
2975;[ 2, 2, 2, 5 ];{}
298;[ 2, 4, 8 ];{}
2984;[ 2, 2, 2, 4 ];{}
2984;[ 2, 2, 2, 5 ];{}
2985;[ 2, 2, 2, 4 ];{}
2985;[ 2, 2, 2, 5 ];{}
2986;[ 2, 2, 2, 4 ];{}
2986;[ 2, 2, 2, 5 ];{}
2987;[ 2, 2, 2, 4 ];{}
2987;[ 2, 2, 2, 5 ];{}
299;[ 2, 4, 8 ];{}
2991;[ 2, 2, 2, 4 ];{}
2991;[ 2, 2, 2, 5 ];{}
2992;[ 2, 2, 2, 4 ];{}
2992;[ 2, 2, 2, 5 ];{}
2993;[ 2, 2, 2, 4 ];{}
2993;[ 2, 2, 2, 5 ];{}
2994;[ 2, 2, 2, 4 ];{}
2994;[ 2, 2, 2, 5 ];{}
2995;[ 2, 2, 2, 4 ];{}
2995;[ 2, 2, 2, 5 ];{}
30;[ 2, 4, 8 ];{}
300;[ 2, 4, 8 ];{}
3000;[ 2, 2, 2, 4 ];{}
3000;[ 2, 2, 2, 5 ];{}
3001;[ 2, 2, 2, 4 ];{}
3001;[ 2, 2, 2, 5 ];{}
3007;[ 2, 2, 2, 4 ];{}
3007;[ 2, 2, 2, 5 ];{}
301;[ 2, 4, 8 ];{}
3015;[ 2, 2, 2, 4 ];{}
3015;[ 2, 2, 2, 5 ];{}
3017;[ 2, 2, 2, 4 ];{}
3017;[ 2, 2, 2, 5 ];{}
3019;[ 2, 2, 2, 4 ];{}
3019;[ 2, 2, 2, 5 ];{}
302;[ 2, 4, 8 ];{}
303;[ 2, 4, 8 ];{}
3038;[ 2, 2, 2, 4 ];{}
3038;[ 2, 2, 2, 5 ];{}
3039;[ 2, 2, 2, 4 ];{}
3039;[ 2, 2, 2, 5 ];{}
304;[ 2, 4, 8 ];{}
3040;[ 2, 2, 2, 4 ];{}
3040;[ 2, 2, 2, 5 ];{}
3041;[ 2, 2, 2, 4 ];{}
3041;[ 2, 2, 2, 5 ];{}
305;[ 2, 4, 8 ];{}
3050;[ 2, 2, 2, 4 ];{}
3050;[ 2, 2, 2, 5 ];{}
3051;[ 2, 2, 2, 4 ];{}
3051;[ 2, 2, 2, 5 ];{}
3052;[ 2, 2, 2, 4 ];{}
3052;[ 2, 2, 2, 5 ];{}
3053;[ 2, 2, 2, 4 ];{}
3053;[ 2, 2, 2, 5 ];{}
3054;[ 2, 2, 2, 4 ];{}
3054;[ 2, 2, 2, 5 ];{}
3055;[ 2, 2, 2, 4 ];{}
3055;[ 2, 2, 2, 5 ];{}
3056;[ 2, 2, 2, 4 ];{}
3056;[ 2, 2, 2, 5 ];{}
3057;[ 2, 2, 2, 4 ];{}
3057;[ 2, 2, 2, 5 ];{}
3058;[ 2, 2, 2, 4 ];{}
3058;[ 2, 2, 2, 5 ];{}
3059;[ 2, 2, 2, 4 ];{}
3059;[ 2, 2, 2, 5 ];{}
306;[ 2, 4, 8 ];{}
3068;[ 2, 2, 2, 4 ];{}
3068;[ 2, 2, 2, 5 ];{}
3069;[ 2, 2, 2, 4 ];{}
3069;[ 2, 2, 2, 5 ];{}
307;[ 2, 4, 8 ];{}
3071;[ 2, 2, 2, 4 ];{}
3071;[ 2, 2, 2, 5 ];{}
3072;[ 2, 2, 2, 4 ];{}
3072;[ 2, 2, 2, 5 ];{}
3079;[ 2, 2, 2, 4 ];{}
3079;[ 2, 2, 2, 5 ];{}
308;[ 2, 4, 8 ];{}
3080;[ 2, 2, 2, 4 ];{}
3080;[ 2, 2, 2, 5 ];{}
3081;[ 2, 2, 2, 4 ];{}
3081;[ 2, 2, 2, 5 ];{}
3082;[ 2, 2, 2, 4 ];{}
3082;[ 2, 2, 2, 5 ];{}
3084;[ 2, 2, 2, 4 ];{}
3084;[ 2, 2, 2, 5 ];{}
3085;[ 2, 2, 2, 4 ];{}
3085;[ 2, 2, 2, 5 ];{}
3086;[ 2, 2, 2, 4 ];{}
3086;[ 2, 2, 2, 5 ];{}
3087;[ 2, 2, 2, 4 ];{}
3087;[ 2, 2, 2, 5 ];{}
3089;[ 2, 2, 2, 4 ];{}
3089;[ 2, 2, 2, 5 ];{}
3090;[ 2, 2, 2, 4 ];{}
3090;[ 2, 2, 2, 5 ];{}
3091;[ 2, 2, 2, 4 ];{}
3091;[ 2, 2, 2, 5 ];{}
3092;[ 2, 2, 2, 4 ];{}
3092;[ 2, 2, 2, 5 ];{}
31;[ 2, 4, 8 ];{}
3106;[ 2, 2, 2, 4 ];{}
3106;[ 2, 2, 2, 5 ];{}
3107;[ 2, 2, 2, 4 ];{}
3107;[ 2, 2, 2, 5 ];{}
3108;[ 2, 2, 2, 4 ];{}
3108;[ 2, 2, 2, 5 ];{}
3109;[ 2, 2, 2, 4 ];{}
3109;[ 2, 2, 2, 5 ];{}
311;[ 2, 4, 8 ];{}
3118;[ 2, 2, 2, 4 ];{}
3118;[ 2, 2, 2, 5 ];{}
3119;[ 2, 2, 2, 4 ];{}
3119;[ 2, 2, 2, 5 ];{}
3120;[ 2, 2, 2, 4 ];{}
3120;[ 2, 2, 2, 5 ];{}
3121;[ 2, 2, 2, 4 ];{}
3121;[ 2, 2, 2, 5 ];{}
3122;[ 2, 2, 2, 4 ];{}
3122;[ 2, 2, 2, 5 ];{}
3123;[ 2, 2, 2, 4 ];{}
3123;[ 2, 2, 2, 5 ];{}
3124;[ 2, 2, 2, 4 ];{}
3124;[ 2, 2, 2, 5 ];{}
3125;[ 2, 2, 2, 4 ];{}
3125;[ 2, 2, 2, 5 ];{}
3126;[ 2, 2, 2, 4 ];{}
3126;[ 2, 2, 2, 5 ];{}
3127;[ 2, 2, 2, 4 ];{}
3127;[ 2, 2, 2, 5 ];{}
3136;[ 2, 2, 2, 4 ];{}
3136;[ 2, 2, 2, 5 ];{}
3137;[ 2, 2, 2, 4 ];{}
3137;[ 2, 2, 2, 5 ];{}
3139;[ 2, 2, 2, 4 ];{}
3139;[ 2, 2, 2, 5 ];{}
3140;[ 2, 2, 2, 4 ];{}
3140;[ 2, 2, 2, 5 ];{}
3147;[ 2, 2, 2, 4 ];{}
3147;[ 2, 2, 2, 5 ];{}
3148;[ 2, 2, 2, 4 ];{}
3148;[ 2, 2, 2, 5 ];{}
3149;[ 2, 2, 2, 4 ];{}
3149;[ 2, 2, 2, 5 ];{}
315;[ 2, 4, 8 ];{}
3150;[ 2, 2, 2, 4 ];{}
3150;[ 2, 2, 2, 5 ];{}
3152;[ 2, 2, 2, 4 ];{}
3152;[ 2, 2, 2, 5 ];{}
3153;[ 2, 2, 2, 4 ];{}
3153;[ 2, 2, 2, 5 ];{}
3154;[ 2, 2, 2, 4 ];{}
3154;[ 2, 2, 2, 5 ];{}
3155;[ 2, 2, 2, 4 ];{}
3155;[ 2, 2, 2, 5 ];{}
3157;[ 2, 2, 2, 4 ];{}
3157;[ 2, 2, 2, 5 ];{}
3158;[ 2, 2, 2, 4 ];{}
3158;[ 2, 2, 2, 5 ];{}
3159;[ 2, 2, 2, 4 ];{}
3159;[ 2, 2, 2, 5 ];{}
316;[ 2, 4, 8 ];{}
3160;[ 2, 2, 2, 4 ];{}
3160;[ 2, 2, 2, 5 ];{}
3169;[ 2, 2, 2, 4 ];{}
3169;[ 2, 2, 2, 5 ];{}
3171;[ 2, 2, 2, 4 ];{}
3171;[ 2, 2, 2, 5 ];{}
3176;[ 2, 2, 2, 4 ];{}
3176;[ 2, 2, 2, 5 ];{}
3177;[ 2, 2, 2, 4 ];{}
3177;[ 2, 2, 2, 5 ];{}
318;[ 2, 4, 8 ];{}
3181;[ 2, 2, 2, 4 ];{}
3181;[ 2, 2, 2, 5 ];{}
3182;[ 2, 2, 2, 4 ];{}
3182;[ 2, 2, 2, 5 ];{}
3184;[ 2, 2, 2, 4 ];{}
3184;[ 2, 2, 2, 5 ];{}
3185;[ 2, 2, 2, 4 ];{}
3185;[ 2, 2, 2, 5 ];{}
3186;[ 2, 2, 2, 4 ];{}
3186;[ 2, 2, 2, 5 ];{}
3187;[ 2, 2, 2, 4 ];{}
3187;[ 2, 2, 2, 5 ];{}
3188;[ 2, 2, 2, 4 ];{}
3188;[ 2, 2, 2, 5 ];{}
319;[ 2, 4, 8 ];{}
3192;[ 2, 2, 2, 4 ];{}
3192;[ 2, 2, 2, 5 ];{}
3194;[ 2, 2, 2, 4 ];{}
3194;[ 2, 2, 2, 5 ];{}
3195;[ 2, 2, 2, 4 ];{}
3195;[ 2, 2, 2, 5 ];{}
3196;[ 2, 2, 2, 4 ];{}
3196;[ 2, 2, 2, 5 ];{}
3197;[ 2, 2, 2, 4 ];{}
3197;[ 2, 2, 2, 5 ];{}
3199;[ 2, 2, 2, 4 ];{}
3199;[ 2, 2, 2, 5 ];{}
32;[ 2, 4, 8 ];{}
320;[ 2, 4, 8 ];{}
3201;[ 2, 2, 2, 4 ];{}
3201;[ 2, 2, 2, 5 ];{}
3206;[ 2, 2, 2, 4 ];{}
3206;[ 2, 2, 2, 5 ];{}
3207;[ 2, 2, 2, 4 ];{}
3207;[ 2, 2, 2, 5 ];{}
3208;[ 2, 2, 2, 4 ];{}
3208;[ 2, 2, 2, 5 ];{}
321;[ 2, 4, 8 ];{}
3212;[ 2, 2, 2, 4 ];{}
3212;[ 2, 2, 2, 5 ];{}
3214;[ 2, 2, 2, 4 ];{}
3214;[ 2, 2, 2, 5 ];{}
3215;[ 2, 2, 2, 4 ];{}
3215;[ 2, 2, 2, 5 ];{}
3216;[ 2, 2, 2, 4 ];{}
3216;[ 2, 2, 2, 5 ];{}
3217;[ 2, 2, 2, 4 ];{}
3217;[ 2, 2, 2, 5 ];{}
3219;[ 2, 2, 2, 4 ];{}
3219;[ 2, 2, 2, 5 ];{}
322;[ 2, 4, 8 ];{}
3221;[ 2, 2, 2, 4 ];{}
3221;[ 2, 2, 2, 5 ];{}
3226;[ 2, 2, 2, 4 ];{}
3226;[ 2, 2, 2, 5 ];{}
3227;[ 2, 2, 2, 4 ];{}
3227;[ 2, 2, 2, 5 ];{}
323;[ 2, 4, 8 ];{}
3234;[ 2, 2, 2, 4 ];{}
3234;[ 2, 2, 2, 5 ];{}
3235;[ 2, 2, 2, 4 ];{}
3235;[ 2, 2, 2, 5 ];{}
3236;[ 2, 2, 2, 4 ];{}
3236;[ 2, 2, 2, 5 ];{}
3237;[ 2, 2, 2, 4 ];{}
3237;[ 2, 2, 2, 5 ];{}
324;[ 2, 4, 8 ];{}
3243;[ 2, 2, 2, 4 ];{}
3243;[ 2, 2, 2, 5 ];{}
325;[ 2, 4, 8 ];{}
3254;[ 2, 2, 2, 4 ];{}
3254;[ 2, 2, 2, 5 ];{}
326;[ 2, 4, 8 ];{}
3260;[ 2, 2, 2, 4 ];{}
3260;[ 2, 2, 2, 5 ];{}
3261;[ 2, 2, 2, 4 ];{}
3261;[ 2, 2, 2, 5 ];{}
3263;[ 2, 2, 2, 4 ];{}
3263;[ 2, 2, 2, 5 ];{}
3264;[ 2, 2, 2, 4 ];{}
3264;[ 2, 2, 2, 5 ];{}
3267;[ 2, 2, 2, 4 ];{}
3267;[ 2, 2, 2, 5 ];{}
3268;[ 2, 2, 2, 4 ];{}
3268;[ 2, 2, 2, 5 ];{}
3269;[ 2, 2, 2, 4 ];{}
3269;[ 2, 2, 2, 5 ];{}
327;[ 2, 4, 8 ];{}
3277;[ 2, 2, 2, 4 ];{}
3277;[ 2, 2, 2, 5 ];{}
3278;[ 2, 2, 2, 4 ];{}
3278;[ 2, 2, 2, 5 ];{}
3279;[ 2, 2, 2, 4 ];{}
3279;[ 2, 2, 2, 5 ];{}
328;[ 2, 4, 8 ];{}
3280;[ 2, 2, 2, 4 ];{}
3280;[ 2, 2, 2, 5 ];{}
3281;[ 2, 2, 2, 4 ];{}
3281;[ 2, 2, 2, 5 ];{}
3284;[ 2, 2, 2, 4 ];{}
3284;[ 2, 2, 2, 5 ];{}
3287;[ 2, 2, 2, 4 ];{}
3287;[ 2, 2, 2, 5 ];{}
329;[ 2, 4, 8 ];{}
33;[ 2, 4, 8 ];{}
330;[ 2, 4, 8 ];{}
331;[ 2, 4, 8 ];{}
332;[ 2, 4, 8 ];{}
3337;[ 2, 2, 2, 4 ];{}
3337;[ 2, 2, 2, 5 ];{}
3338;[ 2, 2, 2, 4 ];{}
3338;[ 2, 2, 2, 5 ];{}
3339;[ 2, 2, 2, 4 ];{}
3339;[ 2, 2, 2, 5 ];{}
3356;[ 2, 2, 2, 4 ];{}
3356;[ 2, 2, 2, 5 ];{}
3357;[ 2, 2, 2, 4 ];{}
3357;[ 2, 2, 2, 5 ];{}
3358;[ 2, 2, 2, 4 ];{}
3358;[ 2, 2, 2, 5 ];{}
3359;[ 2, 2, 2, 4 ];{}
3359;[ 2, 2, 2, 5 ];{}
3362;[ 2, 2, 2, 4 ];{}
3362;[ 2, 2, 2, 5 ];{}
3363;[ 2, 2, 2, 4 ];{}
3363;[ 2, 2, 2, 5 ];{}
3364;[ 2, 2, 2, 4 ];{}
3364;[ 2, 2, 2, 5 ];{}
34;[ 2, 4, 8 ];{}
3401;[ 2, 2, 2, 4 ];{}
3401;[ 2, 2, 2, 5 ];{}
3406;[ 2, 2, 2, 4 ];{}
3406;[ 2, 2, 2, 5 ];{}
3407;[ 2, 2, 2, 4 ];{}
3407;[ 2, 2, 2, 5 ];{}
3408;[ 2, 2, 2, 4 ];{}
3408;[ 2, 2, 2, 5 ];{}
3414;[ 2, 2, 2, 4 ];{}
3414;[ 2, 2, 2, 5 ];{}
3415;[ 2, 2, 2, 4 ];{}
3415;[ 2, 2, 2, 5 ];{}
3416;[ 2, 2, 2, 4 ];{}
3416;[ 2, 2, 2, 5 ];{}
3417;[ 2, 2, 2, 4 ];{}
3417;[ 2, 2, 2, 5 ];{}
3418;[ 2, 2, 2, 4 ];{}
3418;[ 2, 2, 2, 5 ];{}
3419;[ 2, 2, 2, 4 ];{}
3419;[ 2, 2, 2, 5 ];{}
3422;[ 2, 2, 2, 4 ];{}
3422;[ 2, 2, 2, 5 ];{}
3423;[ 2, 2, 2, 4 ];{}
3423;[ 2, 2, 2, 5 ];{}
3424;[ 2, 2, 2, 4 ];{}
3424;[ 2, 2, 2, 5 ];{}
343;[ 2, 4, 8 ];{}
344;[ 2, 4, 8 ];{}
3440;[ 2, 2, 2, 4 ];{}
3440;[ 2, 2, 2, 5 ];{}
3441;[ 2, 2, 2, 4 ];{}
3441;[ 2, 2, 2, 5 ];{}
3442;[ 2, 2, 2, 4 ];{}
3442;[ 2, 2, 2, 5 ];{}
3443;[ 2, 2, 2, 4 ];{}
3443;[ 2, 2, 2, 5 ];{}
3446;[ 2, 2, 2, 4 ];{}
3446;[ 2, 2, 2, 5 ];{}
3448;[ 2, 2, 2, 4 ];{}
3448;[ 2, 2, 2, 5 ];{}
345;[ 2, 4, 8 ];{}
3456;[ 2, 2, 2, 4 ];{}
3456;[ 2, 2, 2, 5 ];{}
3457;[ 2, 2, 2, 4 ];{}
3457;[ 2, 2, 2, 5 ];{}
3458;[ 2, 2, 2, 4 ];{}
3458;[ 2, 2, 2, 5 ];{}
346;[ 2, 4, 8 ];{}
3460;[ 2, 2, 2, 4 ];{}
3460;[ 2, 2, 2, 5 ];{}
3461;[ 2, 2, 2, 4 ];{}
3461;[ 2, 2, 2, 5 ];{}
3462;[ 2, 2, 2, 4 ];{}
3462;[ 2, 2, 2, 5 ];{}
3464;[ 2, 2, 2, 4 ];{}
3464;[ 2, 2, 2, 5 ];{}
3465;[ 2, 2, 2, 4 ];{}
3465;[ 2, 2, 2, 5 ];{}
3466;[ 2, 2, 2, 4 ];{}
3466;[ 2, 2, 2, 5 ];{}
3468;[ 2, 2, 2, 4 ];{}
3468;[ 2, 2, 2, 5 ];{}
347;[ 2, 4, 8 ];{}
3474;[ 2, 2, 2, 4 ];{}
3474;[ 2, 2, 2, 5 ];{}
3475;[ 2, 2, 2, 4 ];{}
3475;[ 2, 2, 2, 5 ];{}
3477;[ 2, 2, 2, 4 ];{}
3477;[ 2, 2, 2, 5 ];{}
3478;[ 2, 2, 2, 4 ];{}
3478;[ 2, 2, 2, 5 ];{}
348;[ 2, 4, 8 ];{}
349;[ 2, 4, 8 ];{}
3492;[ 2, 2, 2, 4 ];{}
3492;[ 2, 2, 2, 5 ];{}
3493;[ 2, 2, 2, 4 ];{}
3493;[ 2, 2, 2, 5 ];{}
3494;[ 2, 2, 2, 4 ];{}
3494;[ 2, 2, 2, 5 ];{}
3495;[ 2, 2, 2, 4 ];{}
3495;[ 2, 2, 2, 5 ];{}
3496;[ 2, 2, 2, 4 ];{}
3496;[ 2, 2, 2, 5 ];{}
3497;[ 2, 2, 2, 4 ];{}
3497;[ 2, 2, 2, 5 ];{}
35;[ 2, 4, 8 ];{}
350;[ 2, 4, 8 ];{}
3501;[ 2, 2, 2, 4 ];{}
3501;[ 2, 2, 2, 5 ];{}
3509;[ 2, 2, 2, 4 ];{}
3509;[ 2, 2, 2, 5 ];{}
351;[ 2, 4, 8 ];{}
3510;[ 2, 2, 2, 4 ];{}
3510;[ 2, 2, 2, 5 ];{}
3511;[ 2, 2, 2, 4 ];{}
3511;[ 2, 2, 2, 5 ];{}
3512;[ 2, 2, 2, 4 ];{}
3512;[ 2, 2, 2, 5 ];{}
3514;[ 2, 2, 2, 4 ];{}
3514;[ 2, 2, 2, 5 ];{}
3515;[ 2, 2, 2, 4 ];{}
3515;[ 2, 2, 2, 5 ];{}
3516;[ 2, 2, 2, 4 ];{}
3516;[ 2, 2, 2, 5 ];{}
3518;[ 2, 2, 2, 4 ];{}
3518;[ 2, 2, 2, 5 ];{}
3519;[ 2, 2, 2, 4 ];{}
3519;[ 2, 2, 2, 5 ];{}
352;[ 2, 4, 8 ];{}
3520;[ 2, 2, 2, 4 ];{}
3520;[ 2, 2, 2, 5 ];{}
3522;[ 2, 2, 2, 4 ];{}
3522;[ 2, 2, 2, 5 ];{}
3528;[ 2, 2, 2, 4 ];{}
3528;[ 2, 2, 2, 5 ];{}
353;[ 2, 4, 8 ];{}
3530;[ 2, 2, 2, 4 ];{}
3530;[ 2, 2, 2, 5 ];{}
354;[ 2, 4, 8 ];{}
3541;[ 2, 2, 2, 4 ];{}
3541;[ 2, 2, 2, 5 ];{}
3542;[ 2, 2, 2, 4 ];{}
3542;[ 2, 2, 2, 5 ];{}
3545;[ 2, 2, 2, 4 ];{}
3545;[ 2, 2, 2, 5 ];{}
3546;[ 2, 2, 2, 4 ];{}
3546;[ 2, 2, 2, 5 ];{}
355;[ 2, 4, 8 ];{}
3550;[ 2, 2, 2, 4 ];{}
3550;[ 2, 2, 2, 5 ];{}
3551;[ 2, 2, 2, 4 ];{}
3551;[ 2, 2, 2, 5 ];{}
3553;[ 2, 2, 2, 4 ];{}
3553;[ 2, 2, 2, 5 ];{}
3554;[ 2, 2, 2, 4 ];{}
3554;[ 2, 2, 2, 5 ];{}
356;[ 2, 4, 8 ];{}
357;[ 2, 4, 8 ];{}
358;[ 2, 4, 8 ];{}
3589;[ 2, 2, 2, 4 ];{}
3589;[ 2, 2, 2, 5 ];{}
359;[ 2, 4, 8 ];{}
3590;[ 2, 2, 2, 4 ];{}
3590;[ 2, 2, 2, 5 ];{}
3591;[ 2, 2, 2, 4 ];{}
3591;[ 2, 2, 2, 5 ];{}
3592;[ 2, 2, 2, 4 ];{}
3592;[ 2, 2, 2, 5 ];{}
3598;[ 2, 2, 2, 4 ];{}
3598;[ 2, 2, 2, 5 ];{}
3599;[ 2, 2, 2, 4 ];{}
3599;[ 2, 2, 2, 5 ];{}
36;[ 2, 4, 8 ];{}
360;[ 2, 4, 8 ];{}
3601;[ 2, 2, 2, 4 ];{}
3601;[ 2, 2, 2, 5 ];{}
3603;[ 2, 2, 2, 4 ];{}
3603;[ 2, 2, 2, 5 ];{}
3604;[ 2, 2, 2, 4 ];{}
3604;[ 2, 2, 2, 5 ];{}
3605;[ 2, 2, 2, 4 ];{}
3605;[ 2, 2, 2, 5 ];{}
3606;[ 2, 2, 2, 4 ];{}
3606;[ 2, 2, 2, 5 ];{}
3607;[ 2, 2, 2, 4 ];{}
3607;[ 2, 2, 2, 5 ];{}
3608;[ 2, 2, 2, 4 ];{}
3608;[ 2, 2, 2, 5 ];{}
361;[ 2, 4, 8 ];{}
3611;[ 2, 2, 2, 4 ];{}
3611;[ 2, 2, 2, 5 ];{}
3612;[ 2, 2, 2, 4 ];{}
3612;[ 2, 2, 2, 5 ];{}
3613;[ 2, 2, 2, 4 ];{}
3613;[ 2, 2, 2, 5 ];{}
362;[ 2, 4, 8 ];{}
363;[ 2, 4, 8 ];{}
364;[ 2, 4, 8 ];{}
365;[ 2, 4, 8 ];{}
366;[ 2, 4, 8 ];{}
367;[ 2, 4, 8 ];{}
368;[ 2, 4, 8 ];{}
369;[ 2, 4, 8 ];{}
370;[ 2, 4, 8 ];{}
371;[ 2, 4, 8 ];{}
372;[ 2, 4, 8 ];{}
3721;[ 2, 2, 2, 4 ];{}
3721;[ 2, 2, 2, 5 ];{}
3722;[ 2, 2, 2, 4 ];{}
3722;[ 2, 2, 2, 5 ];{}
3723;[ 2, 2, 2, 4 ];{}
3723;[ 2, 2, 2, 5 ];{}
3724;[ 2, 2, 2, 4 ];{}
3724;[ 2, 2, 2, 5 ];{}
3725;[ 2, 2, 2, 4 ];{}
3725;[ 2, 2, 2, 5 ];{}
3726;[ 2, 2, 2, 4 ];{}
3726;[ 2, 2, 2, 5 ];{}
3727;[ 2, 2, 2, 4 ];{}
3727;[ 2, 2, 2, 5 ];{}
3728;[ 2, 2, 2, 4 ];{}
3728;[ 2, 2, 2, 5 ];{}
3729;[ 2, 2, 2, 4 ];{}
3729;[ 2, 2, 2, 5 ];{}
373;[ 2, 4, 8 ];{}
3730;[ 2, 2, 2, 4 ];{}
3730;[ 2, 2, 2, 5 ];{}
374;[ 2, 4, 8 ];{}
3742;[ 2, 2, 2, 4 ];{}
3742;[ 2, 2, 2, 5 ];{}
3743;[ 2, 2, 2, 4 ];{}
3743;[ 2, 2, 2, 5 ];{}
3744;[ 2, 2, 2, 4 ];{}
3744;[ 2, 2, 2, 5 ];{}
3745;[ 2, 2, 2, 4 ];{}
3745;[ 2, 2, 2, 5 ];{}
3746;[ 2, 2, 2, 4 ];{}
3746;[ 2, 2, 2, 5 ];{}
3747;[ 2, 2, 2, 4 ];{}
3747;[ 2, 2, 2, 5 ];{}
3748;[ 2, 2, 2, 4 ];{}
3748;[ 2, 2, 2, 5 ];{}
3749;[ 2, 2, 2, 4 ];{}
3749;[ 2, 2, 2, 5 ];{}
375;[ 2, 4, 8 ];{}
3750;[ 2, 2, 2, 4 ];{}
3750;[ 2, 2, 2, 5 ];{}
3751;[ 2, 2, 2, 4 ];{}
3751;[ 2, 2, 2, 5 ];{}
3761;[ 2, 2, 2, 4 ];{}
3761;[ 2, 2, 2, 5 ];{}
3762;[ 2, 2, 2, 4 ];{}
3762;[ 2, 2, 2, 5 ];{}
3763;[ 2, 2, 2, 4 ];{}
3763;[ 2, 2, 2, 5 ];{}
3764;[ 2, 2, 2, 4 ];{}
3764;[ 2, 2, 2, 5 ];{}
3765;[ 2, 2, 2, 4 ];{}
3765;[ 2, 2, 2, 5 ];{}
3767;[ 2, 2, 2, 4 ];{}
3767;[ 2, 2, 2, 5 ];{}
3785;[ 2, 2, 2, 4 ];{}
3785;[ 2, 2, 2, 5 ];{}
3786;[ 2, 2, 2, 4 ];{}
3786;[ 2, 2, 2, 5 ];{}
3787;[ 2, 2, 2, 4 ];{}
3787;[ 2, 2, 2, 5 ];{}
3789;[ 2, 2, 2, 4 ];{}
3789;[ 2, 2, 2, 5 ];{}
379;[ 2, 4, 8 ];{}
3790;[ 2, 2, 2, 4 ];{}
3790;[ 2, 2, 2, 5 ];{}
3791;[ 2, 2, 2, 4 ];{}
3791;[ 2, 2, 2, 5 ];{}
3794;[ 2, 2, 2, 4 ];{}
3794;[ 2, 2, 2, 5 ];{}
3795;[ 2, 2, 2, 4 ];{}
3795;[ 2, 2, 2, 5 ];{}
380;[ 2, 4, 8 ];{}
3800;[ 2, 2, 2, 4 ];{}
3800;[ 2, 2, 2, 5 ];{}
3801;[ 2, 2, 2, 4 ];{}
3801;[ 2, 2, 2, 5 ];{}
3802;[ 2, 2, 2, 4 ];{}
3802;[ 2, 2, 2, 5 ];{}
381;[ 2, 4, 8 ];{}
3813;[ 2, 2, 2, 4 ];{}
3813;[ 2, 2, 2, 5 ];{}
3814;[ 2, 2, 2, 4 ];{}
3814;[ 2, 2, 2, 5 ];{}
3815;[ 2, 2, 2, 4 ];{}
3815;[ 2, 2, 2, 5 ];{}
3816;[ 2, 2, 2, 4 ];{}
3816;[ 2, 2, 2, 5 ];{}
3817;[ 2, 2, 2, 4 ];{}
3817;[ 2, 2, 2, 5 ];{}
3818;[ 2, 2, 2, 4 ];{}
3818;[ 2, 2, 2, 5 ];{}
3819;[ 2, 2, 2, 4 ];{}
3819;[ 2, 2, 2, 5 ];{}
3820;[ 2, 2, 2, 4 ];{}
3820;[ 2, 2, 2, 5 ];{}
3821;[ 2, 2, 2, 4 ];{}
3821;[ 2, 2, 2, 5 ];{}
3822;[ 2, 2, 2, 4 ];{}
3822;[ 2, 2, 2, 5 ];{}
3833;[ 2, 2, 2, 4 ];{}
3833;[ 2, 2, 2, 5 ];{}
3834;[ 2, 2, 2, 4 ];{}
3834;[ 2, 2, 2, 5 ];{}
3835;[ 2, 2, 2, 4 ];{}
3835;[ 2, 2, 2, 5 ];{}
3836;[ 2, 2, 2, 4 ];{}
3836;[ 2, 2, 2, 5 ];{}
3837;[ 2, 2, 2, 4 ];{}
3837;[ 2, 2, 2, 5 ];{}
3838;[ 2, 2, 2, 4 ];{}
3838;[ 2, 2, 2, 5 ];{}
3839;[ 2, 2, 2, 4 ];{}
3839;[ 2, 2, 2, 5 ];{}
3840;[ 2, 2, 2, 4 ];{}
3840;[ 2, 2, 2, 5 ];{}
3841;[ 2, 2, 2, 4 ];{}
3841;[ 2, 2, 2, 5 ];{}
3842;[ 2, 2, 2, 4 ];{}
3842;[ 2, 2, 2, 5 ];{}
3843;[ 2, 2, 2, 4 ];{}
3843;[ 2, 2, 2, 5 ];{}
3844;[ 2, 2, 2, 4 ];{}
3844;[ 2, 2, 2, 5 ];{}
3845;[ 2, 2, 2, 4 ];{}
3845;[ 2, 2, 2, 5 ];{}
3846;[ 2, 2, 2, 4 ];{}
3846;[ 2, 2, 2, 5 ];{}
3847;[ 2, 2, 2, 4 ];{}
3847;[ 2, 2, 2, 5 ];{}
3848;[ 2, 2, 2, 4 ];{}
3848;[ 2, 2, 2, 5 ];{}
3849;[ 2, 2, 2, 4 ];{}
3849;[ 2, 2, 2, 5 ];{}
3850;[ 2, 2, 2, 4 ];{}
3850;[ 2, 2, 2, 5 ];{}
3851;[ 2, 2, 2, 4 ];{}
3851;[ 2, 2, 2, 5 ];{}
3852;[ 2, 2, 2, 4 ];{}
3852;[ 2, 2, 2, 5 ];{}
3853;[ 2, 2, 2, 4 ];{}
3853;[ 2, 2, 2, 5 ];{}
3854;[ 2, 2, 2, 4 ];{}
3854;[ 2, 2, 2, 5 ];{}
3855;[ 2, 2, 2, 4 ];{}
3855;[ 2, 2, 2, 5 ];{}
3856;[ 2, 2, 2, 4 ];{}
3856;[ 2, 2, 2, 5 ];{}
3857;[ 2, 2, 2, 4 ];{}
3857;[ 2, 2, 2, 5 ];{}
3858;[ 2, 2, 2, 4 ];{}
3858;[ 2, 2, 2, 5 ];{}
3859;[ 2, 2, 2, 4 ];{}
3859;[ 2, 2, 2, 5 ];{}
3860;[ 2, 2, 2, 4 ];{}
3860;[ 2, 2, 2, 5 ];{}
3861;[ 2, 2, 2, 4 ];{}
3861;[ 2, 2, 2, 5 ];{}
3862;[ 2, 2, 2, 4 ];{}
3862;[ 2, 2, 2, 5 ];{}
3863;[ 2, 2, 2, 4 ];{}
3863;[ 2, 2, 2, 5 ];{}
3864;[ 2, 2, 2, 4 ];{}
3864;[ 2, 2, 2, 5 ];{}
3865;[ 2, 2, 2, 4 ];{}
3865;[ 2, 2, 2, 5 ];{}
3866;[ 2, 2, 2, 4 ];{}
3866;[ 2, 2, 2, 5 ];{}
3867;[ 2, 2, 2, 4 ];{}
3867;[ 2, 2, 2, 5 ];{}
3868;[ 2, 2, 2, 4 ];{}
3868;[ 2, 2, 2, 5 ];{}
3869;[ 2, 2, 2, 4 ];{}
3869;[ 2, 2, 2, 5 ];{}
3870;[ 2, 2, 2, 4 ];{}
3870;[ 2, 2, 2, 5 ];{}
3871;[ 2, 2, 2, 4 ];{}
3871;[ 2, 2, 2, 5 ];{}
3872;[ 2, 2, 2, 4 ];{}
3872;[ 2, 2, 2, 5 ];{}
3873;[ 2, 2, 2, 4 ];{}
3873;[ 2, 2, 2, 5 ];{}
3874;[ 2, 2, 2, 4 ];{}
3874;[ 2, 2, 2, 5 ];{}
3875;[ 2, 2, 2, 4 ];{}
3875;[ 2, 2, 2, 5 ];{}
3876;[ 2, 2, 2, 4 ];{}
3876;[ 2, 2, 2, 5 ];{}
3877;[ 2, 2, 2, 4 ];{}
3877;[ 2, 2, 2, 5 ];{}
3878;[ 2, 2, 2, 4 ];{}
3878;[ 2, 2, 2, 5 ];{}
3879;[ 2, 2, 2, 4 ];{}
3879;[ 2, 2, 2, 5 ];{}
3880;[ 2, 2, 2, 4 ];{}
3880;[ 2, 2, 2, 5 ];{}
3881;[ 2, 2, 2, 4 ];{}
3881;[ 2, 2, 2, 5 ];{}
3882;[ 2, 2, 2, 4 ];{}
3882;[ 2, 2, 2, 5 ];{}
3883;[ 2, 2, 2, 4 ];{}
3883;[ 2, 2, 2, 5 ];{}
3884;[ 2, 2, 2, 4 ];{}
3884;[ 2, 2, 2, 5 ];{}
3885;[ 2, 2, 2, 4 ];{}
3885;[ 2, 2, 2, 5 ];{}
3886;[ 2, 2, 2, 4 ];{}
3886;[ 2, 2, 2, 5 ];{}
3887;[ 2, 2, 2, 4 ];{}
3887;[ 2, 2, 2, 5 ];{}
3888;[ 2, 2, 2, 4 ];{}
3888;[ 2, 2, 2, 5 ];{}
3889;[ 2, 2, 2, 4 ];{}
3889;[ 2, 2, 2, 5 ];{}
389;[ 2, 4, 8 ];{}
3890;[ 2, 2, 2, 4 ];{}
3890;[ 2, 2, 2, 5 ];{}
3891;[ 2, 2, 2, 4 ];{}
3891;[ 2, 2, 2, 5 ];{}
3892;[ 2, 2, 2, 4 ];{}
3892;[ 2, 2, 2, 5 ];{}
3893;[ 2, 2, 2, 4 ];{}
3893;[ 2, 2, 2, 5 ];{}
3894;[ 2, 2, 2, 4 ];{}
3894;[ 2, 2, 2, 5 ];{}
3895;[ 2, 2, 2, 4 ];{}
3895;[ 2, 2, 2, 5 ];{}
3896;[ 2, 2, 2, 4 ];{}
3896;[ 2, 2, 2, 5 ];{}
3897;[ 2, 2, 2, 4 ];{}
3897;[ 2, 2, 2, 5 ];{}
3898;[ 2, 2, 2, 4 ];{}
3898;[ 2, 2, 2, 5 ];{}
3899;[ 2, 2, 2, 4 ];{}
3899;[ 2, 2, 2, 5 ];{}
390;[ 2, 4, 8 ];{}
3900;[ 2, 2, 2, 4 ];{}
3900;[ 2, 2, 2, 5 ];{}
3901;[ 2, 2, 2, 4 ];{}
3901;[ 2, 2, 2, 5 ];{}
3902;[ 2, 2, 2, 4 ];{}
3902;[ 2, 2, 2, 5 ];{}
3903;[ 2, 2, 2, 4 ];{}
3903;[ 2, 2, 2, 5 ];{}
3904;[ 2, 2, 2, 4 ];{}
3904;[ 2, 2, 2, 5 ];{}
3905;[ 2, 2, 2, 4 ];{}
3905;[ 2, 2, 2, 5 ];{}
3906;[ 2, 2, 2, 4 ];{}
3906;[ 2, 2, 2, 5 ];{}
3907;[ 2, 2, 2, 4 ];{}
3907;[ 2, 2, 2, 5 ];{}
3908;[ 2, 2, 2, 4 ];{}
3908;[ 2, 2, 2, 5 ];{}
3909;[ 2, 2, 2, 4 ];{}
3909;[ 2, 2, 2, 5 ];{}
391;[ 2, 4, 8 ];{}
3910;[ 2, 2, 2, 4 ];{}
3910;[ 2, 2, 2, 5 ];{}
3911;[ 2, 2, 2, 4 ];{}
3911;[ 2, 2, 2, 5 ];{}
3912;[ 2, 2, 2, 4 ];{}
3912;[ 2, 2, 2, 5 ];{}
3913;[ 2, 2, 2, 4 ];{}
3913;[ 2, 2, 2, 5 ];{}
3914;[ 2, 2, 2, 4 ];{}
3914;[ 2, 2, 2, 5 ];{}
3915;[ 2, 2, 2, 4 ];{}
3915;[ 2, 2, 2, 5 ];{}
3916;[ 2, 2, 2, 4 ];{}
3916;[ 2, 2, 2, 5 ];{}
3917;[ 2, 2, 2, 4 ];{}
3917;[ 2, 2, 2, 5 ];{}
3918;[ 2, 2, 2, 4 ];{}
3918;[ 2, 2, 2, 5 ];{}
3919;[ 2, 2, 2, 4 ];{}
3919;[ 2, 2, 2, 5 ];{}
392;[ 2, 4, 8 ];{}
3920;[ 2, 2, 2, 4 ];{}
3920;[ 2, 2, 2, 5 ];{}
3921;[ 2, 2, 2, 4 ];{}
3921;[ 2, 2, 2, 5 ];{}
3922;[ 2, 2, 2, 4 ];{}
3922;[ 2, 2, 2, 5 ];{}
3923;[ 2, 2, 2, 4 ];{}
3923;[ 2, 2, 2, 5 ];{}
3924;[ 2, 2, 2, 4 ];{}
3924;[ 2, 2, 2, 5 ];{}
3925;[ 2, 2, 2, 4 ];{}
3925;[ 2, 2, 2, 5 ];{}
3926;[ 2, 2, 2, 4 ];{}
3926;[ 2, 2, 2, 5 ];{}
3927;[ 2, 2, 2, 4 ];{}
3927;[ 2, 2, 2, 5 ];{}
3928;[ 2, 2, 2, 4 ];{}
3928;[ 2, 2, 2, 5 ];{}
3929;[ 2, 2, 2, 4 ];{}
3929;[ 2, 2, 2, 5 ];{}
393;[ 2, 4, 8 ];{}
3930;[ 2, 2, 2, 4 ];{}
3930;[ 2, 2, 2, 5 ];{}
3931;[ 2, 2, 2, 4 ];{}
3931;[ 2, 2, 2, 5 ];{}
3932;[ 2, 2, 2, 4 ];{}
3932;[ 2, 2, 2, 5 ];{}
3933;[ 2, 2, 2, 4 ];{}
3933;[ 2, 2, 2, 5 ];{}
3934;[ 2, 2, 2, 4 ];{}
3934;[ 2, 2, 2, 5 ];{}
3935;[ 2, 2, 2, 4 ];{}
3935;[ 2, 2, 2, 5 ];{}
3936;[ 2, 2, 2, 4 ];{}
3936;[ 2, 2, 2, 5 ];{}
3937;[ 2, 2, 2, 4 ];{}
3937;[ 2, 2, 2, 5 ];{}
3938;[ 2, 2, 2, 4 ];{}
3938;[ 2, 2, 2, 5 ];{}
3939;[ 2, 2, 2, 4 ];{}
3939;[ 2, 2, 2, 5 ];{}
394;[ 2, 4, 8 ];{}
3940;[ 2, 2, 2, 4 ];{}
3940;[ 2, 2, 2, 5 ];{}
3941;[ 2, 2, 2, 4 ];{}
3941;[ 2, 2, 2, 5 ];{}
3942;[ 2, 2, 2, 4 ];{}
3942;[ 2, 2, 2, 5 ];{}
3943;[ 2, 2, 2, 4 ];{}
3943;[ 2, 2, 2, 5 ];{}
3944;[ 2, 2, 2, 4 ];{}
3944;[ 2, 2, 2, 5 ];{}
3945;[ 2, 2, 2, 4 ];{}
3945;[ 2, 2, 2, 5 ];{}
3946;[ 2, 2, 2, 4 ];{}
3946;[ 2, 2, 2, 5 ];{}
3947;[ 2, 2, 2, 4 ];{}
3947;[ 2, 2, 2, 5 ];{}
3948;[ 2, 2, 2, 4 ];{}
3948;[ 2, 2, 2, 5 ];{}
3949;[ 2, 2, 2, 4 ];{}
3949;[ 2, 2, 2, 5 ];{}
395;[ 2, 4, 8 ];{}
3950;[ 2, 2, 2, 4 ];{}
3950;[ 2, 2, 2, 5 ];{}
3951;[ 2, 2, 2, 4 ];{}
3951;[ 2, 2, 2, 5 ];{}
3952;[ 2, 2, 2, 4 ];{}
3952;[ 2, 2, 2, 5 ];{}
3953;[ 2, 2, 2, 4 ];{}
3953;[ 2, 2, 2, 5 ];{}
3954;[ 2, 2, 2, 4 ];{}
3954;[ 2, 2, 2, 5 ];{}
3955;[ 2, 2, 2, 4 ];{}
3955;[ 2, 2, 2, 5 ];{}
3956;[ 2, 2, 2, 4 ];{}
3956;[ 2, 2, 2, 5 ];{}
3957;[ 2, 2, 2, 4 ];{}
3957;[ 2, 2, 2, 5 ];{}
3958;[ 2, 2, 2, 4 ];{}
3958;[ 2, 2, 2, 5 ];{}
3959;[ 2, 2, 2, 4 ];{}
3959;[ 2, 2, 2, 5 ];{}
3960;[ 2, 2, 2, 4 ];{}
3960;[ 2, 2, 2, 5 ];{}
3961;[ 2, 2, 2, 4 ];{}
3961;[ 2, 2, 2, 5 ];{}
3962;[ 2, 2, 2, 4 ];{}
3962;[ 2, 2, 2, 5 ];{}
3963;[ 2, 2, 2, 4 ];{}
3963;[ 2, 2, 2, 5 ];{}
3964;[ 2, 2, 2, 4 ];{}
3964;[ 2, 2, 2, 5 ];{}
3965;[ 2, 2, 2, 4 ];{}
3965;[ 2, 2, 2, 5 ];{}
3966;[ 2, 2, 2, 4 ];{}
3966;[ 2, 2, 2, 5 ];{}
3967;[ 2, 2, 2, 4 ];{}
3967;[ 2, 2, 2, 5 ];{}
3968;[ 2, 2, 2, 4 ];{}
3968;[ 2, 2, 2, 5 ];{}
3969;[ 2, 2, 2, 4 ];{}
3969;[ 2, 2, 2, 5 ];{}
397;[ 2, 4, 8 ];{}
3970;[ 2, 2, 2, 4 ];{}
3970;[ 2, 2, 2, 5 ];{}
3971;[ 2, 2, 2, 4 ];{}
3971;[ 2, 2, 2, 5 ];{}
3972;[ 2, 2, 2, 4 ];{}
3972;[ 2, 2, 2, 5 ];{}
3973;[ 2, 2, 2, 4 ];{}
3973;[ 2, 2, 2, 5 ];{}
3974;[ 2, 2, 2, 4 ];{}
3974;[ 2, 2, 2, 5 ];{}
3975;[ 2, 2, 2, 4 ];{}
3975;[ 2, 2, 2, 5 ];{}
3976;[ 2, 2, 2, 4 ];{}
3976;[ 2, 2, 2, 5 ];{}
3977;[ 2, 2, 2, 4 ];{}
3977;[ 2, 2, 2, 5 ];{}
3978;[ 2, 2, 2, 4 ];{}
3978;[ 2, 2, 2, 5 ];{}
3979;[ 2, 2, 2, 4 ];{}
3979;[ 2, 2, 2, 5 ];{}
398;[ 2, 4, 8 ];{}
3980;[ 2, 2, 2, 4 ];{}
3980;[ 2, 2, 2, 5 ];{}
3981;[ 2, 2, 2, 4 ];{}
3981;[ 2, 2, 2, 5 ];{}
3982;[ 2, 2, 2, 4 ];{}
3982;[ 2, 2, 2, 5 ];{}
3983;[ 2, 2, 2, 4 ];{}
3983;[ 2, 2, 2, 5 ];{}
3984;[ 2, 2, 2, 4 ];{}
3984;[ 2, 2, 2, 5 ];{}
3985;[ 2, 2, 2, 4 ];{}
3985;[ 2, 2, 2, 5 ];{}
3986;[ 2, 2, 2, 4 ];{}
3986;[ 2, 2, 2, 5 ];{}
3987;[ 2, 2, 2, 4 ];{}
3987;[ 2, 2, 2, 5 ];{}
3988;[ 2, 2, 2, 4 ];{}
3988;[ 2, 2, 2, 5 ];{}
3989;[ 2, 2, 2, 4 ];{}
3989;[ 2, 2, 2, 5 ];{}
399;[ 2, 4, 8 ];{}
3990;[ 2, 2, 2, 4 ];{}
3990;[ 2, 2, 2, 5 ];{}
3991;[ 2, 2, 2, 4 ];{}
3991;[ 2, 2, 2, 5 ];{}
3992;[ 2, 2, 2, 4 ];{}
3992;[ 2, 2, 2, 5 ];{}
3993;[ 2, 2, 2, 4 ];{}
3993;[ 2, 2, 2, 5 ];{}
3994;[ 2, 2, 2, 4 ];{}
3994;[ 2, 2, 2, 5 ];{}
3995;[ 2, 2, 2, 4 ];{}
3995;[ 2, 2, 2, 5 ];{}
3996;[ 2, 2, 2, 4 ];{}
3996;[ 2, 2, 2, 5 ];{}
3997;[ 2, 2, 2, 4 ];{}
3997;[ 2, 2, 2, 5 ];{}
3998;[ 2, 2, 2, 4 ];{}
3998;[ 2, 2, 2, 5 ];{}
3999;[ 2, 2, 2, 4 ];{}
3999;[ 2, 2, 2, 5 ];{}
40;[ 2, 4, 8 ];{}
400;[ 2, 4, 8 ];{}
4000;[ 2, 2, 2, 4 ];{}
4000;[ 2, 2, 2, 5 ];{}
4001;[ 2, 2, 2, 4 ];{}
4001;[ 2, 2, 2, 5 ];{}
4002;[ 2, 2, 2, 4 ];{}
4002;[ 2, 2, 2, 5 ];{}
4003;[ 2, 2, 2, 4 ];{}
4003;[ 2, 2, 2, 5 ];{}
4004;[ 2, 2, 2, 4 ];{}
4004;[ 2, 2, 2, 5 ];{}
4005;[ 2, 2, 2, 4 ];{}
4005;[ 2, 2, 2, 5 ];{}
4006;[ 2, 2, 2, 4 ];{}
4006;[ 2, 2, 2, 5 ];{}
4007;[ 2, 2, 2, 4 ];{}
4007;[ 2, 2, 2, 5 ];{}
4008;[ 2, 2, 2, 4 ];{}
4008;[ 2, 2, 2, 5 ];{}
4009;[ 2, 2, 2, 4 ];{}
4009;[ 2, 2, 2, 5 ];{}
401;[ 2, 4, 8 ];{}
4010;[ 2, 2, 2, 4 ];{}
4010;[ 2, 2, 2, 5 ];{}
4011;[ 2, 2, 2, 4 ];{}
4011;[ 2, 2, 2, 5 ];{}
4012;[ 2, 2, 2, 4 ];{}
4012;[ 2, 2, 2, 5 ];{}
4013;[ 2, 2, 2, 4 ];{}
4013;[ 2, 2, 2, 5 ];{}
4014;[ 2, 2, 2, 4 ];{}
4014;[ 2, 2, 2, 5 ];{}
4015;[ 2, 2, 2, 4 ];{}
4015;[ 2, 2, 2, 5 ];{}
4016;[ 2, 2, 2, 4 ];{}
4016;[ 2, 2, 2, 5 ];{}
4017;[ 2, 2, 2, 4 ];{}
4017;[ 2, 2, 2, 5 ];{}
4018;[ 2, 2, 2, 4 ];{}
4018;[ 2, 2, 2, 5 ];{}
4019;[ 2, 2, 2, 4 ];{}
4019;[ 2, 2, 2, 5 ];{}
402;[ 2, 4, 8 ];{}
4020;[ 2, 2, 2, 4 ];{}
4020;[ 2, 2, 2, 5 ];{}
4021;[ 2, 2, 2, 4 ];{}
4021;[ 2, 2, 2, 5 ];{}
4022;[ 2, 2, 2, 4 ];{}
4022;[ 2, 2, 2, 5 ];{}
4023;[ 2, 2, 2, 4 ];{}
4023;[ 2, 2, 2, 5 ];{}
4024;[ 2, 2, 2, 4 ];{}
4024;[ 2, 2, 2, 5 ];{}
4025;[ 2, 2, 2, 4 ];{}
4025;[ 2, 2, 2, 5 ];{}
4026;[ 2, 2, 2, 4 ];{}
4026;[ 2, 2, 2, 5 ];{}
4027;[ 2, 2, 2, 4 ];{}
4027;[ 2, 2, 2, 5 ];{}
4028;[ 2, 2, 2, 4 ];{}
4028;[ 2, 2, 2, 5 ];{}
4029;[ 2, 2, 2, 4 ];{}
4029;[ 2, 2, 2, 5 ];{}
4030;[ 2, 2, 2, 4 ];{}
4030;[ 2, 2, 2, 5 ];{}
4031;[ 2, 2, 2, 4 ];{}
4031;[ 2, 2, 2, 5 ];{}
4032;[ 2, 2, 2, 4 ];{}
4032;[ 2, 2, 2, 5 ];{}
4033;[ 2, 2, 2, 4 ];{}
4033;[ 2, 2, 2, 5 ];{}
4034;[ 2, 2, 2, 4 ];{}
4034;[ 2, 2, 2, 5 ];{}
4035;[ 2, 2, 2, 4 ];{}
4035;[ 2, 2, 2, 5 ];{}
4036;[ 2, 2, 2, 4 ];{}
4036;[ 2, 2, 2, 5 ];{}
4037;[ 2, 2, 2, 4 ];{}
4037;[ 2, 2, 2, 5 ];{}
4038;[ 2, 2, 2, 4 ];{}
4038;[ 2, 2, 2, 5 ];{}
4039;[ 2, 2, 2, 4 ];{}
4039;[ 2, 2, 2, 5 ];{}
4040;[ 2, 2, 2, 4 ];{}
4040;[ 2, 2, 2, 5 ];{}
4041;[ 2, 2, 2, 4 ];{}
4041;[ 2, 2, 2, 5 ];{}
4042;[ 2, 2, 2, 4 ];{}
4042;[ 2, 2, 2, 5 ];{}
4043;[ 2, 2, 2, 4 ];{}
4043;[ 2, 2, 2, 5 ];{}
4044;[ 2, 2, 2, 4 ];{}
4044;[ 2, 2, 2, 5 ];{}
4045;[ 2, 2, 2, 4 ];{}
4045;[ 2, 2, 2, 5 ];{}
4046;[ 2, 2, 2, 4 ];{}
4046;[ 2, 2, 2, 5 ];{}
4047;[ 2, 2, 2, 4 ];{}
4047;[ 2, 2, 2, 5 ];{}
4048;[ 2, 2, 2, 4 ];{}
4048;[ 2, 2, 2, 5 ];{}
4049;[ 2, 2, 2, 4 ];{}
4049;[ 2, 2, 2, 5 ];{}
4050;[ 2, 2, 2, 4 ];{}
4050;[ 2, 2, 2, 5 ];{}
4051;[ 2, 2, 2, 4 ];{}
4051;[ 2, 2, 2, 5 ];{}
4052;[ 2, 2, 2, 4 ];{}
4052;[ 2, 2, 2, 5 ];{}
4053;[ 2, 2, 2, 4 ];{}
4053;[ 2, 2, 2, 5 ];{}
4054;[ 2, 2, 2, 4 ];{}
4054;[ 2, 2, 2, 5 ];{}
4055;[ 2, 2, 2, 4 ];{}
4055;[ 2, 2, 2, 5 ];{}
4056;[ 2, 2, 2, 4 ];{}
4056;[ 2, 2, 2, 5 ];{}
4057;[ 2, 2, 2, 4 ];{}
4057;[ 2, 2, 2, 5 ];{}
4058;[ 2, 2, 2, 4 ];{}
4058;[ 2, 2, 2, 5 ];{}
4059;[ 2, 2, 2, 4 ];{}
4059;[ 2, 2, 2, 5 ];{}
4060;[ 2, 2, 2, 4 ];{}
4060;[ 2, 2, 2, 5 ];{}
4061;[ 2, 2, 2, 4 ];{}
4061;[ 2, 2, 2, 5 ];{}
4062;[ 2, 2, 2, 4 ];{}
4062;[ 2, 2, 2, 5 ];{}
4063;[ 2, 2, 2, 4 ];{}
4063;[ 2, 2, 2, 5 ];{}
4064;[ 2, 2, 2, 4 ];{}
4064;[ 2, 2, 2, 5 ];{}
4065;[ 2, 2, 2, 4 ];{}
4065;[ 2, 2, 2, 5 ];{}
4066;[ 2, 2, 2, 4 ];{}
4066;[ 2, 2, 2, 5 ];{}
4067;[ 2, 2, 2, 4 ];{}
4067;[ 2, 2, 2, 5 ];{}
4068;[ 2, 2, 2, 4 ];{}
4068;[ 2, 2, 2, 5 ];{}
4069;[ 2, 2, 2, 4 ];{}
4069;[ 2, 2, 2, 5 ];{}
4070;[ 2, 2, 2, 4 ];{}
4070;[ 2, 2, 2, 5 ];{}
4071;[ 2, 2, 2, 4 ];{}
4071;[ 2, 2, 2, 5 ];{}
4072;[ 2, 2, 2, 4 ];{}
4072;[ 2, 2, 2, 5 ];{}
4073;[ 2, 2, 2, 4 ];{}
4073;[ 2, 2, 2, 5 ];{}
4074;[ 2, 2, 2, 4 ];{}
4074;[ 2, 2, 2, 5 ];{}
4075;[ 2, 2, 2, 4 ];{}
4075;[ 2, 2, 2, 5 ];{}
4076;[ 2, 2, 2, 4 ];{}
4076;[ 2, 2, 2, 5 ];{}
4077;[ 2, 2, 2, 4 ];{}
4077;[ 2, 2, 2, 5 ];{}
4078;[ 2, 2, 2, 4 ];{}
4078;[ 2, 2, 2, 5 ];{}
4079;[ 2, 2, 2, 4 ];{}
4079;[ 2, 2, 2, 5 ];{}
4080;[ 2, 2, 2, 4 ];{}
4080;[ 2, 2, 2, 5 ];{}
4081;[ 2, 2, 2, 4 ];{}
4081;[ 2, 2, 2, 5 ];{}
4082;[ 2, 2, 2, 4 ];{}
4082;[ 2, 2, 2, 5 ];{}
4083;[ 2, 2, 2, 4 ];{}
4083;[ 2, 2, 2, 5 ];{}
4084;[ 2, 2, 2, 4 ];{}
4084;[ 2, 2, 2, 5 ];{}
4085;[ 2, 2, 2, 4 ];{}
4085;[ 2, 2, 2, 5 ];{}
4086;[ 2, 2, 2, 4 ];{}
4086;[ 2, 2, 2, 5 ];{}
4087;[ 2, 2, 2, 4 ];{}
4087;[ 2, 2, 2, 5 ];{}
4088;[ 2, 2, 2, 4 ];{}
4088;[ 2, 2, 2, 5 ];{}
4089;[ 2, 2, 2, 4 ];{}
4089;[ 2, 2, 2, 5 ];{}
4090;[ 2, 2, 2, 4 ];{}
4090;[ 2, 2, 2, 5 ];{}
4091;[ 2, 2, 2, 4 ];{}
4091;[ 2, 2, 2, 5 ];{}
4092;[ 2, 2, 2, 4 ];{}
4092;[ 2, 2, 2, 5 ];{}
4093;[ 2, 2, 2, 4 ];{}
4093;[ 2, 2, 2, 5 ];{}
4094;[ 2, 2, 2, 4 ];{}
4094;[ 2, 2, 2, 5 ];{}
4095;[ 2, 2, 2, 4 ];{}
4095;[ 2, 2, 2, 5 ];{}
4096;[ 2, 2, 2, 4 ];{}
4096;[ 2, 2, 2, 5 ];{}
4097;[ 2, 2, 2, 4 ];{}
4097;[ 2, 2, 2, 5 ];{}
4098;[ 2, 2, 2, 4 ];{}
4098;[ 2, 2, 2, 5 ];{}
4099;[ 2, 2, 2, 4 ];{}
4099;[ 2, 2, 2, 5 ];{}
41;[ 2, 4, 8 ];{}
4100;[ 2, 2, 2, 4 ];{}
4100;[ 2, 2, 2, 5 ];{}
4101;[ 2, 2, 2, 4 ];{}
4101;[ 2, 2, 2, 5 ];{}
4102;[ 2, 2, 2, 4 ];{}
4102;[ 2, 2, 2, 5 ];{}
4103;[ 2, 2, 2, 4 ];{}
4103;[ 2, 2, 2, 5 ];{}
4104;[ 2, 2, 2, 4 ];{}
4104;[ 2, 2, 2, 5 ];{}
4105;[ 2, 2, 2, 4 ];{}
4105;[ 2, 2, 2, 5 ];{}
4106;[ 2, 2, 2, 4 ];{}
4106;[ 2, 2, 2, 5 ];{}
4107;[ 2, 2, 2, 4 ];{}
4107;[ 2, 2, 2, 5 ];{}
4108;[ 2, 2, 2, 4 ];{}
4108;[ 2, 2, 2, 5 ];{}
4109;[ 2, 2, 2, 4 ];{}
4109;[ 2, 2, 2, 5 ];{}
4110;[ 2, 2, 2, 4 ];{}
4110;[ 2, 2, 2, 5 ];{}
4111;[ 2, 2, 2, 4 ];{}
4111;[ 2, 2, 2, 5 ];{}
4112;[ 2, 2, 2, 4 ];{}
4112;[ 2, 2, 2, 5 ];{}
4113;[ 2, 2, 2, 4 ];{}
4113;[ 2, 2, 2, 5 ];{}
4114;[ 2, 2, 2, 4 ];{}
4114;[ 2, 2, 2, 5 ];{}
4115;[ 2, 2, 2, 4 ];{}
4115;[ 2, 2, 2, 5 ];{}
4116;[ 2, 2, 2, 4 ];{}
4116;[ 2, 2, 2, 5 ];{}
4117;[ 2, 2, 2, 4 ];{}
4117;[ 2, 2, 2, 5 ];{}
4118;[ 2, 2, 2, 4 ];{}
4118;[ 2, 2, 2, 5 ];{}
4119;[ 2, 2, 2, 4 ];{}
4119;[ 2, 2, 2, 5 ];{}
4120;[ 2, 2, 2, 4 ];{}
4120;[ 2, 2, 2, 5 ];{}
4121;[ 2, 2, 2, 4 ];{}
4121;[ 2, 2, 2, 5 ];{}
4122;[ 2, 2, 2, 4 ];{}
4122;[ 2, 2, 2, 5 ];{}
4123;[ 2, 2, 2, 4 ];{}
4123;[ 2, 2, 2, 5 ];{}
4124;[ 2, 2, 2, 4 ];{}
4124;[ 2, 2, 2, 5 ];{}
4125;[ 2, 2, 2, 4 ];{}
4125;[ 2, 2, 2, 5 ];{}
4126;[ 2, 2, 2, 4 ];{}
4126;[ 2, 2, 2, 5 ];{}
4127;[ 2, 2, 2, 4 ];{}
4127;[ 2, 2, 2, 5 ];{}
4128;[ 2, 2, 2, 4 ];{}
4128;[ 2, 2, 2, 5 ];{}
4129;[ 2, 2, 2, 4 ];{}
4129;[ 2, 2, 2, 5 ];{}
4130;[ 2, 2, 2, 4 ];{}
4130;[ 2, 2, 2, 5 ];{}
4131;[ 2, 2, 2, 4 ];{}
4131;[ 2, 2, 2, 5 ];{}
4132;[ 2, 2, 2, 4 ];{}
4132;[ 2, 2, 2, 5 ];{}
4133;[ 2, 2, 2, 4 ];{}
4133;[ 2, 2, 2, 5 ];{}
4134;[ 2, 2, 2, 4 ];{}
4134;[ 2, 2, 2, 5 ];{}
4135;[ 2, 2, 2, 4 ];{}
4135;[ 2, 2, 2, 5 ];{}
4136;[ 2, 2, 2, 4 ];{}
4136;[ 2, 2, 2, 5 ];{}
4137;[ 2, 2, 2, 4 ];{}
4137;[ 2, 2, 2, 5 ];{}
4138;[ 2, 2, 2, 4 ];{}
4138;[ 2, 2, 2, 5 ];{}
4139;[ 2, 2, 2, 4 ];{}
4139;[ 2, 2, 2, 5 ];{}
4140;[ 2, 2, 2, 4 ];{}
4140;[ 2, 2, 2, 5 ];{}
4141;[ 2, 2, 2, 4 ];{}
4141;[ 2, 2, 2, 5 ];{}
4142;[ 2, 2, 2, 4 ];{}
4142;[ 2, 2, 2, 5 ];{}
4143;[ 2, 2, 2, 4 ];{}
4143;[ 2, 2, 2, 5 ];{}
4144;[ 2, 2, 2, 4 ];{}
4144;[ 2, 2, 2, 5 ];{}
4145;[ 2, 2, 2, 4 ];{}
4145;[ 2, 2, 2, 5 ];{}
4146;[ 2, 2, 2, 4 ];{}
4146;[ 2, 2, 2, 5 ];{}
4147;[ 2, 2, 2, 4 ];{}
4147;[ 2, 2, 2, 5 ];{}
4148;[ 2, 2, 2, 4 ];{}
4148;[ 2, 2, 2, 5 ];{}
4149;[ 2, 2, 2, 4 ];{}
4149;[ 2, 2, 2, 5 ];{}
4150;[ 2, 2, 2, 4 ];{}
4150;[ 2, 2, 2, 5 ];{}
4151;[ 2, 2, 2, 4 ];{}
4151;[ 2, 2, 2, 5 ];{}
4152;[ 2, 2, 2, 4 ];{}
4152;[ 2, 2, 2, 5 ];{}
4153;[ 2, 2, 2, 4 ];{}
4153;[ 2, 2, 2, 5 ];{}
4154;[ 2, 2, 2, 4 ];{}
4154;[ 2, 2, 2, 5 ];{}
4155;[ 2, 2, 2, 4 ];{}
4155;[ 2, 2, 2, 5 ];{}
4156;[ 2, 2, 2, 4 ];{}
4156;[ 2, 2, 2, 5 ];{}
4157;[ 2, 2, 2, 4 ];{}
4157;[ 2, 2, 2, 5 ];{}
4158;[ 2, 2, 2, 4 ];{}
4158;[ 2, 2, 2, 5 ];{}
4159;[ 2, 2, 2, 4 ];{}
4159;[ 2, 2, 2, 5 ];{}
4160;[ 2, 2, 2, 4 ];{}
4160;[ 2, 2, 2, 5 ];{}
4161;[ 2, 2, 2, 4 ];{}
4161;[ 2, 2, 2, 5 ];{}
4162;[ 2, 2, 2, 4 ];{}
4162;[ 2, 2, 2, 5 ];{}
4163;[ 2, 2, 2, 4 ];{}
4163;[ 2, 2, 2, 5 ];{}
4164;[ 2, 2, 2, 4 ];{}
4164;[ 2, 2, 2, 5 ];{}
4165;[ 2, 2, 2, 4 ];{}
4165;[ 2, 2, 2, 5 ];{}
4166;[ 2, 2, 2, 4 ];{}
4166;[ 2, 2, 2, 5 ];{}
4167;[ 2, 2, 2, 4 ];{}
4167;[ 2, 2, 2, 5 ];{}
4168;[ 2, 2, 2, 4 ];{}
4168;[ 2, 2, 2, 5 ];{}
4169;[ 2, 2, 2, 4 ];{}
4169;[ 2, 2, 2, 5 ];{}
4170;[ 2, 2, 2, 4 ];{}
4170;[ 2, 2, 2, 5 ];{}
4171;[ 2, 2, 2, 4 ];{}
4171;[ 2, 2, 2, 5 ];{}
4172;[ 2, 2, 2, 4 ];{}
4172;[ 2, 2, 2, 5 ];{}
4173;[ 2, 2, 2, 4 ];{}
4173;[ 2, 2, 2, 5 ];{}
4174;[ 2, 2, 2, 4 ];{}
4174;[ 2, 2, 2, 5 ];{}
4175;[ 2, 2, 2, 4 ];{}
4175;[ 2, 2, 2, 5 ];{}
4176;[ 2, 2, 2, 4 ];{}
4176;[ 2, 2, 2, 5 ];{}
4177;[ 2, 2, 2, 4 ];{}
4177;[ 2, 2, 2, 5 ];{}
4178;[ 2, 2, 2, 4 ];{}
4178;[ 2, 2, 2, 5 ];{}
4179;[ 2, 2, 2, 4 ];{}
4179;[ 2, 2, 2, 5 ];{}
4180;[ 2, 2, 2, 4 ];{}
4180;[ 2, 2, 2, 5 ];{}
4181;[ 2, 2, 2, 4 ];{}
4181;[ 2, 2, 2, 5 ];{}
4182;[ 2, 2, 2, 4 ];{}
4182;[ 2, 2, 2, 5 ];{}
4183;[ 2, 2, 2, 4 ];{}
4183;[ 2, 2, 2, 5 ];{}
4184;[ 2, 2, 2, 4 ];{}
4184;[ 2, 2, 2, 5 ];{}
4185;[ 2, 2, 2, 4 ];{}
4185;[ 2, 2, 2, 5 ];{}
4186;[ 2, 2, 2, 4 ];{}
4186;[ 2, 2, 2, 5 ];{}
4187;[ 2, 2, 2, 4 ];{}
4187;[ 2, 2, 2, 5 ];{}
4188;[ 2, 2, 2, 4 ];{}
4188;[ 2, 2, 2, 5 ];{}
4189;[ 2, 2, 2, 4 ];{}
4189;[ 2, 2, 2, 5 ];{}
4190;[ 2, 2, 2, 4 ];{}
4190;[ 2, 2, 2, 5 ];{}
4191;[ 2, 2, 2, 4 ];{}
4191;[ 2, 2, 2, 5 ];{}
4192;[ 2, 2, 2, 4 ];{}
4192;[ 2, 2, 2, 5 ];{}
4193;[ 2, 2, 2, 4 ];{}
4193;[ 2, 2, 2, 5 ];{}
4194;[ 2, 2, 2, 4 ];{}
4194;[ 2, 2, 2, 5 ];{}
4195;[ 2, 2, 2, 4 ];{}
4195;[ 2, 2, 2, 5 ];{}
4196;[ 2, 2, 2, 4 ];{}
4196;[ 2, 2, 2, 5 ];{}
4197;[ 2, 2, 2, 4 ];{}
4197;[ 2, 2, 2, 5 ];{}
4198;[ 2, 2, 2, 4 ];{}
4198;[ 2, 2, 2, 5 ];{}
4199;[ 2, 2, 2, 4 ];{}
4199;[ 2, 2, 2, 5 ];{}
4200;[ 2, 2, 2, 4 ];{}
4200;[ 2, 2, 2, 5 ];{}
4201;[ 2, 2, 2, 4 ];{}
4201;[ 2, 2, 2, 5 ];{}
4202;[ 2, 2, 2, 4 ];{}
4202;[ 2, 2, 2, 5 ];{}
4203;[ 2, 2, 2, 4 ];{}
4203;[ 2, 2, 2, 5 ];{}
4204;[ 2, 2, 2, 4 ];{}
4204;[ 2, 2, 2, 5 ];{}
4205;[ 2, 2, 2, 4 ];{}
4205;[ 2, 2, 2, 5 ];{}
4206;[ 2, 2, 2, 4 ];{}
4206;[ 2, 2, 2, 5 ];{}
4207;[ 2, 2, 2, 4 ];{}
4207;[ 2, 2, 2, 5 ];{}
4208;[ 2, 2, 2, 4 ];{}
4208;[ 2, 2, 2, 5 ];{}
4209;[ 2, 2, 2, 4 ];{}
4209;[ 2, 2, 2, 5 ];{}
4210;[ 2, 2, 2, 4 ];{}
4210;[ 2, 2, 2, 5 ];{}
4211;[ 2, 2, 2, 4 ];{}
4211;[ 2, 2, 2, 5 ];{}
4212;[ 2, 2, 2, 4 ];{}
4212;[ 2, 2, 2, 5 ];{}
4213;[ 2, 2, 2, 4 ];{}
4213;[ 2, 2, 2, 5 ];{}
4214;[ 2, 2, 2, 4 ];{}
4214;[ 2, 2, 2, 5 ];{}
4215;[ 2, 2, 2, 4 ];{}
4215;[ 2, 2, 2, 5 ];{}
4216;[ 2, 2, 2, 4 ];{}
4216;[ 2, 2, 2, 5 ];{}
4217;[ 2, 2, 2, 4 ];{}
4217;[ 2, 2, 2, 5 ];{}
4218;[ 2, 2, 2, 4 ];{}
4218;[ 2, 2, 2, 5 ];{}
4219;[ 2, 2, 2, 4 ];{}
4219;[ 2, 2, 2, 5 ];{}
4220;[ 2, 2, 2, 4 ];{}
4220;[ 2, 2, 2, 5 ];{}
4221;[ 2, 2, 2, 4 ];{}
4221;[ 2, 2, 2, 5 ];{}
4222;[ 2, 2, 2, 4 ];{}
4222;[ 2, 2, 2, 5 ];{}
4223;[ 2, 2, 2, 4 ];{}
4223;[ 2, 2, 2, 5 ];{}
4224;[ 2, 2, 2, 4 ];{}
4224;[ 2, 2, 2, 5 ];{}
4225;[ 2, 2, 2, 4 ];{}
4225;[ 2, 2, 2, 5 ];{}
4226;[ 2, 2, 2, 4 ];{}
4226;[ 2, 2, 2, 5 ];{}
4227;[ 2, 2, 2, 4 ];{}
4227;[ 2, 2, 2, 5 ];{}
4228;[ 2, 2, 2, 4 ];{}
4228;[ 2, 2, 2, 5 ];{}
4229;[ 2, 2, 2, 4 ];{}
4229;[ 2, 2, 2, 5 ];{}
4230;[ 2, 2, 2, 4 ];{}
4230;[ 2, 2, 2, 5 ];{}
4231;[ 2, 2, 2, 4 ];{}
4231;[ 2, 2, 2, 5 ];{}
4232;[ 2, 2, 2, 4 ];{}
4232;[ 2, 2, 2, 5 ];{}
4233;[ 2, 2, 2, 4 ];{}
4233;[ 2, 2, 2, 5 ];{}
4234;[ 2, 2, 2, 4 ];{}
4234;[ 2, 2, 2, 5 ];{}
4235;[ 2, 2, 2, 4 ];{}
4235;[ 2, 2, 2, 5 ];{}
4236;[ 2, 2, 2, 4 ];{}
4236;[ 2, 2, 2, 5 ];{}
4237;[ 2, 2, 2, 4 ];{}
4237;[ 2, 2, 2, 5 ];{}
4238;[ 2, 2, 2, 4 ];{}
4238;[ 2, 2, 2, 5 ];{}
4239;[ 2, 2, 2, 4 ];{}
4239;[ 2, 2, 2, 5 ];{}
4240;[ 2, 2, 2, 4 ];{}
4240;[ 2, 2, 2, 5 ];{}
4241;[ 2, 2, 2, 4 ];{}
4241;[ 2, 2, 2, 5 ];{}
4242;[ 2, 2, 2, 4 ];{}
4242;[ 2, 2, 2, 5 ];{}
4243;[ 2, 2, 2, 4 ];{}
4243;[ 2, 2, 2, 5 ];{}
4244;[ 2, 2, 2, 4 ];{}
4244;[ 2, 2, 2, 5 ];{}
4245;[ 2, 2, 2, 4 ];{}
4245;[ 2, 2, 2, 5 ];{}
4246;[ 2, 2, 2, 4 ];{}
4246;[ 2, 2, 2, 5 ];{}
4247;[ 2, 2, 2, 4 ];{}
4247;[ 2, 2, 2, 5 ];{}
4248;[ 2, 2, 2, 4 ];{}
4248;[ 2, 2, 2, 5 ];{}
4249;[ 2, 2, 2, 4 ];{}
4249;[ 2, 2, 2, 5 ];{}
4250;[ 2, 2, 2, 4 ];{}
4250;[ 2, 2, 2, 5 ];{}
4251;[ 2, 2, 2, 4 ];{}
4251;[ 2, 2, 2, 5 ];{}
4252;[ 2, 2, 2, 4 ];{}
4252;[ 2, 2, 2, 5 ];{}
4253;[ 2, 2, 2, 4 ];{}
4253;[ 2, 2, 2, 5 ];{}
4254;[ 2, 2, 2, 4 ];{}
4254;[ 2, 2, 2, 5 ];{}
4255;[ 2, 2, 2, 4 ];{}
4255;[ 2, 2, 2, 5 ];{}
4256;[ 2, 2, 2, 4 ];{}
4256;[ 2, 2, 2, 5 ];{}
4257;[ 2, 2, 2, 4 ];{}
4257;[ 2, 2, 2, 5 ];{}
4258;[ 2, 2, 2, 4 ];{}
4258;[ 2, 2, 2, 5 ];{}
4259;[ 2, 2, 2, 4 ];{}
4259;[ 2, 2, 2, 5 ];{}
4260;[ 2, 2, 2, 4 ];{}
4260;[ 2, 2, 2, 5 ];{}
4261;[ 2, 2, 2, 4 ];{}
4261;[ 2, 2, 2, 5 ];{}
4262;[ 2, 2, 2, 4 ];{}
4262;[ 2, 2, 2, 5 ];{}
4263;[ 2, 2, 2, 4 ];{}
4263;[ 2, 2, 2, 5 ];{}
4264;[ 2, 2, 2, 4 ];{}
4264;[ 2, 2, 2, 5 ];{}
4265;[ 2, 2, 2, 4 ];{}
4265;[ 2, 2, 2, 5 ];{}
4266;[ 2, 2, 2, 4 ];{}
4266;[ 2, 2, 2, 5 ];{}
4267;[ 2, 2, 2, 4 ];{}
4267;[ 2, 2, 2, 5 ];{}
4268;[ 2, 2, 2, 4 ];{}
4268;[ 2, 2, 2, 5 ];{}
4269;[ 2, 2, 2, 4 ];{}
4269;[ 2, 2, 2, 5 ];{}
4288;[ 2, 2, 2, 4 ];{}
4288;[ 2, 2, 2, 5 ];{}
4289;[ 2, 2, 2, 4 ];{}
4289;[ 2, 2, 2, 5 ];{}
4291;[ 2, 2, 2, 4 ];{}
4291;[ 2, 2, 2, 5 ];{}
4318;[ 2, 2, 2, 4 ];{}
4318;[ 2, 2, 2, 5 ];{}
4319;[ 2, 2, 2, 4 ];{}
4319;[ 2, 2, 2, 5 ];{}
4322;[ 2, 2, 2, 4 ];{}
4322;[ 2, 2, 2, 5 ];{}
4329;[ 2, 2, 2, 4 ];{}
4329;[ 2, 2, 2, 5 ];{}
4330;[ 2, 2, 2, 4 ];{}
4330;[ 2, 2, 2, 5 ];{}
4331;[ 2, 2, 2, 4 ];{}
4331;[ 2, 2, 2, 5 ];{}
4332;[ 2, 2, 2, 4 ];{}
4332;[ 2, 2, 2, 5 ];{}
4333;[ 2, 2, 2, 4 ];{}
4333;[ 2, 2, 2, 5 ];{}
4334;[ 2, 2, 2, 4 ];{}
4334;[ 2, 2, 2, 5 ];{}
4337;[ 2, 2, 2, 4 ];{}
4337;[ 2, 2, 2, 5 ];{}
4338;[ 2, 2, 2, 4 ];{}
4338;[ 2, 2, 2, 5 ];{}
4339;[ 2, 2, 2, 4 ];{}
4339;[ 2, 2, 2, 5 ];{}
4340;[ 2, 2, 2, 4 ];{}
4340;[ 2, 2, 2, 5 ];{}
4341;[ 2, 2, 2, 4 ];{}
4341;[ 2, 2, 2, 5 ];{}
4342;[ 2, 2, 2, 4 ];{}
4342;[ 2, 2, 2, 5 ];{}
4343;[ 2, 2, 2, 4 ];{}
4343;[ 2, 2, 2, 5 ];{}
4344;[ 2, 2, 2, 4 ];{}
4344;[ 2, 2, 2, 5 ];{}
4345;[ 2, 2, 2, 4 ];{}
4345;[ 2, 2, 2, 5 ];{}
4346;[ 2, 2, 2, 4 ];{}
4346;[ 2, 2, 2, 5 ];{}
4347;[ 2, 2, 2, 4 ];{}
4347;[ 2, 2, 2, 5 ];{}
4350;[ 2, 2, 2, 4 ];{}
4350;[ 2, 2, 2, 5 ];{}
4351;[ 2, 2, 2, 4 ];{}
4351;[ 2, 2, 2, 5 ];{}
4352;[ 2, 2, 2, 4 ];{}
4352;[ 2, 2, 2, 5 ];{}
4353;[ 2, 2, 2, 4 ];{}
4353;[ 2, 2, 2, 5 ];{}
4354;[ 2, 2, 2, 4 ];{}
4354;[ 2, 2, 2, 5 ];{}
4355;[ 2, 2, 2, 4 ];{}
4355;[ 2, 2, 2, 5 ];{}
4356;[ 2, 2, 2, 4 ];{}
4356;[ 2, 2, 2, 5 ];{}
4357;[ 2, 2, 2, 4 ];{}
4357;[ 2, 2, 2, 5 ];{}
4358;[ 2, 2, 2, 4 ];{}
4358;[ 2, 2, 2, 5 ];{}
4359;[ 2, 2, 2, 4 ];{}
4359;[ 2, 2, 2, 5 ];{}
4360;[ 2, 2, 2, 4 ];{}
4360;[ 2, 2, 2, 5 ];{}
4361;[ 2, 2, 2, 4 ];{}
4361;[ 2, 2, 2, 5 ];{}
4362;[ 2, 2, 2, 4 ];{}
4362;[ 2, 2, 2, 5 ];{}
4363;[ 2, 2, 2, 4 ];{}
4363;[ 2, 2, 2, 5 ];{}
4364;[ 2, 2, 2, 4 ];{}
4364;[ 2, 2, 2, 5 ];{}
4365;[ 2, 2, 2, 4 ];{}
4365;[ 2, 2, 2, 5 ];{}
4366;[ 2, 2, 2, 4 ];{}
4366;[ 2, 2, 2, 5 ];{}
4367;[ 2, 2, 2, 4 ];{}
4367;[ 2, 2, 2, 5 ];{}
4368;[ 2, 2, 2, 4 ];{}
4368;[ 2, 2, 2, 5 ];{}
4369;[ 2, 2, 2, 4 ];{}
4369;[ 2, 2, 2, 5 ];{}
4372;[ 2, 2, 2, 4 ];{}
4372;[ 2, 2, 2, 5 ];{}
4373;[ 2, 2, 2, 4 ];{}
4373;[ 2, 2, 2, 5 ];{}
4374;[ 2, 2, 2, 4 ];{}
4374;[ 2, 2, 2, 5 ];{}
4375;[ 2, 2, 2, 4 ];{}
4375;[ 2, 2, 2, 5 ];{}
4376;[ 2, 2, 2, 4 ];{}
4376;[ 2, 2, 2, 5 ];{}
4377;[ 2, 2, 2, 4 ];{}
4377;[ 2, 2, 2, 5 ];{}
4378;[ 2, 2, 2, 4 ];{}
4378;[ 2, 2, 2, 5 ];{}
4379;[ 2, 2, 2, 4 ];{}
4379;[ 2, 2, 2, 5 ];{}
4380;[ 2, 2, 2, 4 ];{}
4380;[ 2, 2, 2, 5 ];{}
4381;[ 2, 2, 2, 4 ];{}
4381;[ 2, 2, 2, 5 ];{}
4382;[ 2, 2, 2, 4 ];{}
4382;[ 2, 2, 2, 5 ];{}
4383;[ 2, 2, 2, 4 ];{}
4383;[ 2, 2, 2, 5 ];{}
4384;[ 2, 2, 2, 4 ];{}
4384;[ 2, 2, 2, 5 ];{}
4385;[ 2, 2, 2, 4 ];{}
4385;[ 2, 2, 2, 5 ];{}
4388;[ 2, 2, 2, 4 ];{}
4388;[ 2, 2, 2, 5 ];{}
4389;[ 2, 2, 2, 4 ];{}
4389;[ 2, 2, 2, 5 ];{}
4391;[ 2, 2, 2, 4 ];{}
4391;[ 2, 2, 2, 5 ];{}
4392;[ 2, 2, 2, 4 ];{}
4392;[ 2, 2, 2, 5 ];{}
4393;[ 2, 2, 2, 4 ];{}
4393;[ 2, 2, 2, 5 ];{}
4394;[ 2, 2, 2, 4 ];{}
4394;[ 2, 2, 2, 5 ];{}
4395;[ 2, 2, 2, 4 ];{}
4395;[ 2, 2, 2, 5 ];{}
4397;[ 2, 2, 2, 4 ];{}
4397;[ 2, 2, 2, 5 ];{}
4398;[ 2, 2, 2, 4 ];{}
4398;[ 2, 2, 2, 5 ];{}
4399;[ 2, 2, 2, 4 ];{}
4399;[ 2, 2, 2, 5 ];{}
4546;[ 2, 2, 2, 4 ];{}
4546;[ 2, 2, 2, 5 ];{}
4554;[ 2, 2, 2, 4 ];{}
4554;[ 2, 2, 2, 5 ];{}
4555;[ 2, 2, 2, 4 ];{}
4555;[ 2, 2, 2, 5 ];{}
4559;[ 2, 2, 2, 4 ];{}
4559;[ 2, 2, 2, 5 ];{}
4560;[ 2, 2, 2, 4 ];{}
4560;[ 2, 2, 2, 5 ];{}
4569;[ 2, 2, 2, 4 ];{}
4569;[ 2, 2, 2, 5 ];{}
4570;[ 2, 2, 2, 4 ];{}
4570;[ 2, 2, 2, 5 ];{}
4574;[ 2, 2, 2, 4 ];{}
4574;[ 2, 2, 2, 5 ];{}
4575;[ 2, 2, 2, 4 ];{}
4575;[ 2, 2, 2, 5 ];{}
4581;[ 2, 2, 2, 4 ];{}
4581;[ 2, 2, 2, 5 ];{}
4590;[ 2, 2, 2, 4 ];{}
4590;[ 2, 2, 2, 5 ];{}
4597;[ 2, 2, 2, 4 ];{}
4597;[ 2, 2, 2, 5 ];{}
46;[ 2, 4, 8 ];{}
4603;[ 2, 2, 2, 4 ];{}
4603;[ 2, 2, 2, 5 ];{}
4604;[ 2, 2, 2, 4 ];{}
4604;[ 2, 2, 2, 5 ];{}
4605;[ 2, 2, 2, 4 ];{}
4605;[ 2, 2, 2, 5 ];{}
4606;[ 2, 2, 2, 4 ];{}
4606;[ 2, 2, 2, 5 ];{}
4614;[ 2, 2, 2, 4 ];{}
4614;[ 2, 2, 2, 5 ];{}
4618;[ 2, 2, 2, 4 ];{}
4618;[ 2, 2, 2, 5 ];{}
4619;[ 2, 2, 2, 4 ];{}
4619;[ 2, 2, 2, 5 ];{}
4637;[ 2, 2, 2, 4 ];{}
4637;[ 2, 2, 2, 5 ];{}
4642;[ 2, 2, 2, 4 ];{}
4642;[ 2, 2, 2, 5 ];{}
4643;[ 2, 2, 2, 4 ];{}
4643;[ 2, 2, 2, 5 ];{}
4644;[ 2, 2, 2, 4 ];{}
4644;[ 2, 2, 2, 5 ];{}
4656;[ 2, 2, 2, 4 ];{}
4656;[ 2, 2, 2, 5 ];{}
4657;[ 2, 2, 2, 4 ];{}
4657;[ 2, 2, 2, 5 ];{}
4658;[ 2, 2, 2, 4 ];{}
4658;[ 2, 2, 2, 5 ];{}
4666;[ 2, 2, 2, 4 ];{}
4666;[ 2, 2, 2, 5 ];{}
4667;[ 2, 2, 2, 4 ];{}
4667;[ 2, 2, 2, 5 ];{}
4668;[ 2, 2, 2, 4 ];{}
4668;[ 2, 2, 2, 5 ];{}
4669;[ 2, 2, 2, 4 ];{}
4669;[ 2, 2, 2, 5 ];{}
4670;[ 2, 2, 2, 4 ];{}
4670;[ 2, 2, 2, 5 ];{}
47;[ 2, 4, 8 ];{}
4717;[ 2, 2, 2, 4 ];{}
4717;[ 2, 2, 2, 5 ];{}
4718;[ 2, 2, 2, 4 ];{}
4718;[ 2, 2, 2, 5 ];{}
4719;[ 2, 2, 2, 4 ];{}
4719;[ 2, 2, 2, 5 ];{}
4720;[ 2, 2, 2, 4 ];{}
4720;[ 2, 2, 2, 5 ];{}
4721;[ 2, 2, 2, 4 ];{}
4721;[ 2, 2, 2, 5 ];{}
4724;[ 2, 2, 2, 4 ];{}
4724;[ 2, 2, 2, 5 ];{}
4725;[ 2, 2, 2, 4 ];{}
4725;[ 2, 2, 2, 5 ];{}
4726;[ 2, 2, 2, 4 ];{}
4726;[ 2, 2, 2, 5 ];{}
4727;[ 2, 2, 2, 4 ];{}
4727;[ 2, 2, 2, 5 ];{}
4731;[ 2, 2, 2, 4 ];{}
4731;[ 2, 2, 2, 5 ];{}
4732;[ 2, 2, 2, 4 ];{}
4732;[ 2, 2, 2, 5 ];{}
4733;[ 2, 2, 2, 4 ];{}
4733;[ 2, 2, 2, 5 ];{}
4738;[ 2, 2, 2, 4 ];{}
4738;[ 2, 2, 2, 5 ];{}
4742;[ 2, 2, 2, 4 ];{}
4742;[ 2, 2, 2, 5 ];{}
4743;[ 2, 2, 2, 4 ];{}
4743;[ 2, 2, 2, 5 ];{}
4744;[ 2, 2, 2, 4 ];{}
4744;[ 2, 2, 2, 5 ];{}
4749;[ 2, 2, 2, 4 ];{}
4749;[ 2, 2, 2, 5 ];{}
4750;[ 2, 2, 2, 4 ];{}
4750;[ 2, 2, 2, 5 ];{}
4751;[ 2, 2, 2, 4 ];{}
4751;[ 2, 2, 2, 5 ];{}
4752;[ 2, 2, 2, 4 ];{}
4752;[ 2, 2, 2, 5 ];{}
4753;[ 2, 2, 2, 4 ];{}
4753;[ 2, 2, 2, 5 ];{}
4754;[ 2, 2, 2, 4 ];{}
4754;[ 2, 2, 2, 5 ];{}
4755;[ 2, 2, 2, 4 ];{}
4755;[ 2, 2, 2, 5 ];{}
4756;[ 2, 2, 2, 4 ];{}
4756;[ 2, 2, 2, 5 ];{}
4757;[ 2, 2, 2, 4 ];{}
4757;[ 2, 2, 2, 5 ];{}
4758;[ 2, 2, 2, 4 ];{}
4758;[ 2, 2, 2, 5 ];{}
4759;[ 2, 2, 2, 4 ];{}
4759;[ 2, 2, 2, 5 ];{}
4760;[ 2, 2, 2, 4 ];{}
4760;[ 2, 2, 2, 5 ];{}
4761;[ 2, 2, 2, 4 ];{}
4761;[ 2, 2, 2, 5 ];{}
4762;[ 2, 2, 2, 4 ];{}
4762;[ 2, 2, 2, 5 ];{}
4763;[ 2, 2, 2, 4 ];{}
4763;[ 2, 2, 2, 5 ];{}
4764;[ 2, 2, 2, 4 ];{}
4764;[ 2, 2, 2, 5 ];{}
4765;[ 2, 2, 2, 4 ];{}
4765;[ 2, 2, 2, 5 ];{}
4766;[ 2, 2, 2, 4 ];{}
4766;[ 2, 2, 2, 5 ];{}
4767;[ 2, 2, 2, 4 ];{}
4767;[ 2, 2, 2, 5 ];{}
4768;[ 2, 2, 2, 4 ];{}
4768;[ 2, 2, 2, 5 ];{}
4769;[ 2, 2, 2, 4 ];{}
4769;[ 2, 2, 2, 5 ];{}
4770;[ 2, 2, 2, 4 ];{}
4770;[ 2, 2, 2, 5 ];{}
4771;[ 2, 2, 2, 4 ];{}
4771;[ 2, 2, 2, 5 ];{}
4772;[ 2, 2, 2, 4 ];{}
4772;[ 2, 2, 2, 5 ];{}
4773;[ 2, 2, 2, 4 ];{}
4773;[ 2, 2, 2, 5 ];{}
4774;[ 2, 2, 2, 4 ];{}
4774;[ 2, 2, 2, 5 ];{}
4775;[ 2, 2, 2, 4 ];{}
4775;[ 2, 2, 2, 5 ];{}
4776;[ 2, 2, 2, 4 ];{}
4776;[ 2, 2, 2, 5 ];{}
4777;[ 2, 2, 2, 4 ];{}
4777;[ 2, 2, 2, 5 ];{}
4778;[ 2, 2, 2, 4 ];{}
4778;[ 2, 2, 2, 5 ];{}
4779;[ 2, 2, 2, 4 ];{}
4779;[ 2, 2, 2, 5 ];{}
4780;[ 2, 2, 2, 4 ];{}
4780;[ 2, 2, 2, 5 ];{}
4781;[ 2, 2, 2, 4 ];{}
4781;[ 2, 2, 2, 5 ];{}
4782;[ 2, 2, 2, 4 ];{}
4782;[ 2, 2, 2, 5 ];{}
4783;[ 2, 2, 2, 4 ];{}
4783;[ 2, 2, 2, 5 ];{}
4784;[ 2, 2, 2, 4 ];{}
4784;[ 2, 2, 2, 5 ];{}
4785;[ 2, 2, 2, 4 ];{}
4785;[ 2, 2, 2, 5 ];{}
4786;[ 2, 2, 2, 4 ];{}
4786;[ 2, 2, 2, 5 ];{}
4787;[ 2, 2, 2, 4 ];{}
4787;[ 2, 2, 2, 5 ];{}
4788;[ 2, 2, 2, 4 ];{}
4788;[ 2, 2, 2, 5 ];{}
4789;[ 2, 2, 2, 4 ];{}
4789;[ 2, 2, 2, 5 ];{}
4790;[ 2, 2, 2, 4 ];{}
4790;[ 2, 2, 2, 5 ];{}
4791;[ 2, 2, 2, 4 ];{}
4791;[ 2, 2, 2, 5 ];{}
4792;[ 2, 2, 2, 4 ];{}
4792;[ 2, 2, 2, 5 ];{}
4793;[ 2, 2, 2, 4 ];{}
4793;[ 2, 2, 2, 5 ];{}
4794;[ 2, 2, 2, 4 ];{}
4794;[ 2, 2, 2, 5 ];{}
4795;[ 2, 2, 2, 4 ];{}
4795;[ 2, 2, 2, 5 ];{}
4796;[ 2, 2, 2, 4 ];{}
4796;[ 2, 2, 2, 5 ];{}
4797;[ 2, 2, 2, 4 ];{}
4797;[ 2, 2, 2, 5 ];{}
4798;[ 2, 2, 2, 4 ];{}
4798;[ 2, 2, 2, 5 ];{}
4799;[ 2, 2, 2, 4 ];{}
4799;[ 2, 2, 2, 5 ];{}
48;[ 2, 4, 8 ];{}
4800;[ 2, 2, 2, 4 ];{}
4800;[ 2, 2, 2, 5 ];{}
4801;[ 2, 2, 2, 4 ];{}
4801;[ 2, 2, 2, 5 ];{}
4802;[ 2, 2, 2, 4 ];{}
4802;[ 2, 2, 2, 5 ];{}
4803;[ 2, 2, 2, 4 ];{}
4803;[ 2, 2, 2, 5 ];{}
4804;[ 2, 2, 2, 4 ];{}
4804;[ 2, 2, 2, 5 ];{}
4805;[ 2, 2, 2, 4 ];{}
4805;[ 2, 2, 2, 5 ];{}
4806;[ 2, 2, 2, 4 ];{}
4806;[ 2, 2, 2, 5 ];{}
4807;[ 2, 2, 2, 4 ];{}
4807;[ 2, 2, 2, 5 ];{}
4808;[ 2, 2, 2, 4 ];{}
4808;[ 2, 2, 2, 5 ];{}
4809;[ 2, 2, 2, 4 ];{}
4809;[ 2, 2, 2, 5 ];{}
4810;[ 2, 2, 2, 4 ];{}
4810;[ 2, 2, 2, 5 ];{}
4811;[ 2, 2, 2, 4 ];{}
4811;[ 2, 2, 2, 5 ];{}
4812;[ 2, 2, 2, 4 ];{}
4812;[ 2, 2, 2, 5 ];{}
4813;[ 2, 2, 2, 4 ];{}
4813;[ 2, 2, 2, 5 ];{}
4814;[ 2, 2, 2, 4 ];{}
4814;[ 2, 2, 2, 5 ];{}
4815;[ 2, 2, 2, 4 ];{}
4815;[ 2, 2, 2, 5 ];{}
4816;[ 2, 2, 2, 4 ];{}
4816;[ 2, 2, 2, 5 ];{}
4817;[ 2, 2, 2, 4 ];{}
4817;[ 2, 2, 2, 5 ];{}
4818;[ 2, 2, 2, 4 ];{}
4818;[ 2, 2, 2, 5 ];{}
4819;[ 2, 2, 2, 4 ];{}
4819;[ 2, 2, 2, 5 ];{}
4820;[ 2, 2, 2, 4 ];{}
4820;[ 2, 2, 2, 5 ];{}
4821;[ 2, 2, 2, 4 ];{}
4821;[ 2, 2, 2, 5 ];{}
4822;[ 2, 2, 2, 4 ];{}
4822;[ 2, 2, 2, 5 ];{}
4823;[ 2, 2, 2, 4 ];{}
4823;[ 2, 2, 2, 5 ];{}
4824;[ 2, 2, 2, 4 ];{}
4824;[ 2, 2, 2, 5 ];{}
4825;[ 2, 2, 2, 4 ];{}
4825;[ 2, 2, 2, 5 ];{}
4826;[ 2, 2, 2, 4 ];{}
4826;[ 2, 2, 2, 5 ];{}
4827;[ 2, 2, 2, 4 ];{}
4827;[ 2, 2, 2, 5 ];{}
4828;[ 2, 2, 2, 4 ];{}
4828;[ 2, 2, 2, 5 ];{}
4829;[ 2, 2, 2, 4 ];{}
4829;[ 2, 2, 2, 5 ];{}
4830;[ 2, 2, 2, 4 ];{}
4830;[ 2, 2, 2, 5 ];{}
4831;[ 2, 2, 2, 4 ];{}
4831;[ 2, 2, 2, 5 ];{}
4832;[ 2, 2, 2, 4 ];{}
4832;[ 2, 2, 2, 5 ];{}
4833;[ 2, 2, 2, 4 ];{}
4833;[ 2, 2, 2, 5 ];{}
4834;[ 2, 2, 2, 4 ];{}
4834;[ 2, 2, 2, 5 ];{}
4835;[ 2, 2, 2, 4 ];{}
4835;[ 2, 2, 2, 5 ];{}
4836;[ 2, 2, 2, 4 ];{}
4836;[ 2, 2, 2, 5 ];{}
49;[ 2, 4, 8 ];{}
4910;[ 2, 2, 2, 4 ];{}
4910;[ 2, 2, 2, 5 ];{}
4911;[ 2, 2, 2, 4 ];{}
4911;[ 2, 2, 2, 5 ];{}
4915;[ 2, 2, 2, 4 ];{}
4915;[ 2, 2, 2, 5 ];{}
4917;[ 2, 2, 2, 4 ];{}
4917;[ 2, 2, 2, 5 ];{}
4918;[ 2, 2, 2, 4 ];{}
4918;[ 2, 2, 2, 5 ];{}
4919;[ 2, 2, 2, 4 ];{}
4919;[ 2, 2, 2, 5 ];{}
4920;[ 2, 2, 2, 4 ];{}
4920;[ 2, 2, 2, 5 ];{}
4921;[ 2, 2, 2, 4 ];{}
4921;[ 2, 2, 2, 5 ];{}
4926;[ 2, 2, 2, 4 ];{}
4926;[ 2, 2, 2, 5 ];{}
4928;[ 2, 2, 2, 4 ];{}
4928;[ 2, 2, 2, 5 ];{}
4929;[ 2, 2, 2, 4 ];{}
4929;[ 2, 2, 2, 5 ];{}
4930;[ 2, 2, 2, 4 ];{}
4930;[ 2, 2, 2, 5 ];{}
4931;[ 2, 2, 2, 4 ];{}
4931;[ 2, 2, 2, 5 ];{}
4932;[ 2, 2, 2, 4 ];{}
4932;[ 2, 2, 2, 5 ];{}
4933;[ 2, 2, 2, 4 ];{}
4933;[ 2, 2, 2, 5 ];{}
4934;[ 2, 2, 2, 4 ];{}
4934;[ 2, 2, 2, 5 ];{}
4938;[ 2, 2, 2, 4 ];{}
4938;[ 2, 2, 2, 5 ];{}
4939;[ 2, 2, 2, 4 ];{}
4939;[ 2, 2, 2, 5 ];{}
4943;[ 2, 2, 2, 4 ];{}
4943;[ 2, 2, 2, 5 ];{}
4945;[ 2, 2, 2, 4 ];{}
4945;[ 2, 2, 2, 5 ];{}
4946;[ 2, 2, 2, 4 ];{}
4946;[ 2, 2, 2, 5 ];{}
4947;[ 2, 2, 2, 4 ];{}
4947;[ 2, 2, 2, 5 ];{}
4948;[ 2, 2, 2, 4 ];{}
4948;[ 2, 2, 2, 5 ];{}
4949;[ 2, 2, 2, 4 ];{}
4949;[ 2, 2, 2, 5 ];{}
4957;[ 2, 2, 2, 4 ];{}
4957;[ 2, 2, 2, 5 ];{}
4958;[ 2, 2, 2, 4 ];{}
4958;[ 2, 2, 2, 5 ];{}
4967;[ 2, 2, 2, 4 ];{}
4967;[ 2, 2, 2, 5 ];{}
4968;[ 2, 2, 2, 4 ];{}
4968;[ 2, 2, 2, 5 ];{}
4969;[ 2, 2, 2, 4 ];{}
4969;[ 2, 2, 2, 5 ];{}
4970;[ 2, 2, 2, 4 ];{}
4970;[ 2, 2, 2, 5 ];{}
4971;[ 2, 2, 2, 4 ];{}
4971;[ 2, 2, 2, 5 ];{}
4972;[ 2, 2, 2, 4 ];{}
4972;[ 2, 2, 2, 5 ];{}
4973;[ 2, 2, 2, 4 ];{}
4973;[ 2, 2, 2, 5 ];{}
4974;[ 2, 2, 2, 4 ];{}
4974;[ 2, 2, 2, 5 ];{}
4979;[ 2, 2, 2, 4 ];{}
4979;[ 2, 2, 2, 5 ];{}
4980;[ 2, 2, 2, 4 ];{}
4980;[ 2, 2, 2, 5 ];{}
4981;[ 2, 2, 2, 4 ];{}
4981;[ 2, 2, 2, 5 ];{}
4982;[ 2, 2, 2, 4 ];{}
4982;[ 2, 2, 2, 5 ];{}
4983;[ 2, 2, 2, 4 ];{}
4983;[ 2, 2, 2, 5 ];{}
4984;[ 2, 2, 2, 4 ];{}
4984;[ 2, 2, 2, 5 ];{}
4985;[ 2, 2, 2, 4 ];{}
4985;[ 2, 2, 2, 5 ];{}
4986;[ 2, 2, 2, 4 ];{}
4986;[ 2, 2, 2, 5 ];{}
4987;[ 2, 2, 2, 4 ];{}
4987;[ 2, 2, 2, 5 ];{}
4988;[ 2, 2, 2, 4 ];{}
4988;[ 2, 2, 2, 5 ];{}
4990;[ 2, 2, 2, 4 ];{}
4990;[ 2, 2, 2, 5 ];{}
4992;[ 2, 2, 2, 4 ];{}
4992;[ 2, 2, 2, 5 ];{}
4993;[ 2, 2, 2, 4 ];{}
4993;[ 2, 2, 2, 5 ];{}
4994;[ 2, 2, 2, 4 ];{}
4994;[ 2, 2, 2, 5 ];{}
4995;[ 2, 2, 2, 4 ];{}
4995;[ 2, 2, 2, 5 ];{}
4996;[ 2, 2, 2, 4 ];{}
4996;[ 2, 2, 2, 5 ];{}
4997;[ 2, 2, 2, 4 ];{}
4997;[ 2, 2, 2, 5 ];{}
4998;[ 2, 2, 2, 4 ];{}
4998;[ 2, 2, 2, 5 ];{}
4999;[ 2, 2, 2, 4 ];{}
4999;[ 2, 2, 2, 5 ];{}
5000;[ 2, 2, 2, 4 ];{}
5000;[ 2, 2, 2, 5 ];{}
54;[ 2, 4, 8 ];{}
55;[ 2, 4, 8 ];{}
56;[ 2, 4, 8 ];{}
57;[ 2, 4, 8 ];{}
571;[ 2, 4, 8 ];{}
572;[ 2, 4, 8 ];{}
573;[ 2, 4, 8 ];{}
574;[ 2, 4, 8 ];{}
575;[ 2, 4, 8 ];{}
576;[ 2, 4, 8 ];{}
577;[ 2, 4, 8 ];{[ $.2 * $.6 * $.7 * $.8, $.1 * $.2 * $.3 * $.4 * $.6 * $.7 * $.8^3, $.1 ]:[ $.1 * $.4 * $.5 * $.6, $.2 * $.3 * $.5 * $.8^2, $.1 * $.2 * $.5 * $.8^4 ]}
578;[ 2, 4, 8 ];{}
579;[ 2, 4, 8 ];{}
58;[ 2, 4, 8 ];{}
580;[ 2, 4, 8 ];{}
581;[ 2, 4, 8 ];{}
582;[ 2, 4, 8 ];{}
583;[ 2, 4, 8 ];{}
584;[ 2, 4, 8 ];{}
585;[ 2, 4, 8 ];{}
586;[ 2, 4, 8 ];{}
587;[ 2, 4, 8 ];{}
588;[ 2, 4, 8 ];{}
589;[ 2, 4, 8 ];{}
59;[ 2, 4, 8 ];{}
590;[ 2, 4, 8 ];{}
591;[ 2, 4, 8 ];{}
592;[ 2, 4, 8 ];{}
598;[ 2, 4, 8 ];{}
599;[ 2, 4, 8 ];{}
6;[ 2, 2, 2, 4 ];{}
6;[ 2, 2, 2, 5 ];{}
6;[ 2, 4, 320 ];{}
60;[ 2, 4, 8 ];{}
600;[ 2, 4, 8 ];{}
601;[ 2, 4, 8 ];{}
602;[ 2, 4, 8 ];{}
603;[ 2, 4, 8 ];{}
609;[ 2, 4, 8 ];{}
61;[ 2, 4, 8 ];{}
610;[ 2, 4, 8 ];{}
614;[ 2, 4, 8 ];{}
615;[ 2, 4, 8 ];{}
62;[ 2, 4, 8 ];{}
621;[ 2, 4, 8 ];{}
622;[ 2, 4, 8 ];{[ $.2 * $.3 * $.5 * $.6 * $.7 * $.8^2, $.1 * $.8, $.1 * $.2 * $.3 * $.4 * $.6 ]:[ $.2 * $.3 * $.7 * $.8^2, $.1 * $.3 * $.4 * $.7 * $.8^4, $.1 * $.2 * $.5 ]}
623;[ 2, 4, 8 ];{}
624;[ 2, 4, 8 ];{}
625;[ 2, 4, 8 ];{}
626;[ 2, 4, 8 ];{}
627;[ 2, 4, 8 ];{}
628;[ 2, 4, 8 ];{}
629;[ 2, 4, 8 ];{}
63;[ 2, 4, 8 ];{}
630;[ 2, 4, 8 ];{}
631;[ 2, 4, 8 ];{}
632;[ 2, 4, 8 ];{}
634;[ 2, 4, 8 ];{}
635;[ 2, 4, 8 ];{}
636;[ 2, 4, 8 ];{}
637;[ 2, 4, 8 ];{}
639;[ 2, 4, 8 ];{}
64;[ 2, 4, 8 ];{}
640;[ 2, 4, 8 ];{}
642;[ 2, 4, 8 ];{}
643;[ 2, 4, 8 ];{}
645;[ 2, 4, 8 ];{}
646;[ 2, 4, 8 ];{}
647;[ 2, 4, 8 ];{}
648;[ 2, 4, 8 ];{}
649;[ 2, 4, 8 ];{}
65;[ 2, 4, 8 ];{}
651;[ 2, 4, 8 ];{}
652;[ 2, 4, 8 ];{}
653;[ 2, 4, 8 ];{[ $.2 * $.5 * $.7 * $.8^2, $.1 * $.2, $.1 * $.3 * $.4 * $.7 * $.8^2 ]:[ $.1 * $.2 * $.3 * $.4 * $.6 * $.7 * $.8, $.2 * $.3 * $.5 * $.6 * $.8^4, $.1 * $.6 * $.7 * $.8^4 ]}
654;[ 2, 4, 8 ];{}
655;[ 2, 4, 8 ];{}
656;[ 2, 4, 8 ];{}
657;[ 2, 4, 8 ];{[ $.1 * $.2 * $.3 * $.4 * $.5 * $.6 * $.7 * $.8, $.2 * $.5 * $.8^2, $.1 * $.3 * $.6 * $.8^3 ]:[ $.2 * $.3 * $.7 * $.8^3, $.1 * $.2 * $.6, $.1 * $.4 * $.5 * $.8^3 ]}
658;[ 2, 4, 8 ];{}
659;[ 2, 4, 8 ];{}
66;[ 2, 4, 8 ];{}
660;[ 2, 4, 8 ];{}
666;[ 2, 4, 8 ];{}
667;[ 2, 4, 8 ];{}
668;[ 2, 4, 8 ];{}
67;[ 2, 4, 8 ];{}
672;[ 2, 4, 8 ];{}
673;[ 2, 4, 8 ];{}
674;[ 2, 4, 8 ];{}
675;[ 2, 4, 8 ];{}
676;[ 2, 4, 8 ];{}
677;[ 2, 4, 8 ];{}
678;[ 2, 4, 8 ];{}
679;[ 2, 4, 8 ];{}
68;[ 2, 4, 8 ];{}
680;[ 2, 4, 8 ];{}
681;[ 2, 4, 8 ];{}
682;[ 2, 4, 8 ];{}
683;[ 2, 4, 8 ];{}
684;[ 2, 4, 8 ];{}
685;[ 2, 4, 8 ];{}
686;[ 2, 4, 8 ];{}
687;[ 2, 4, 8 ];{}
688;[ 2, 4, 8 ];{}
69;[ 2, 4, 8 ];{}
693;[ 2, 4, 8 ];{}
694;[ 2, 4, 8 ];{}
695;[ 2, 4, 8 ];{}
696;[ 2, 4, 8 ];{}
697;[ 2, 4, 8 ];{}
698;[ 2, 4, 8 ];{}
699;[ 2, 4, 8 ];{}
7;[ 2, 2, 2, 4 ];{}
7;[ 2, 2, 2, 5 ];{}
7;[ 2, 4, 320 ];{[ $.1 * $.2 * $.4 * $.8^4, $.1 * $.4 * $.5 * $.8^4, $.2 * $.3 * $.5 * $.7 ]}
700;[ 2, 4, 8 ];{}
701;[ 2, 4, 8 ];{}
702;[ 2, 4, 8 ];{}
703;[ 2, 4, 8 ];{}
704;[ 2, 4, 8 ];{}
707;[ 2, 4, 8 ];{}
708;[ 2, 4, 8 ];{}
709;[ 2, 4, 8 ];{}
710;[ 2, 4, 8 ];{}
711;[ 2, 4, 8 ];{}
712;[ 2, 4, 8 ];{}
713;[ 2, 4, 8 ];{}
714;[ 2, 4, 8 ];{}
745;[ 2, 4, 8 ];{}
746;[ 2, 4, 8 ];{}
747;[ 2, 4, 8 ];{}
748;[ 2, 4, 8 ];{}
749;[ 2, 4, 8 ];{}
750;[ 2, 4, 8 ];{}
756;[ 2, 4, 8 ];{}
757;[ 2, 4, 8 ];{}
758;[ 2, 4, 8 ];{}
759;[ 2, 4, 8 ];{}
760;[ 2, 4, 8 ];{}
761;[ 2, 4, 8 ];{}
762;[ 2, 4, 8 ];{}
763;[ 2, 4, 8 ];{}
764;[ 2, 4, 8 ];{}
765;[ 2, 4, 8 ];{}
766;[ 2, 4, 8 ];{}
767;[ 2, 4, 8 ];{}
774;[ 2, 4, 8 ];{}
776;[ 2, 4, 8 ];{}
779;[ 2, 4, 8 ];{}
789;[ 2, 4, 8 ];{}
790;[ 2, 4, 8 ];{}
791;[ 2, 4, 8 ];{}
798;[ 2, 4, 8 ];{}
799;[ 2, 4, 8 ];{}
8;[ 2, 2, 2, 4 ];{}
8;[ 2, 2, 2, 5 ];{}
8;[ 2, 4, 320 ];{}
800;[ 2, 4, 8 ];{}
801;[ 2, 4, 8 ];{}
802;[ 2, 4, 8 ];{}
804;[ 2, 4, 8 ];{}
806;[ 2, 4, 8 ];{}
807;[ 2, 4, 8 ];{}
816;[ 2, 4, 8 ];{}
817;[ 2, 4, 8 ];{}
818;[ 2, 4, 8 ];{}
819;[ 2, 4, 8 ];{}
820;[ 2, 4, 8 ];{}
821;[ 2, 4, 8 ];{}
822;[ 2, 4, 8 ];{}
823;[ 2, 4, 8 ];{}
824;[ 2, 4, 8 ];{}
825;[ 2, 4, 8 ];{}
826;[ 2, 4, 8 ];{}
827;[ 2, 4, 8 ];{}
828;[ 2, 4, 8 ];{}
829;[ 2, 4, 8 ];{}
830;[ 2, 4, 8 ];{}
831;[ 2, 4, 8 ];{}
832;[ 2, 4, 8 ];{}
833;[ 2, 4, 8 ];{}
834;[ 2, 4, 8 ];{}
835;[ 2, 4, 8 ];{}
836;[ 2, 4, 8 ];{}
837;[ 2, 4, 8 ];{}
838;[ 2, 4, 8 ];{}
839;[ 2, 4, 8 ];{}
846;[ 2, 4, 8 ];{}
849;[ 2, 4, 8 ];{}
850;[ 2, 4, 8 ];{}
851;[ 2, 4, 8 ];{}
852;[ 2, 4, 8 ];{}
854;[ 2, 4, 8 ];{}
858;[ 2, 4, 8 ];{}
867;[ 2, 4, 8 ];{}
868;[ 2, 4, 8 ];{}
870;[ 2, 4, 8 ];{}
871;[ 2, 4, 8 ];{}
872;[ 2, 4, 8 ];{}
873;[ 2, 4, 8 ];{}
874;[ 2, 4, 8 ];{}
876;[ 2, 4, 8 ];{}
877;[ 2, 4, 8 ];{}
882;[ 2, 4, 8 ];{}
884;[ 2, 4, 8 ];{}
885;[ 2, 4, 8 ];{}
886;[ 2, 4, 8 ];{}
887;[ 2, 4, 8 ];{}
888;[ 2, 4, 8 ];{}
890;[ 2, 4, 8 ];{}
892;[ 2, 4, 8 ];{}
893;[ 2, 4, 8 ];{}
894;[ 2, 4, 8 ];{}
895;[ 2, 4, 8 ];{}
896;[ 2, 4, 8 ];{}
904;[ 2, 4, 8 ];{}
907;[ 2, 4, 8 ];{}
908;[ 2, 4, 8 ];{}
911;[ 2, 4, 8 ];{}
912;[ 2, 4, 8 ];{}
915;[ 2, 4, 8 ];{}
916;[ 2, 4, 8 ];{}
917;[ 2, 4, 8 ];{}
918;[ 2, 4, 8 ];{}
93;[ 2, 4, 8 ];{}
932;[ 2, 2, 2, 4 ];{}
932;[ 2, 2, 2, 5 ];{}
933;[ 2, 2, 2, 4 ];{}
933;[ 2, 2, 2, 5 ];{}
934;[ 2, 2, 2, 4 ];{}
934;[ 2, 2, 2, 5 ];{}
935;[ 2, 2, 2, 4 ];{}
935;[ 2, 2, 2, 5 ];{}
936;[ 2, 2, 2, 4 ];{}
936;[ 2, 2, 2, 5 ];{}
937;[ 2, 2, 2, 4 ];{}
937;[ 2, 2, 2, 5 ];{}
938;[ 2, 2, 2, 4 ];{}
938;[ 2, 2, 2, 5 ];{}
939;[ 2, 2, 2, 4 ];{}
939;[ 2, 2, 2, 5 ];{}
94;[ 2, 4, 8 ];{}
940;[ 2, 2, 2, 4 ];{}
940;[ 2, 2, 2, 5 ];{}
965;[ 2, 2, 2, 4 ];{}
965;[ 2, 2, 2, 5 ];{}
966;[ 2, 2, 2, 4 ];{}
966;[ 2, 2, 2, 5 ];{}
967;[ 2, 2, 2, 4 ];{}
967;[ 2, 2, 2, 5 ];{}
968;[ 2, 2, 2, 4 ];{}
968;[ 2, 2, 2, 5 ];{}
969;[ 2, 2, 2, 4 ];{[ $.1 * $.2 * $.3 * $.5 * $.6 * $.7 * $.8^4, $.1 * $.3, $.1 * $.4 * $.5 * $.6 * $.8^2, $.1 * $.2 * $.4 * $.6 * $.8 ]}
969;[ 2, 2, 2, 5 ];{}
970;[ 2, 2, 2, 4 ];{}
970;[ 2, 2, 2, 5 ];{}
971;[ 2, 2, 2, 4 ];{}
971;[ 2, 2, 2, 5 ];{}
972;[ 2, 2, 2, 4 ];{}
972;[ 2, 2, 2, 5 ];{}
973;[ 2, 2, 2, 4 ];{}
973;[ 2, 2, 2, 5 ];{}
974;[ 2, 2, 2, 4 ];{}
974;[ 2, 2, 2, 5 ];{}
981;[ 2, 2, 2, 4 ];{[ $.1 * $.3 * $.6 * $.8, $.1 * $.4 * $.5 * $.6 * $.8^2, $.2 * $.4 * $.6 * $.8^3, $.2 * $.3 * $.6 * $.8^2 ]}
981;[ 2, 2, 2, 5 ];{}
982;[ 2, 2, 2, 4 ];{}
982;[ 2, 2, 2, 5 ];{}
983;[ 2, 2, 2, 4 ];{}
983;[ 2, 2, 2, 5 ];{}
984;[ 2, 2, 2, 4 ];{}
984;[ 2, 2, 2, 5 ];{}
985;[ 2, 2, 2, 4 ];{}
985;[ 2, 2, 2, 5 ];{}
986;[ 2, 2, 2, 4 ];{}
986;[ 2, 2, 2, 5 ];{}
987;[ 2, 2, 2, 4 ];{}
987;[ 2, 2, 2, 5 ];{}
988;[ 2, 2, 2, 4 ];{}
988;[ 2, 2, 2, 5 ];{}
989;[ 2, 2, 2, 4 ];{}
989;[ 2, 2, 2, 5 ];{}
99;[ 2, 4, 8 ];{}
990;[ 2, 2, 2, 4 ];{}
990;[ 2, 2, 2, 5 ];{}
991;[ 2, 2, 2, 4 ];{}
991;[ 2, 2, 2, 5 ];{}
992;[ 2, 2, 2, 4 ];{}
992;[ 2, 2, 2, 5 ];{}
