100;[ 2, 3, 12 ];{}
100;[ 2, 3, 18 ];{}
100;[ 2, 3, 9 ];{}
100;[ 3, 3, 4 ];{}
101;[ 2, 3, 12 ];{}
101;[ 2, 3, 18 ];{}
101;[ 2, 3, 9 ];{}
101;[ 3, 3, 4 ];{}
102;[ 2, 3, 12 ];{}
102;[ 2, 3, 18 ];{}
102;[ 2, 3, 9 ];{}
102;[ 3, 3, 4 ];{}
104;[ 2, 3, 12 ];{}
104;[ 2, 3, 18 ];{}
104;[ 2, 3, 9 ];{}
104;[ 3, 3, 4 ];{}
109;[ 2, 3, 12 ];{}
109;[ 2, 3, 18 ];{}
113;[ 2, 3, 12 ];{}
113;[ 2, 3, 18 ];{}
117;[ 2, 3, 12 ];{}
117;[ 2, 3, 18 ];{}
120;[ 2, 3, 12 ];{}
120;[ 2, 3, 18 ];{}
123;[ 2, 3, 12 ];{}
123;[ 2, 3, 18 ];{}
125;[ 2, 3, 12 ];{}
125;[ 2, 3, 18 ];{}
126;[ 2, 3, 12 ];{}
126;[ 2, 3, 18 ];{}
127;[ 2, 3, 12 ];{}
127;[ 2, 3, 18 ];{}
129;[ 2, 3, 12 ];{}
129;[ 2, 3, 18 ];{}
131;[ 2, 3, 12 ];{}
131;[ 2, 3, 18 ];{}
132;[ 2, 3, 12 ];{}
132;[ 2, 3, 18 ];{}
133;[ 2, 3, 12 ];{}
133;[ 2, 3, 18 ];{}
135;[ 2, 3, 12 ];{}
135;[ 2, 3, 18 ];{}
137;[ 2, 3, 12 ];{}
137;[ 2, 3, 18 ];{}
138;[ 2, 3, 12 ];{}
138;[ 2, 3, 18 ];{}
139;[ 2, 3, 12 ];{}
139;[ 2, 3, 18 ];{}
141;[ 2, 3, 12 ];{}
141;[ 2, 3, 18 ];{}
143;[ 2, 3, 12 ];{}
143;[ 2, 3, 18 ];{}
149;[ 2, 3, 12 ];{}
149;[ 2, 3, 18 ];{}
154;[ 2, 3, 12 ];{}
154;[ 2, 3, 18 ];{}
157;[ 2, 3, 12 ];{}
157;[ 2, 3, 18 ];{}
160;[ 2, 3, 12 ];{}
160;[ 2, 3, 18 ];{}
161;[ 2, 3, 12 ];{}
161;[ 2, 3, 18 ];{}
164;[ 2, 3, 12 ];{}
164;[ 2, 3, 18 ];{}
165;[ 2, 3, 12 ];{}
165;[ 2, 3, 18 ];{}
168;[ 2, 3, 12 ];{}
168;[ 2, 3, 18 ];{}
169;[ 2, 3, 12 ];{}
169;[ 2, 3, 18 ];{}
170;[ 2, 2, 2, 3 ];{}
170;[ 2, 2, 2, 4 ];{}
170;[ 2, 3, 12 ];{}
170;[ 2, 3, 18 ];{}
170;[ 2, 4, 18 ];{}
170;[ 2, 4, 6 ];{}
172;[ 2, 2, 2, 3 ];{}
172;[ 2, 2, 2, 4 ];{}
172;[ 2, 3, 12 ];{}
172;[ 2, 3, 18 ];{}
172;[ 2, 4, 18 ];{}
172;[ 2, 4, 6 ];{}
173;[ 2, 2, 2, 3 ];{}
173;[ 2, 2, 2, 4 ];{}
173;[ 2, 3, 12 ];{}
173;[ 2, 3, 18 ];{}
173;[ 2, 4, 18 ];{}
173;[ 2, 4, 6 ];{}
175;[ 2, 2, 2, 3 ];{}
175;[ 2, 2, 2, 4 ];{}
175;[ 2, 3, 12 ];{}
175;[ 2, 3, 18 ];{}
175;[ 2, 4, 18 ];{}
175;[ 2, 4, 6 ];{}
176;[ 2, 2, 2, 3 ];{}
176;[ 2, 2, 2, 4 ];{}
176;[ 2, 3, 12 ];{}
176;[ 2, 3, 18 ];{}
176;[ 2, 4, 18 ];{}
176;[ 2, 4, 6 ];{}
178;[ 2, 2, 2, 3 ];{}
178;[ 2, 2, 2, 4 ];{}
178;[ 2, 3, 12 ];{}
178;[ 2, 3, 18 ];{}
178;[ 2, 4, 18 ];{}
178;[ 2, 4, 6 ];{}
179;[ 2, 2, 2, 3 ];{}
179;[ 2, 2, 2, 4 ];{}
179;[ 2, 3, 12 ];{}
179;[ 2, 3, 18 ];{}
179;[ 2, 4, 18 ];{}
179;[ 2, 4, 6 ];{}
181;[ 2, 2, 2, 3 ];{}
181;[ 2, 2, 2, 4 ];{}
181;[ 2, 3, 12 ];{}
181;[ 2, 3, 18 ];{}
181;[ 2, 4, 18 ];{}
181;[ 2, 4, 6 ];{}
182;[ 2, 2, 2, 3 ];{}
182;[ 2, 2, 2, 4 ];{}
182;[ 2, 3, 12 ];{}
182;[ 2, 3, 18 ];{}
182;[ 2, 4, 18 ];{}
182;[ 2, 4, 6 ];{}
184;[ 2, 2, 2, 3 ];{}
184;[ 2, 2, 2, 4 ];{}
184;[ 2, 3, 12 ];{}
184;[ 2, 3, 18 ];{}
184;[ 2, 4, 18 ];{}
184;[ 2, 4, 6 ];{}
185;[ 2, 2, 2, 3 ];{}
185;[ 2, 2, 2, 4 ];{}
185;[ 2, 3, 12 ];{}
185;[ 2, 3, 18 ];{}
185;[ 2, 4, 18 ];{}
185;[ 2, 4, 6 ];{}
187;[ 2, 2, 2, 3 ];{}
187;[ 2, 2, 2, 4 ];{}
187;[ 2, 3, 12 ];{}
187;[ 2, 3, 18 ];{}
187;[ 2, 4, 18 ];{}
187;[ 2, 4, 6 ];{}
188;[ 2, 2, 2, 3 ];{}
188;[ 2, 2, 2, 4 ];{}
188;[ 2, 3, 12 ];{}
188;[ 2, 3, 18 ];{}
188;[ 2, 4, 18 ];{}
188;[ 2, 4, 6 ];{}
190;[ 2, 2, 2, 3 ];{}
190;[ 2, 2, 2, 4 ];{}
190;[ 2, 3, 12 ];{}
190;[ 2, 3, 18 ];{}
190;[ 2, 4, 18 ];{}
190;[ 2, 4, 6 ];{}
192;[ 2, 2, 2, 3 ];{}
192;[ 2, 2, 2, 4 ];{}
192;[ 2, 3, 18 ];{}
192;[ 2, 4, 18 ];{}
192;[ 2, 4, 6 ];{}
194;[ 2, 2, 2, 3 ];{}
194;[ 2, 2, 2, 4 ];{}
194;[ 2, 3, 12 ];{}
194;[ 2, 3, 18 ];{}
194;[ 2, 4, 18 ];{}
194;[ 2, 4, 6 ];{}
196;[ 2, 2, 2, 3 ];{}
196;[ 2, 2, 2, 4 ];{}
196;[ 2, 3, 18 ];{}
196;[ 2, 4, 18 ];{}
196;[ 2, 4, 6 ];{}
198;[ 2, 2, 2, 3 ];{}
198;[ 2, 2, 2, 4 ];{}
198;[ 2, 3, 12 ];{}
198;[ 2, 3, 18 ];{}
198;[ 2, 4, 18 ];{}
198;[ 2, 4, 6 ];{}
200;[ 2, 2, 2, 3 ];{}
200;[ 2, 2, 2, 4 ];{}
200;[ 2, 3, 12 ];{}
200;[ 2, 3, 18 ];{}
200;[ 2, 4, 18 ];{}
200;[ 2, 4, 6 ];{}
202;[ 2, 2, 2, 3 ];{}
202;[ 2, 2, 2, 4 ];{}
202;[ 2, 3, 12 ];{}
202;[ 2, 3, 18 ];{}
202;[ 2, 4, 18 ];{}
202;[ 2, 4, 6 ];{}
204;[ 2, 2, 2, 3 ];{}
204;[ 2, 2, 2, 4 ];{}
204;[ 2, 3, 12 ];{}
204;[ 2, 3, 18 ];{}
204;[ 2, 4, 18 ];{}
204;[ 2, 4, 6 ];{}
219;[ 2, 3, 12 ];{}
219;[ 2, 3, 18 ];{}
220;[ 2, 3, 12 ];{}
220;[ 2, 3, 18 ];{}
221;[ 2, 3, 12 ];{}
221;[ 2, 3, 18 ];{}
222;[ 2, 3, 12 ];{}
222;[ 2, 3, 18 ];{}
228;[ 2, 3, 12 ];{}
228;[ 2, 3, 18 ];{}
229;[ 2, 3, 12 ];{}
229;[ 2, 3, 18 ];{}
230;[ 2, 3, 12 ];{}
230;[ 2, 3, 18 ];{}
231;[ 2, 3, 12 ];{}
231;[ 2, 3, 18 ];{}
252;[ 2, 2, 2, 3 ];{}
252;[ 2, 2, 2, 4 ];{[ $.1 * $.6^2, $.2 * $.3 * $.6 * $.7, $.3 * $.4 * $.5^2 * $.6 * $.7^2, $.1 * $.2 * $.3 * $.4^2 * $.5^2 * $.6 * $.7^2 ]}
252;[ 2, 3, 18 ];{}
252;[ 2, 4, 18 ];{[ $.2 * $.3 * $.4^2 * $.5 * $.7, $.1 * $.4, $.1 * $.2 * $.3 * $.4 * $.5 ]}
252;[ 2, 4, 6 ];{}
253;[ 2, 2, 2, 3 ];{}
253;[ 2, 2, 2, 4 ];{}
255;[ 2, 3, 12 ];{}
255;[ 2, 3, 18 ];{}
256;[ 2, 3, 12 ];{}
256;[ 2, 3, 18 ];{}
259;[ 2, 3, 12 ];{}
259;[ 2, 3, 18 ];{}
260;[ 2, 3, 12 ];{}
260;[ 2, 3, 18 ];{}
262;[ 2, 3, 12 ];{[ $.1 * $.2^2 * $.4 * $.6, $.1 * $.3 * $.4^2 * $.5^2 * $.7, $.2 * $.3^2 * $.4 * $.5 * $.6 * $.7 ]}
263;[ 2, 3, 12 ];{}
264;[ 2, 3, 12 ];{}
265;[ 2, 3, 12 ];{}
266;[ 2, 3, 12 ];{}
267;[ 2, 2, 2, 3 ];{}
267;[ 2, 2, 2, 4 ];{[ $.1 * $.4 * $.5 * $.6, $.1 * $.2 * $.4, $.1 * $.3^2 * $.4^2 * $.5^2 * $.6 * $.7, $.1 * $.2^2 * $.3^2 * $.4^2 ]}
267;[ 2, 3, 18 ];{}
267;[ 2, 4, 18 ];{}
267;[ 2, 4, 6 ];{}
268;[ 2, 2, 2, 3 ];{}
268;[ 2, 2, 2, 4 ];{[ $.1 * $.3^2 * $.5^2 * $.6, $.1 * $.2 * $.4^2 * $.5 * $.7, $.1 * $.2 * $.3 * $.4^2 * $.5^2, $.1 * $.6 * $.7 ]}
268;[ 2, 3, 18 ];{}
268;[ 2, 4, 18 ];{}
268;[ 2, 4, 6 ];{}
269;[ 2, 2, 2, 3 ];{}
269;[ 2, 2, 2, 4 ];{}
269;[ 2, 3, 12 ];{}
269;[ 2, 3, 18 ];{}
269;[ 2, 4, 18 ];{}
269;[ 2, 4, 6 ];{}
270;[ 2, 2, 2, 3 ];{}
270;[ 2, 2, 2, 4 ];{}
270;[ 2, 3, 12 ];{}
270;[ 2, 3, 18 ];{}
270;[ 2, 4, 18 ];{}
270;[ 2, 4, 6 ];{}
271;[ 2, 2, 2, 3 ];{}
271;[ 2, 2, 2, 4 ];{}
271;[ 2, 3, 12 ];{}
271;[ 2, 3, 18 ];{}
271;[ 2, 4, 18 ];{}
271;[ 2, 4, 6 ];{}
272;[ 2, 2, 2, 3 ];{}
272;[ 2, 2, 2, 4 ];{[ $.1 * $.3 * $.4 * $.7, $.1 * $.2^2 * $.4 * $.5^2 * $.6, $.1 * $.2^2 * $.3^2 * $.4^2 * $.5^2, $.1 * $.4^2 * $.5^2 * $.6 * $.7 ]}
272;[ 2, 3, 18 ];{}
272;[ 2, 4, 18 ];{}
272;[ 2, 4, 6 ];{}
273;[ 2, 2, 2, 3 ];{}
273;[ 2, 2, 2, 4 ];{}
273;[ 2, 3, 12 ];{}
273;[ 2, 3, 18 ];{}
273;[ 2, 4, 18 ];{}
273;[ 2, 4, 6 ];{}
274;[ 2, 2, 2, 3 ];{}
274;[ 2, 2, 2, 4 ];{}
274;[ 2, 3, 12 ];{}
274;[ 2, 4, 6 ];{}
275;[ 2, 2, 2, 3 ];{}
275;[ 2, 2, 2, 4 ];{}
275;[ 2, 3, 12 ];{}
275;[ 2, 4, 6 ];{}
276;[ 2, 2, 2, 3 ];{}
276;[ 2, 2, 2, 4 ];{}
276;[ 2, 3, 12 ];{}
276;[ 2, 4, 6 ];{}
277;[ 2, 2, 2, 3 ];{}
277;[ 2, 2, 2, 4 ];{}
277;[ 2, 3, 12 ];{}
277;[ 2, 3, 18 ];{}
277;[ 2, 4, 18 ];{}
277;[ 2, 4, 6 ];{}
278;[ 2, 2, 2, 3 ];{}
278;[ 2, 2, 2, 4 ];{}
278;[ 2, 3, 12 ];{}
278;[ 2, 3, 18 ];{}
278;[ 2, 4, 18 ];{}
278;[ 2, 4, 6 ];{}
279;[ 2, 2, 2, 3 ];{}
279;[ 2, 2, 2, 4 ];{}
279;[ 2, 3, 12 ];{}
279;[ 2, 3, 18 ];{}
279;[ 2, 4, 18 ];{}
279;[ 2, 4, 6 ];{}
280;[ 2, 2, 2, 3 ];{}
280;[ 2, 2, 2, 4 ];{}
280;[ 2, 3, 12 ];{}
280;[ 2, 4, 6 ];{}
281;[ 2, 2, 2, 3 ];{}
281;[ 2, 2, 2, 4 ];{}
281;[ 2, 3, 12 ];{}
281;[ 2, 4, 6 ];{}
282;[ 2, 3, 18 ];{}
283;[ 2, 3, 18 ];{}
287;[ 2, 3, 18 ];{}
288;[ 2, 3, 18 ];{}
289;[ 2, 3, 18 ];{}
290;[ 2, 3, 18 ];{[ $.1 * $.4 * $.5^2, $.1 * $.2^2 * $.4 * $.6^2 * $.7, $.2 * $.3 * $.4 * $.5^2 * $.6 ]}
291;[ 2, 3, 18 ];{}
296;[ 2, 2, 2, 3 ];{}
297;[ 2, 2, 2, 3 ];{}
298;[ 2, 2, 2, 3 ];{}
299;[ 2, 2, 2, 3 ];{}
300;[ 2, 2, 2, 3 ];{}
301;[ 2, 2, 2, 3 ];{}
309;[ 2, 3, 18 ];{}
310;[ 2, 3, 18 ];{}
311;[ 2, 3, 18 ];{}
313;[ 2, 3, 18 ];{}
314;[ 2, 3, 18 ];{}
315;[ 2, 3, 18 ];{}
316;[ 2, 3, 18 ];{}
317;[ 2, 3, 18 ];{}
318;[ 2, 3, 18 ];{}
320;[ 2, 3, 18 ];{}
334;[ 2, 2, 2, 3 ];{}
335;[ 2, 2, 2, 3 ];{}
336;[ 2, 2, 2, 3 ];{}
337;[ 2, 2, 2, 3 ];{}
338;[ 2, 2, 2, 3 ];{}
339;[ 2, 2, 2, 3 ];{}
340;[ 2, 2, 2, 3 ];{}
355;[ 2, 3, 12 ];{}
355;[ 2, 3, 18 ];{}
358;[ 2, 3, 12 ];{}
358;[ 2, 3, 18 ];{}
360;[ 2, 3, 12 ];{}
360;[ 2, 3, 18 ];{}
361;[ 2, 3, 12 ];{}
361;[ 2, 3, 18 ];{}
367;[ 2, 3, 12 ];{}
368;[ 2, 3, 12 ];{}
372;[ 2, 3, 12 ];{}
373;[ 2, 3, 12 ];{}
376;[ 2, 3, 12 ];{}
377;[ 2, 3, 12 ];{}
378;[ 2, 3, 12 ];{}
379;[ 2, 3, 12 ];{}
379;[ 2, 3, 18 ];{}
382;[ 2, 3, 12 ];{}
382;[ 2, 3, 18 ];{}
384;[ 2, 3, 12 ];{}
384;[ 2, 3, 18 ];{}
385;[ 2, 3, 12 ];{}
385;[ 2, 3, 18 ];{}
386;[ 2, 2, 2, 3 ];{}
386;[ 2, 2, 2, 4 ];{}
386;[ 2, 3, 12 ];{}
386;[ 2, 3, 18 ];{}
386;[ 2, 4, 18 ];{}
386;[ 2, 4, 6 ];{}
387;[ 2, 2, 2, 3 ];{}
387;[ 2, 2, 2, 4 ];{}
387;[ 2, 3, 12 ];{}
387;[ 2, 3, 18 ];{}
387;[ 2, 4, 18 ];{}
387;[ 2, 4, 6 ];{}
392;[ 2, 2, 2, 3 ];{}
392;[ 2, 2, 2, 4 ];{}
392;[ 2, 3, 12 ];{}
392;[ 2, 3, 18 ];{}
392;[ 2, 4, 18 ];{}
392;[ 2, 4, 6 ];{}
393;[ 2, 2, 2, 3 ];{}
393;[ 2, 2, 2, 4 ];{}
393;[ 2, 3, 12 ];{}
393;[ 2, 3, 18 ];{}
393;[ 2, 4, 18 ];{}
393;[ 2, 4, 6 ];{}
396;[ 2, 2, 2, 3 ];{}
396;[ 2, 2, 2, 4 ];{}
396;[ 2, 3, 18 ];{}
396;[ 2, 4, 18 ];{}
396;[ 2, 4, 6 ];{}
397;[ 2, 2, 2, 3 ];{}
397;[ 2, 2, 2, 4 ];{}
397;[ 2, 3, 12 ];{}
397;[ 2, 3, 18 ];{}
397;[ 2, 4, 18 ];{}
397;[ 2, 4, 6 ];{}
398;[ 2, 2, 2, 3 ];{}
398;[ 2, 2, 2, 4 ];{}
398;[ 2, 3, 18 ];{}
398;[ 2, 4, 18 ];{}
398;[ 2, 4, 6 ];{}
399;[ 2, 2, 2, 3 ];{}
399;[ 2, 2, 2, 4 ];{}
399;[ 2, 3, 12 ];{}
399;[ 2, 3, 18 ];{}
399;[ 2, 4, 18 ];{}
399;[ 2, 4, 6 ];{}
4;[ 2, 2, 2, 4 ];{}
400;[ 2, 2, 2, 3 ];{}
400;[ 2, 2, 2, 4 ];{}
400;[ 2, 3, 12 ];{}
400;[ 2, 4, 6 ];{}
403;[ 2, 2, 2, 3 ];{}
403;[ 2, 2, 2, 4 ];{}
403;[ 2, 3, 12 ];{}
403;[ 2, 4, 6 ];{}
405;[ 2, 2, 2, 3 ];{}
405;[ 2, 2, 2, 4 ];{}
405;[ 2, 3, 12 ];{}
405;[ 2, 4, 6 ];{}
406;[ 2, 2, 2, 3 ];{}
406;[ 2, 2, 2, 4 ];{}
406;[ 2, 3, 12 ];{}
406;[ 2, 4, 6 ];{}
41;[ 2, 2, 2, 3 ];{}
41;[ 2, 2, 2, 4 ];{[ $.1 * $.3 * $.4^2 * $.7, $.1 * $.2 * $.4^2 * $.7, $.1 * $.4^2 * $.5^2, $.1 * $.2^2 * $.4^2 * $.5^2 ]}
41;[ 2, 3, 18 ];{}
41;[ 2, 4, 18 ];{}
41;[ 2, 4, 6 ];{}
410;[ 2, 2, 2, 3 ];{}
410;[ 2, 2, 2, 4 ];{}
410;[ 2, 3, 12 ];{}
410;[ 2, 4, 6 ];{}
411;[ 2, 2, 2, 3 ];{}
411;[ 2, 2, 2, 4 ];{}
411;[ 2, 3, 12 ];{}
411;[ 2, 4, 6 ];{}
412;[ 2, 2, 2, 3 ];{}
412;[ 2, 2, 2, 4 ];{}
412;[ 2, 3, 12 ];{}
412;[ 2, 4, 6 ];{}
413;[ 2, 2, 2, 3 ];{}
413;[ 2, 2, 2, 4 ];{}
413;[ 2, 3, 12 ];{}
413;[ 2, 4, 6 ];{}
414;[ 2, 2, 2, 3 ];{}
414;[ 2, 2, 2, 4 ];{}
414;[ 2, 3, 12 ];{}
414;[ 2, 3, 18 ];{}
414;[ 2, 4, 18 ];{}
414;[ 2, 4, 6 ];{}
416;[ 2, 2, 2, 3 ];{}
416;[ 2, 2, 2, 4 ];{}
416;[ 2, 3, 12 ];{}
416;[ 2, 3, 18 ];{}
416;[ 2, 4, 18 ];{}
416;[ 2, 4, 6 ];{}
418;[ 2, 2, 2, 3 ];{}
418;[ 2, 2, 2, 4 ];{}
418;[ 2, 3, 12 ];{}
418;[ 2, 3, 18 ];{}
418;[ 2, 4, 18 ];{}
418;[ 2, 4, 6 ];{}
419;[ 2, 2, 2, 3 ];{}
419;[ 2, 2, 2, 4 ];{}
419;[ 2, 3, 12 ];{}
419;[ 2, 4, 6 ];{}
421;[ 2, 2, 2, 3 ];{}
421;[ 2, 2, 2, 4 ];{}
421;[ 2, 3, 12 ];{}
421;[ 2, 4, 6 ];{}
423;[ 2, 2, 2, 3 ];{}
423;[ 2, 2, 2, 4 ];{}
423;[ 2, 3, 12 ];{}
423;[ 2, 4, 6 ];{}
424;[ 2, 2, 2, 3 ];{}
424;[ 2, 2, 2, 4 ];{}
424;[ 2, 3, 12 ];{}
424;[ 2, 3, 18 ];{}
424;[ 2, 4, 18 ];{}
424;[ 2, 4, 6 ];{}
426;[ 2, 2, 2, 3 ];{}
426;[ 2, 2, 2, 4 ];{}
426;[ 2, 3, 12 ];{}
426;[ 2, 3, 18 ];{}
426;[ 2, 4, 18 ];{}
426;[ 2, 4, 6 ];{}
428;[ 2, 2, 2, 3 ];{}
428;[ 2, 2, 2, 4 ];{}
428;[ 2, 3, 12 ];{}
428;[ 2, 3, 18 ];{}
428;[ 2, 4, 18 ];{}
428;[ 2, 4, 6 ];{}
43;[ 2, 2, 2, 3 ];{}
439;[ 2, 3, 12 ];{}
439;[ 2, 3, 18 ];{}
442;[ 2, 3, 12 ];{}
442;[ 2, 3, 18 ];{}
445;[ 2, 3, 12 ];{}
446;[ 2, 3, 12 ];{}
448;[ 2, 3, 12 ];{}
450;[ 2, 3, 12 ];{}
451;[ 2, 3, 12 ];{}
451;[ 2, 3, 18 ];{}
452;[ 2, 3, 12 ];{}
452;[ 2, 3, 18 ];{}
454;[ 2, 3, 12 ];{}
454;[ 2, 3, 18 ];{}
456;[ 2, 3, 12 ];{}
456;[ 2, 3, 18 ];{}
459;[ 2, 3, 12 ];{}
459;[ 2, 3, 18 ];{}
463;[ 2, 3, 12 ];{}
464;[ 2, 3, 12 ];{}
467;[ 2, 3, 12 ];{}
467;[ 2, 3, 18 ];{}
468;[ 2, 3, 12 ];{}
468;[ 2, 3, 18 ];{}
469;[ 2, 3, 12 ];{}
469;[ 2, 3, 18 ];{}
472;[ 2, 3, 12 ];{}
472;[ 2, 3, 18 ];{}
475;[ 2, 3, 12 ];{}
476;[ 2, 3, 12 ];{}
478;[ 2, 3, 12 ];{}
48;[ 2, 2, 2, 3 ];{}
48;[ 2, 2, 2, 4 ];{}
48;[ 2, 3, 18 ];{}
48;[ 2, 4, 18 ];{}
48;[ 2, 4, 6 ];{}
480;[ 2, 3, 12 ];{}
481;[ 2, 3, 12 ];{}
481;[ 2, 3, 18 ];{}
483;[ 2, 3, 12 ];{}
483;[ 2, 3, 18 ];{}
484;[ 2, 3, 12 ];{}
484;[ 2, 3, 18 ];{}
485;[ 2, 3, 12 ];{}
485;[ 2, 3, 18 ];{}
487;[ 2, 3, 12 ];{}
487;[ 2, 3, 18 ];{}
489;[ 2, 3, 12 ];{}
489;[ 2, 3, 18 ];{}
49;[ 2, 2, 2, 3 ];{}
49;[ 2, 2, 2, 4 ];{}
49;[ 2, 3, 12 ];{}
49;[ 2, 3, 18 ];{}
49;[ 2, 4, 18 ];{}
49;[ 2, 4, 6 ];{}
492;[ 2, 3, 12 ];{}
492;[ 2, 3, 18 ];{}
496;[ 2, 3, 12 ];{}
497;[ 2, 3, 12 ];{}
499;[ 2, 3, 12 ];{}
499;[ 2, 3, 18 ];{}
50;[ 2, 2, 2, 3 ];{}
50;[ 2, 2, 2, 4 ];{}
50;[ 2, 3, 12 ];{}
50;[ 2, 3, 18 ];{}
50;[ 2, 4, 18 ];{}
50;[ 2, 4, 6 ];{}
502;[ 2, 3, 12 ];{}
502;[ 2, 3, 18 ];{}
503;[ 2, 3, 12 ];{}
503;[ 2, 3, 18 ];{}
504;[ 2, 2, 2, 3 ];{}
504;[ 2, 2, 2, 4 ];{}
504;[ 2, 3, 12 ];{}
504;[ 2, 3, 18 ];{}
504;[ 2, 4, 18 ];{}
504;[ 2, 4, 6 ];{}
506;[ 2, 2, 2, 3 ];{}
506;[ 2, 2, 2, 4 ];{}
506;[ 2, 3, 12 ];{}
506;[ 2, 3, 18 ];{}
506;[ 2, 4, 18 ];{}
506;[ 2, 4, 6 ];{}
507;[ 2, 2, 2, 3 ];{}
507;[ 2, 2, 2, 4 ];{}
507;[ 2, 3, 12 ];{}
507;[ 2, 4, 6 ];{}
509;[ 2, 2, 2, 3 ];{}
509;[ 2, 2, 2, 4 ];{}
509;[ 2, 3, 12 ];{}
509;[ 2, 4, 6 ];{}
511;[ 2, 2, 2, 3 ];{}
511;[ 2, 2, 2, 4 ];{}
511;[ 2, 3, 18 ];{}
511;[ 2, 4, 18 ];{}
511;[ 2, 4, 6 ];{}
513;[ 2, 2, 2, 3 ];{}
513;[ 2, 2, 2, 4 ];{}
513;[ 2, 3, 12 ];{}
513;[ 2, 4, 6 ];{}
531;[ 2, 3, 12 ];{}
531;[ 2, 3, 18 ];{}
531;[ 2, 3, 9 ];{}
531;[ 3, 3, 4 ];{}
532;[ 2, 3, 12 ];{}
532;[ 2, 3, 18 ];{}
532;[ 2, 3, 9 ];{}
532;[ 3, 3, 4 ];{[ $.1 * $.2 * $.4 * $.6 * $.7, $.2 * $.3 * $.4 * $.5, $.1^2 * $.2 * $.5 * $.6 * $.7^2 ]:[ $.1 * $.2 * $.3 * $.5 * $.6^2 * $.7^2, $.3 * $.6^2 * $.7, $.1^2 * $.2 * $.3 * $.4 * $.6 * $.7^2 ]}
533;[ 2, 3, 12 ];{}
533;[ 2, 3, 9 ];{}
533;[ 3, 3, 4 ];{}
54;[ 2, 2, 2, 3 ];{}
54;[ 2, 2, 2, 4 ];{}
54;[ 2, 3, 12 ];{}
54;[ 2, 3, 18 ];{}
54;[ 2, 4, 18 ];{}
54;[ 2, 4, 6 ];{}
543;[ 2, 3, 12 ];{}
544;[ 2, 2, 2, 3 ];{}
544;[ 2, 2, 2, 4 ];{}
544;[ 2, 3, 18 ];{}
544;[ 2, 4, 18 ];{[ $.1 * $.3 * $.4 * $.5 * $.6 * $.7^2, $.2 * $.4 * $.6^2 * $.7^2, $.1 * $.2 * $.7^2 ]}
544;[ 2, 4, 6 ];{}
545;[ 2, 2, 2, 3 ];{}
545;[ 2, 2, 2, 4 ];{}
545;[ 2, 3, 12 ];{}
545;[ 2, 4, 6 ];{[ $.1 * $.3 * $.6, $.2 * $.3 * $.4^2 * $.6 * $.7^2, $.1 * $.2 * $.3 * $.4^2 * $.5^2 * $.6^2 * $.7 ]}
546;[ 2, 2, 2, 3 ];{}
546;[ 2, 2, 2, 4 ];{}
546;[ 2, 3, 12 ];{}
546;[ 2, 3, 18 ];{}
546;[ 2, 4, 18 ];{}
546;[ 2, 4, 6 ];{}
547;[ 2, 2, 2, 3 ];{}
547;[ 2, 2, 2, 4 ];{}
547;[ 2, 3, 12 ];{}
547;[ 2, 4, 6 ];{}
548;[ 2, 2, 2, 3 ];{}
548;[ 2, 2, 2, 4 ];{}
548;[ 2, 3, 12 ];{}
548;[ 2, 3, 18 ];{}
548;[ 2, 4, 18 ];{}
548;[ 2, 4, 6 ];{}
55;[ 2, 2, 2, 3 ];{}
55;[ 2, 2, 2, 4 ];{}
55;[ 2, 3, 12 ];{}
55;[ 2, 3, 18 ];{}
55;[ 2, 4, 18 ];{}
55;[ 2, 4, 6 ];{}
550;[ 2, 3, 12 ];{}
551;[ 2, 3, 12 ];{}
551;[ 2, 3, 18 ];{}
552;[ 2, 2, 2, 3 ];{}
552;[ 2, 2, 2, 4 ];{}
552;[ 2, 3, 12 ];{}
552;[ 2, 3, 18 ];{}
552;[ 2, 4, 18 ];{}
552;[ 2, 4, 6 ];{}
553;[ 2, 2, 2, 3 ];{}
553;[ 2, 2, 2, 4 ];{}
553;[ 2, 3, 12 ];{}
553;[ 2, 4, 6 ];{}
554;[ 2, 2, 2, 3 ];{}
555;[ 2, 2, 2, 3 ];{}
557;[ 2, 3, 12 ];{}
558;[ 2, 3, 12 ];{}
558;[ 2, 3, 18 ];{}
559;[ 2, 3, 12 ];{}
56;[ 2, 2, 2, 3 ];{}
56;[ 2, 2, 2, 4 ];{}
56;[ 2, 3, 12 ];{}
56;[ 2, 3, 18 ];{}
56;[ 2, 4, 18 ];{}
56;[ 2, 4, 6 ];{}
560;[ 2, 3, 12 ];{}
561;[ 2, 3, 12 ];{}
563;[ 2, 3, 12 ];{}
563;[ 2, 3, 18 ];{}
564;[ 2, 3, 12 ];{}
564;[ 2, 3, 18 ];{}
565;[ 2, 3, 12 ];{}
565;[ 2, 3, 18 ];{}
566;[ 2, 3, 12 ];{}
567;[ 2, 3, 12 ];{}
568;[ 2, 3, 12 ];{}
568;[ 2, 3, 18 ];{}
569;[ 2, 3, 12 ];{}
569;[ 2, 3, 18 ];{}
57;[ 2, 2, 2, 3 ];{}
57;[ 2, 2, 2, 4 ];{}
57;[ 2, 3, 12 ];{}
57;[ 2, 3, 18 ];{}
57;[ 2, 4, 18 ];{}
57;[ 2, 4, 6 ];{}
570;[ 2, 3, 12 ];{}
571;[ 2, 3, 12 ];{}
572;[ 2, 3, 12 ];{}
573;[ 2, 3, 12 ];{}
574;[ 2, 2, 2, 3 ];{}
574;[ 2, 2, 2, 4 ];{}
574;[ 2, 3, 18 ];{}
574;[ 2, 4, 18 ];{}
574;[ 2, 4, 6 ];{}
575;[ 2, 2, 2, 3 ];{}
575;[ 2, 2, 2, 4 ];{}
575;[ 2, 3, 12 ];{}
575;[ 2, 4, 6 ];{}
576;[ 2, 2, 2, 3 ];{}
576;[ 2, 2, 2, 4 ];{}
576;[ 2, 4, 6 ];{}
577;[ 2, 2, 2, 3 ];{}
577;[ 2, 2, 2, 4 ];{}
577;[ 2, 3, 12 ];{}
577;[ 2, 4, 6 ];{}
578;[ 2, 3, 18 ];{}
579;[ 2, 3, 18 ];{}
58;[ 2, 2, 2, 3 ];{}
58;[ 2, 2, 2, 4 ];{}
58;[ 2, 3, 12 ];{}
58;[ 2, 3, 18 ];{}
58;[ 2, 4, 18 ];{}
58;[ 2, 4, 6 ];{}
581;[ 2, 3, 18 ];{}
583;[ 2, 3, 18 ];{}
585;[ 2, 3, 18 ];{}
588;[ 2, 3, 18 ];{}
589;[ 2, 3, 18 ];{}
590;[ 2, 3, 18 ];{}
591;[ 2, 3, 18 ];{}
6;[ 2, 2, 2, 4 ];{}
605;[ 2, 2, 2, 3 ];{}
606;[ 2, 2, 2, 3 ];{}
607;[ 2, 2, 2, 3 ];{}
608;[ 2, 2, 2, 3 ];{}
609;[ 2, 2, 2, 3 ];{}
61;[ 2, 2, 2, 3 ];{}
61;[ 2, 2, 2, 4 ];{}
61;[ 2, 3, 12 ];{}
61;[ 2, 3, 18 ];{}
61;[ 2, 4, 18 ];{}
61;[ 2, 4, 6 ];{}
610;[ 2, 2, 2, 3 ];{}
611;[ 2, 2, 2, 3 ];{}
63;[ 2, 2, 2, 3 ];{}
63;[ 2, 2, 2, 4 ];{}
63;[ 2, 3, 18 ];{}
63;[ 2, 4, 18 ];{}
63;[ 2, 4, 6 ];{}
635;[ 2, 2, 2, 3 ];{}
636;[ 2, 2, 2, 3 ];{}
64;[ 2, 2, 2, 3 ];{}
64;[ 2, 2, 2, 4 ];{}
64;[ 2, 3, 12 ];{}
64;[ 2, 3, 18 ];{}
64;[ 2, 4, 18 ];{}
64;[ 2, 4, 6 ];{}
641;[ 2, 3, 12 ];{}
641;[ 2, 3, 18 ];{}
641;[ 2, 3, 9 ];{}
641;[ 3, 3, 4 ];{}
648;[ 2, 3, 12 ];{}
649;[ 2, 3, 12 ];{}
650;[ 2, 3, 12 ];{}
654;[ 2, 3, 12 ];{}
655;[ 2, 3, 12 ];{}
656;[ 2, 3, 12 ];{}
657;[ 2, 3, 12 ];{}
659;[ 2, 3, 12 ];{}
660;[ 2, 3, 12 ];{}
664;[ 2, 2, 2, 3 ];{}
664;[ 2, 2, 2, 4 ];{}
664;[ 2, 4, 6 ];{}
665;[ 2, 2, 2, 3 ];{}
665;[ 2, 2, 2, 4 ];{}
665;[ 2, 3, 12 ];{}
665;[ 2, 4, 6 ];{}
666;[ 2, 2, 2, 3 ];{}
666;[ 2, 2, 2, 4 ];{}
666;[ 2, 3, 12 ];{}
666;[ 2, 4, 6 ];{}
667;[ 2, 2, 2, 3 ];{}
667;[ 2, 2, 2, 4 ];{}
667;[ 2, 3, 12 ];{}
667;[ 2, 4, 6 ];{}
670;[ 2, 2, 2, 3 ];{}
670;[ 2, 2, 2, 4 ];{}
670;[ 2, 4, 6 ];{}
671;[ 2, 2, 2, 3 ];{}
671;[ 2, 2, 2, 4 ];{}
671;[ 2, 3, 12 ];{}
671;[ 2, 4, 6 ];{}
672;[ 2, 2, 2, 3 ];{}
672;[ 2, 2, 2, 4 ];{}
672;[ 2, 3, 12 ];{}
672;[ 2, 4, 6 ];{}
675;[ 2, 2, 2, 3 ];{}
675;[ 2, 2, 2, 4 ];{}
675;[ 2, 3, 12 ];{}
675;[ 2, 4, 6 ];{}
676;[ 2, 2, 2, 3 ];{}
676;[ 2, 2, 2, 4 ];{}
676;[ 2, 3, 12 ];{}
676;[ 2, 4, 6 ];{}
677;[ 2, 2, 2, 3 ];{}
677;[ 2, 2, 2, 4 ];{}
677;[ 2, 3, 12 ];{}
677;[ 2, 4, 6 ];{}
68;[ 2, 2, 2, 3 ];{}
68;[ 2, 2, 2, 4 ];{}
68;[ 2, 3, 12 ];{}
68;[ 2, 3, 18 ];{}
68;[ 2, 4, 18 ];{}
68;[ 2, 4, 6 ];{}
684;[ 2, 3, 12 ];{}
686;[ 2, 3, 12 ];{}
688;[ 2, 3, 12 ];{}
689;[ 2, 3, 12 ];{}
69;[ 2, 2, 2, 3 ];{}
69;[ 2, 2, 2, 4 ];{}
69;[ 2, 3, 12 ];{}
69;[ 2, 3, 18 ];{}
69;[ 2, 4, 18 ];{}
69;[ 2, 4, 6 ];{}
691;[ 2, 3, 12 ];{}
693;[ 2, 3, 12 ];{}
694;[ 2, 2, 2, 3 ];{}
694;[ 2, 2, 2, 4 ];{}
694;[ 2, 3, 12 ];{}
694;[ 2, 4, 6 ];{}
696;[ 2, 2, 2, 3 ];{}
696;[ 2, 2, 2, 4 ];{}
696;[ 2, 3, 12 ];{}
696;[ 2, 4, 6 ];{}
698;[ 2, 2, 2, 3 ];{}
698;[ 2, 2, 2, 4 ];{}
698;[ 2, 4, 6 ];{}
70;[ 2, 2, 2, 3 ];{}
70;[ 2, 2, 2, 4 ];{}
70;[ 2, 3, 12 ];{}
70;[ 2, 3, 18 ];{}
70;[ 2, 4, 18 ];{}
70;[ 2, 4, 6 ];{}
702;[ 2, 3, 12 ];{}
702;[ 3, 3, 4 ];{}
703;[ 2, 2, 2, 3 ];{[ $.3 * $.5^2, $.1 * $.2^2 * $.3 * $.4 * $.5, $.1 * $.4 * $.5^2 * $.6 * $.7^2, $.2^2 * $.3 * $.4 * $.6^2 * $.7^2 ]}
703;[ 2, 2, 2, 4 ];{[ $.1 * $.3 * $.5^2 * $.6, $.1 * $.2, $.1 * $.7, $.1 * $.2^2 * $.3 * $.4 * $.5 ]}
703;[ 2, 3, 12 ];{[ $.1 * $.2 * $.4 * $.5 * $.6, $.1 * $.2^2 * $.6^2 * $.7^2, $.2^2 * $.3 * $.4 * $.5 * $.6 * $.7^2 ]}
703;[ 2, 4, 6 ];{}
704;[ 2, 2, 2, 3 ];{}
704;[ 2, 2, 2, 4 ];{}
704;[ 2, 4, 6 ];{}
706;[ 2, 3, 18 ];{[ $.1 * $.3 * $.6^2 * $.7^2, $.2^2 * $.3 * $.4 * $.5 * $.6, $.1 * $.2 * $.3 * $.4 * $.6 ]}
71;[ 2, 2, 2, 3 ];{}
71;[ 2, 2, 2, 4 ];{}
71;[ 2, 3, 12 ];{}
71;[ 2, 3, 18 ];{}
71;[ 2, 4, 18 ];{}
71;[ 2, 4, 6 ];{}
718;[ 2, 3, 12 ];{}
719;[ 2, 3, 12 ];{}
720;[ 2, 3, 12 ];{}
721;[ 2, 2, 2, 3 ];{}
721;[ 2, 2, 2, 4 ];{}
721;[ 2, 4, 6 ];{}
722;[ 2, 2, 2, 3 ];{}
722;[ 2, 2, 2, 4 ];{}
722;[ 2, 4, 6 ];{}
723;[ 2, 2, 2, 3 ];{}
723;[ 2, 2, 2, 4 ];{}
723;[ 2, 3, 12 ];{}
723;[ 2, 4, 6 ];{}
724;[ 2, 2, 2, 3 ];{}
724;[ 2, 2, 2, 4 ];{}
724;[ 2, 3, 12 ];{}
724;[ 2, 4, 6 ];{}
725;[ 2, 2, 2, 3 ];{}
725;[ 2, 2, 2, 4 ];{[ $.1 * $.3 * $.6, $.2 * $.3 * $.4 * $.5 * $.6 * $.7, $.3 * $.4^2 * $.5 * $.6^2, $.1 * $.2 * $.5 * $.7^2 ]}
725;[ 2, 4, 6 ];{}
726;[ 2, 3, 12 ];{}
727;[ 2, 3, 12 ];{}
728;[ 2, 2, 2, 3 ];{}
728;[ 2, 2, 2, 4 ];{}
728;[ 2, 3, 12 ];{}
728;[ 2, 4, 6 ];{}
729;[ 2, 2, 2, 3 ];{}
729;[ 2, 2, 2, 4 ];{}
729;[ 2, 3, 12 ];{}
729;[ 2, 4, 6 ];{}
730;[ 2, 2, 2, 3 ];{}
730;[ 2, 2, 2, 4 ];{}
732;[ 2, 2, 2, 3 ];{}
733;[ 2, 2, 2, 3 ];{}
734;[ 2, 2, 2, 3 ];{}
736;[ 2, 3, 12 ];{}
737;[ 2, 3, 12 ];{}
738;[ 2, 2, 2, 3 ];{}
738;[ 2, 2, 2, 4 ];{}
738;[ 2, 4, 6 ];{}
749;[ 2, 2, 2, 3 ];{}
75;[ 2, 2, 2, 3 ];{}
75;[ 2, 2, 2, 4 ];{}
75;[ 2, 3, 12 ];{}
75;[ 2, 3, 18 ];{}
75;[ 2, 4, 18 ];{}
75;[ 2, 4, 6 ];{}
750;[ 2, 2, 2, 3 ];{}
751;[ 2, 2, 2, 3 ];{}
756;[ 2, 2, 2, 3 ];{}
76;[ 2, 2, 2, 3 ];{}
76;[ 2, 2, 2, 4 ];{}
76;[ 2, 3, 12 ];{}
76;[ 2, 3, 18 ];{}
76;[ 2, 4, 18 ];{}
76;[ 2, 4, 6 ];{}
77;[ 2, 2, 2, 3 ];{}
77;[ 2, 2, 2, 4 ];{}
77;[ 2, 3, 12 ];{}
77;[ 2, 3, 18 ];{}
77;[ 2, 4, 18 ];{}
77;[ 2, 4, 6 ];{}
78;[ 2, 2, 2, 3 ];{}
78;[ 2, 2, 2, 4 ];{}
78;[ 2, 3, 12 ];{}
78;[ 2, 3, 18 ];{}
78;[ 2, 4, 18 ];{}
78;[ 2, 4, 6 ];{}
8;[ 2, 2, 2, 3 ];{}
8;[ 2, 2, 2, 4 ];{}
8;[ 2, 4, 162 ];{[ $.2 * $.3 * $.4^2 * $.5^2 * $.6^2 * $.7^2, $.1 * $.2 * $.3 * $.4 * $.7, $.1 * $.3 * $.4^2 * $.7 ]}
8;[ 2, 4, 18 ];{}
82;[ 2, 2, 2, 3 ];{}
82;[ 2, 2, 2, 4 ];{}
82;[ 2, 3, 12 ];{}
82;[ 2, 3, 18 ];{}
82;[ 2, 4, 18 ];{}
82;[ 2, 4, 6 ];{}
83;[ 2, 2, 2, 3 ];{}
83;[ 2, 2, 2, 4 ];{}
83;[ 2, 3, 12 ];{}
83;[ 2, 3, 18 ];{}
83;[ 2, 4, 18 ];{}
83;[ 2, 4, 6 ];{}
84;[ 2, 2, 2, 3 ];{}
84;[ 2, 2, 2, 4 ];{}
84;[ 2, 3, 12 ];{}
84;[ 2, 3, 18 ];{}
84;[ 2, 4, 18 ];{}
84;[ 2, 4, 6 ];{}
85;[ 2, 2, 2, 3 ];{}
85;[ 2, 2, 2, 4 ];{}
85;[ 2, 3, 12 ];{}
85;[ 2, 3, 18 ];{}
85;[ 2, 4, 18 ];{}
85;[ 2, 4, 6 ];{}
93;[ 2, 3, 12 ];{}
93;[ 2, 3, 18 ];{}
93;[ 2, 3, 9 ];{}
93;[ 3, 3, 4 ];{}
94;[ 2, 3, 12 ];{}
94;[ 2, 3, 18 ];{}
94;[ 2, 3, 9 ];{}
94;[ 3, 3, 4 ];{}
95;[ 2, 3, 12 ];{}
95;[ 2, 3, 18 ];{}
95;[ 2, 3, 9 ];{}
95;[ 3, 3, 4 ];{}
97;[ 2, 3, 12 ];{}
97;[ 2, 3, 18 ];{}
97;[ 2, 3, 9 ];{}
97;[ 3, 3, 4 ];{}
98;[ 2, 3, 12 ];{}
98;[ 2, 3, 18 ];{}
98;[ 2, 3, 9 ];{}
98;[ 3, 3, 4 ];{}
99;[ 2, 3, 12 ];{}
99;[ 2, 3, 18 ];{}
99;[ 2, 3, 9 ];{}
99;[ 3, 3, 4 ];{}
