13;[ 2, 2, 2, 3 ];{}
13;[ 2, 2, 2, 5 ];{[ (1, 4)(2, 11)(5, 6)(9, 10), (1, 10)(3, 7)(6, 8)(9, 11), (1, 4)(2, 8)(3, 10)(5, 7), (2, 5, 3, 4, 9)(6, 8, 11, 10, 7) ]:[ (2, 6)(3, 4)(5, 10)(9, 11), (1, 6)(2, 11)(3, 8)(4, 5), (2, 9)(3, 11)(4, 6)(5, 7), (1, 2, 11, 8, 4)(3, 6, 10, 5, 7) ]}
13;[ 2, 3, 11 ];{[ (1, 4)(2, 8)(3, 10)(5, 7), (1, 4, 6, 2, 5, 9, 11, 7, 10, 3, 8), (1, 2, 6)(5, 8, 10)(7, 11, 9) ]}
13;[ 2, 5, 5 ];{[ (3, 4)(5, 9)(7, 8)(10, 11), (1, 10, 4, 7, 8)(2, 3, 5, 6, 11), (1, 7, 3, 2, 10)(4, 11, 6, 9, 5) ]:[ (1, 7)(2, 10)(4, 6)(8, 11), (1, 10, 9, 4, 7)(2, 11, 6, 3, 5), (2, 5, 3, 4, 9)(6, 8, 11, 10, 7) ]}
13;[ 2, 5, 6 ];{[ (1, 3)(2, 10)(5, 11)(6, 9), (1, 8, 10, 2, 11, 7)(3, 4, 6)(5, 9), (1, 7, 5, 6, 4)(3, 9, 11, 10, 8) ]:[ (1, 11)(4, 8)(5, 10)(6, 7), (1, 2, 9, 3, 10, 6)(4, 8, 7)(5, 11), (1, 7, 4, 6, 5)(2, 11, 10, 3, 9) ]}
13;[ 2, 6, 6 ];{[ (1, 10)(3, 7)(6, 8)(9, 11), (1, 11, 6, 4, 8, 7)(2, 10, 5)(3, 9), (1, 3, 11, 10, 2, 5)(4, 8)(6, 9, 7) ]}
13;[ 3, 3, 5 ];{[ (1, 6, 11)(2, 9, 7)(3, 10, 4), (1, 3, 5)(2, 4, 9)(7, 8, 11), (1, 5, 4, 7, 6)(3, 11, 8, 9, 10) ]:[ (1, 6, 8)(2, 5, 10)(4, 7, 11), (1, 10, 9)(2, 6, 3)(4, 8, 7), (1, 9, 5, 2, 3)(6, 10, 8, 11, 7) ]}
13;[ 3, 3, 6 ];{[ (1, 3, 5, 9, 6, 11)(2, 10, 8)(4, 7), (1, 7, 11)(2, 6, 9)(3, 8, 5), (1, 6, 8)(2, 5, 10)(4, 7, 11) ]:[ (1, 3, 5, 7, 10, 4)(2, 8, 6)(9, 11), (1, 8, 11)(3, 7, 5)(6, 10, 9), (1, 9, 7)(2, 6, 11)(4, 10, 8) ]}
24;[ 3, 4, 4 ];{}
25;[ 2, 3, 30 ];{}
25;[ 2, 6, 6 ];{}
27;[ 2, 2, 2, 3 ];{}
27;[ 2, 2, 2, 5 ];{}
27;[ 2, 3, 22 ];{}
27;[ 2, 3, 30 ];{}
27;[ 2, 5, 6 ];{}
27;[ 2, 6, 6 ];{}
29;[ 2, 2, 2, 3 ];{}
29;[ 2, 2, 2, 5 ];{}
29;[ 2, 3, 22 ];{}
29;[ 2, 5, 6 ];{}
29;[ 2, 6, 6 ];{}
30;[ 2, 2, 2, 3 ];{}
30;[ 2, 2, 2, 5 ];{}
30;[ 2, 3, 22 ];{}
30;[ 2, 5, 6 ];{}
30;[ 2, 6, 6 ];{}
31;[ 2, 2, 2, 3 ];{}
31;[ 2, 2, 2, 5 ];{}
31;[ 2, 3, 22 ];{}
31;[ 2, 5, 6 ];{}
31;[ 2, 6, 6 ];{}
39;[ 2, 2, 2, 5 ];{}
