10;[ 2, 3, 12 ];{}
10;[ 2, 3, 24 ];{}
10;[ 2, 6, 6 ];{}
1000;[ 2, 2, 2, 3 ];{}
1000;[ 2, 2, 2, 4 ];{}
1001;[ 2, 2, 2, 3 ];{}
1001;[ 2, 2, 2, 4 ];{}
1002;[ 2, 2, 2, 3 ];{}
1002;[ 2, 2, 2, 4 ];{}
1003;[ 2, 2, 2, 3 ];{}
1003;[ 2, 2, 2, 4 ];{}
1004;[ 2, 2, 2, 3 ];{}
1004;[ 2, 2, 2, 4 ];{}
1005;[ 2, 2, 2, 3 ];{}
1005;[ 2, 2, 2, 4 ];{}
1006;[ 2, 2, 2, 3 ];{}
1006;[ 2, 2, 2, 4 ];{}
1007;[ 2, 2, 2, 3 ];{}
1007;[ 2, 2, 2, 4 ];{}
1008;[ 2, 2, 2, 3 ];{}
1008;[ 2, 2, 2, 4 ];{}
1009;[ 2, 2, 2, 3 ];{}
1009;[ 2, 2, 2, 4 ];{}
1011;[ 2, 2, 2, 3 ];{}
1011;[ 2, 2, 2, 4 ];{}
1012;[ 2, 2, 2, 3 ];{}
1012;[ 2, 2, 2, 4 ];{}
1014;[ 2, 2, 2, 3 ];{}
1014;[ 2, 2, 2, 4 ];{}
1015;[ 2, 2, 2, 3 ];{}
1015;[ 2, 2, 2, 4 ];{}
1016;[ 2, 2, 2, 3 ];{}
1016;[ 2, 2, 2, 4 ];{}
1018;[ 2, 2, 2, 3 ];{}
1018;[ 2, 2, 2, 4 ];{}
102;[ 2, 4, 12 ];{}
102;[ 2, 4, 8 ];{}
102;[ 3, 4, 4 ];{}
103;[ 2, 4, 12 ];{}
103;[ 2, 4, 8 ];{}
103;[ 3, 4, 4 ];{}
104;[ 2, 4, 12 ];{}
104;[ 2, 4, 8 ];{}
104;[ 3, 4, 4 ];{}
1043;[ 2, 4, 12 ];{}
1043;[ 2, 4, 8 ];{}
1043;[ 3, 4, 4 ];{}
1044;[ 2, 2, 2, 3 ];{}
1044;[ 2, 2, 2, 4 ];{}
1044;[ 2, 3, 14 ];{}
1044;[ 2, 3, 16 ];{[ (1, 13, 12, 5, 15, 8, 16, 4, 3, 7, 6, 2, 11, 14, 10, 9), (1, 10, 11)(2, 12, 13)(3, 16, 15)(5, 6, 7), (1, 2)(3, 5)(4, 16)(6, 12)(8, 15)(9, 10)(11, 14) ]:[ (1, 2, 9, 11, 14, 6, 16, 13, 3, 5, 4, 15, 8, 12, 10, 7), (1, 7, 9)(3, 13, 4)(6, 11, 10)(12, 15, 16), (1, 2)(3, 5)(4, 16)(6, 12)(8, 15)(9, 10)(11, 14) ]}
1044;[ 2, 4, 16 ];{}
1044;[ 2, 4, 6 ];{}
1044;[ 2, 4, 7 ];{}
1044;[ 2, 4, 8 ];{}
1044;[ 2, 6, 6 ];{}
1044;[ 3, 4, 4 ];{}
1045;[ 2, 2, 2, 3 ];{}
1045;[ 2, 2, 2, 4 ];{}
1045;[ 2, 3, 12 ];{}
1045;[ 2, 3, 14 ];{}
1045;[ 2, 3, 16 ];{}
1045;[ 2, 4, 12 ];{}
1045;[ 2, 4, 16 ];{}
1045;[ 2, 4, 6 ];{}
1045;[ 2, 4, 7 ];{}
1045;[ 2, 4, 8 ];{}
1045;[ 2, 6, 6 ];{}
1045;[ 3, 4, 4 ];{}
1046;[ 2, 4, 12 ];{}
1046;[ 3, 4, 4 ];{[ (1, 5)(2, 6, 4, 7)(8, 10, 9, 11), (1, 5, 6, 7)(2, 3)(8, 11, 9, 10), (1, 4, 6)(2, 3, 7) ]}
1047;[ 2, 2, 2, 3 ];{}
1047;[ 2, 2, 2, 4 ];{}
1047;[ 2, 3, 12 ];{}
1047;[ 2, 3, 14 ];{}
1047;[ 2, 3, 28 ];{[ (1, 17)(2, 30)(3, 18)(4, 25)(5, 14)(6, 16)(7, 23)(8, 10)(9, 19)(11, 15)(12, 20)(13, 24)(21, 28)(22, 31)(26, 29)(27, 32), (1, 20, 10, 26, 29, 23, 7, 8, 15, 25, 21, 28, 16, 6, 4, 14, 18, 31, 22, 30, 2, 3, 9, 17, 27, 32, 24, 13)(5, 11, 12, 19), (1, 24, 27)(3, 30, 31)(4, 16, 21)(5, 9, 18)(8, 23, 26)(10, 12, 15)(11, 14, 25)(17, 19, 20) ]}
1047;[ 2, 4, 12 ];{}
1047;[ 2, 4, 6 ];{}
1047;[ 2, 4, 7 ];{}
1047;[ 2, 4, 8 ];{}
1047;[ 2, 6, 6 ];{}
1047;[ 3, 4, 4 ];{}
1048;[ 2, 2, 2, 3 ];{}
1048;[ 2, 2, 2, 4 ];{}
1048;[ 2, 3, 14 ];{}
1048;[ 2, 4, 6 ];{}
1048;[ 2, 4, 7 ];{}
1048;[ 2, 4, 8 ];{}
1048;[ 2, 6, 6 ];{}
1048;[ 3, 4, 4 ];{}
105;[ 2, 4, 12 ];{}
105;[ 2, 4, 8 ];{}
105;[ 3, 4, 4 ];{}
1051;[ 2, 2, 2, 3 ];{}
1051;[ 2, 2, 2, 4 ];{}
1051;[ 2, 3, 12 ];{}
1051;[ 2, 3, 14 ];{}
1051;[ 2, 3, 28 ];{}
1051;[ 2, 4, 12 ];{}
1051;[ 2, 4, 6 ];{}
1051;[ 2, 4, 7 ];{}
1051;[ 2, 4, 8 ];{}
1051;[ 2, 6, 6 ];{}
1051;[ 3, 4, 4 ];{}
1052;[ 2, 2, 2, 3 ];{}
1052;[ 2, 2, 2, 4 ];{}
1052;[ 2, 3, 12 ];{}
1052;[ 2, 3, 14 ];{}
1052;[ 2, 3, 28 ];{}
1052;[ 2, 4, 12 ];{}
1052;[ 2, 4, 6 ];{}
1052;[ 2, 4, 7 ];{}
1052;[ 2, 4, 8 ];{}
1052;[ 2, 6, 6 ];{}
1052;[ 3, 4, 4 ];{}
1053;[ 2, 2, 2, 3 ];{}
1053;[ 2, 2, 2, 4 ];{}
1053;[ 2, 3, 12 ];{}
1053;[ 2, 3, 14 ];{}
1053;[ 2, 3, 28 ];{}
1053;[ 2, 4, 12 ];{}
1053;[ 2, 4, 6 ];{}
1053;[ 2, 4, 7 ];{}
1053;[ 2, 4, 8 ];{}
1053;[ 2, 6, 6 ];{}
1053;[ 3, 4, 4 ];{}
1054;[ 2, 2, 2, 3 ];{}
1054;[ 2, 2, 2, 4 ];{}
1054;[ 2, 3, 12 ];{}
1054;[ 2, 3, 14 ];{}
1054;[ 2, 3, 28 ];{}
1054;[ 2, 4, 12 ];{}
1054;[ 2, 4, 6 ];{}
1054;[ 2, 4, 7 ];{}
1054;[ 2, 4, 8 ];{}
1054;[ 2, 6, 6 ];{}
1054;[ 3, 4, 4 ];{}
1055;[ 2, 2, 2, 3 ];{}
1055;[ 2, 2, 2, 4 ];{}
1055;[ 2, 3, 14 ];{}
1055;[ 2, 3, 28 ];{}
1055;[ 2, 4, 6 ];{}
1055;[ 2, 4, 7 ];{}
1055;[ 2, 4, 8 ];{}
1055;[ 2, 6, 6 ];{}
1055;[ 3, 4, 4 ];{}
1056;[ 2, 2, 2, 3 ];{}
1056;[ 2, 2, 2, 4 ];{}
1056;[ 2, 3, 14 ];{}
1056;[ 2, 3, 28 ];{}
1056;[ 2, 4, 6 ];{}
1056;[ 2, 4, 7 ];{}
1056;[ 2, 4, 8 ];{}
1056;[ 2, 6, 6 ];{}
1056;[ 3, 4, 4 ];{}
1057;[ 2, 2, 2, 3 ];{}
1057;[ 2, 2, 2, 4 ];{}
1057;[ 2, 3, 14 ];{}
1057;[ 2, 3, 28 ];{}
1057;[ 2, 4, 6 ];{}
1057;[ 2, 4, 7 ];{}
1057;[ 2, 4, 8 ];{}
1057;[ 2, 6, 6 ];{}
1057;[ 3, 4, 4 ];{}
1058;[ 2, 2, 2, 3 ];{}
1058;[ 2, 2, 2, 4 ];{}
1058;[ 2, 3, 14 ];{}
1058;[ 2, 3, 28 ];{}
1058;[ 2, 4, 6 ];{}
1058;[ 2, 4, 7 ];{}
1058;[ 2, 4, 8 ];{}
1058;[ 2, 6, 6 ];{}
1058;[ 3, 4, 4 ];{}
1059;[ 2, 2, 2, 3 ];{}
1059;[ 2, 2, 2, 4 ];{}
1059;[ 2, 3, 12 ];{}
1059;[ 2, 3, 14 ];{}
1059;[ 2, 3, 28 ];{}
1059;[ 2, 4, 12 ];{}
1059;[ 2, 4, 6 ];{}
1059;[ 2, 4, 7 ];{}
1059;[ 2, 6, 6 ];{}
1059;[ 3, 4, 4 ];{}
106;[ 2, 4, 12 ];{}
106;[ 2, 4, 8 ];{}
106;[ 3, 4, 4 ];{}
1060;[ 2, 4, 12 ];{}
1060;[ 3, 4, 4 ];{}
1061;[ 2, 4, 12 ];{}
1061;[ 3, 4, 4 ];{}
1062;[ 2, 2, 2, 3 ];{}
1062;[ 2, 2, 2, 4 ];{}
1062;[ 2, 3, 12 ];{}
1062;[ 2, 3, 14 ];{}
1062;[ 2, 3, 28 ];{}
1062;[ 2, 4, 12 ];{}
1062;[ 2, 4, 6 ];{}
1062;[ 2, 4, 7 ];{}
1062;[ 2, 6, 6 ];{}
1062;[ 3, 4, 4 ];{}
1063;[ 3, 4, 4 ];{}
1064;[ 2, 2, 2, 3 ];{}
1064;[ 2, 2, 2, 4 ];{}
1064;[ 2, 3, 14 ];{}
1064;[ 2, 3, 28 ];{}
1064;[ 2, 4, 6 ];{}
1064;[ 2, 4, 7 ];{}
1064;[ 2, 6, 6 ];{}
1064;[ 3, 4, 4 ];{}
1065;[ 2, 2, 2, 3 ];{}
1065;[ 2, 2, 2, 4 ];{}
1065;[ 2, 3, 14 ];{}
1065;[ 2, 3, 28 ];{}
1065;[ 2, 4, 6 ];{}
1065;[ 2, 4, 7 ];{}
1065;[ 2, 6, 6 ];{}
1065;[ 3, 4, 4 ];{}
107;[ 2, 4, 12 ];{}
107;[ 2, 4, 8 ];{}
107;[ 3, 4, 4 ];{}
1078;[ 2, 2, 2, 3 ];{}
1078;[ 2, 2, 2, 4 ];{}
1078;[ 2, 3, 12 ];{}
1078;[ 2, 3, 14 ];{}
1078;[ 2, 3, 28 ];{}
1078;[ 2, 4, 12 ];{}
1078;[ 2, 4, 6 ];{}
1078;[ 2, 4, 7 ];{}
1078;[ 2, 6, 6 ];{}
1078;[ 3, 4, 4 ];{}
1079;[ 2, 4, 12 ];{}
1079;[ 3, 4, 4 ];{}
108;[ 2, 4, 12 ];{}
108;[ 2, 4, 8 ];{}
108;[ 3, 4, 4 ];{}
1080;[ 2, 2, 2, 3 ];{}
1080;[ 2, 2, 2, 4 ];{[ $.1 * $.3 * $.4 * $.5^4 * $.7, $.1 * $.3 * $.5^3, $.1 * $.2 * $.4 * $.5^3 * $.6 * $.7, $.1 * $.2 * $.4^2 * $.5^4 ]}
1080;[ 2, 3, 12 ];{}
1080;[ 2, 3, 14 ];{}
1080;[ 2, 3, 28 ];{}
1080;[ 2, 4, 12 ];{}
1080;[ 2, 4, 6 ];{}
1080;[ 2, 4, 7 ];{}
1080;[ 2, 6, 6 ];{}
1080;[ 3, 4, 4 ];{}
1081;[ 2, 2, 2, 3 ];{}
1081;[ 2, 2, 2, 4 ];{}
1081;[ 2, 3, 14 ];{}
1081;[ 2, 3, 28 ];{}
1081;[ 2, 4, 6 ];{}
1081;[ 2, 4, 7 ];{}
1081;[ 2, 4, 8 ];{}
1081;[ 2, 6, 6 ];{}
1081;[ 3, 4, 4 ];{}
1082;[ 2, 2, 2, 3 ];{}
1082;[ 2, 2, 2, 4 ];{}
1082;[ 2, 3, 14 ];{}
1082;[ 2, 3, 28 ];{}
1082;[ 2, 4, 6 ];{}
1082;[ 2, 4, 7 ];{}
1082;[ 2, 4, 8 ];{}
1082;[ 2, 6, 6 ];{}
1082;[ 3, 4, 4 ];{}
1083;[ 2, 2, 2, 3 ];{}
1083;[ 2, 2, 2, 4 ];{}
1083;[ 2, 3, 14 ];{}
1083;[ 2, 3, 28 ];{}
1083;[ 2, 4, 6 ];{}
1083;[ 2, 4, 7 ];{}
1083;[ 2, 4, 8 ];{}
1083;[ 2, 6, 6 ];{}
1083;[ 3, 4, 4 ];{}
1084;[ 2, 2, 2, 3 ];{}
1084;[ 2, 2, 2, 4 ];{}
1084;[ 2, 3, 12 ];{}
1084;[ 2, 3, 14 ];{}
1084;[ 2, 3, 28 ];{}
1084;[ 2, 4, 12 ];{}
1084;[ 2, 4, 6 ];{}
1084;[ 2, 4, 7 ];{}
1084;[ 2, 4, 8 ];{}
1084;[ 2, 6, 6 ];{}
1084;[ 3, 4, 4 ];{}
1085;[ 2, 2, 2, 3 ];{}
1085;[ 2, 2, 2, 4 ];{}
1085;[ 2, 3, 12 ];{}
1085;[ 2, 3, 14 ];{}
1085;[ 2, 3, 28 ];{}
1085;[ 2, 4, 12 ];{}
1085;[ 2, 4, 6 ];{}
1085;[ 2, 4, 7 ];{}
1085;[ 2, 4, 8 ];{}
1085;[ 2, 6, 6 ];{}
1085;[ 3, 4, 4 ];{}
1086;[ 2, 2, 2, 3 ];{}
1086;[ 2, 2, 2, 4 ];{}
1086;[ 2, 3, 12 ];{}
1086;[ 2, 3, 14 ];{}
1086;[ 2, 3, 28 ];{}
1086;[ 2, 4, 12 ];{}
1086;[ 2, 4, 6 ];{}
1086;[ 2, 4, 7 ];{}
1086;[ 2, 4, 8 ];{}
1086;[ 2, 6, 6 ];{}
1086;[ 3, 4, 4 ];{}
1087;[ 3, 4, 4 ];{}
1088;[ 2, 2, 2, 3 ];{}
1088;[ 2, 2, 2, 4 ];{}
1088;[ 2, 3, 14 ];{}
1088;[ 2, 4, 6 ];{}
1088;[ 2, 4, 7 ];{}
1088;[ 2, 6, 6 ];{}
1088;[ 3, 4, 4 ];{}
109;[ 2, 4, 12 ];{}
109;[ 2, 4, 8 ];{}
109;[ 3, 4, 4 ];{}
11;[ 2, 3, 12 ];{}
11;[ 2, 3, 24 ];{}
11;[ 2, 6, 6 ];{}
110;[ 2, 4, 12 ];{}
110;[ 2, 4, 8 ];{}
110;[ 3, 4, 4 ];{}
1104;[ 2, 3, 12 ];{}
1104;[ 2, 6, 6 ];{}
1106;[ 2, 3, 12 ];{}
1106;[ 2, 6, 6 ];{}
1107;[ 2, 3, 12 ];{}
1107;[ 2, 6, 6 ];{}
1108;[ 2, 6, 6 ];{}
1109;[ 2, 3, 12 ];{}
1109;[ 2, 6, 6 ];{}
111;[ 2, 4, 12 ];{}
111;[ 3, 4, 4 ];{}
1110;[ 2, 3, 12 ];{}
1110;[ 2, 6, 6 ];{}
1111;[ 2, 3, 12 ];{}
1111;[ 2, 6, 6 ];{}
1112;[ 2, 3, 12 ];{}
1112;[ 2, 6, 6 ];{}
1114;[ 2, 3, 12 ];{}
1114;[ 2, 6, 6 ];{}
1115;[ 2, 3, 12 ];{}
1115;[ 2, 6, 6 ];{}
1117;[ 2, 3, 12 ];{}
1117;[ 2, 6, 6 ];{}
1118;[ 2, 3, 12 ];{}
1118;[ 2, 6, 6 ];{}
1119;[ 2, 6, 6 ];{}
112;[ 2, 4, 12 ];{}
112;[ 3, 4, 4 ];{}
1120;[ 2, 3, 12 ];{}
1120;[ 2, 6, 6 ];{[ $.1 * $.2 * $.4 * $.5 * $.6^4 * $.7, $.2 * $.3^2 * $.4 * $.5 * $.6 * $.7, $.1 * $.3 * $.5 * $.6 ]:[ $.1 * $.3^2 * $.4 * $.5 * $.6^3, $.1 * $.2 * $.5 * $.6^4 * $.7, $.2 * $.3 * $.5 * $.6^3 * $.7 ]}
1121;[ 2, 3, 12 ];{}
1121;[ 2, 6, 6 ];{}
1122;[ 2, 3, 12 ];{}
1122;[ 2, 6, 6 ];{}
1123;[ 2, 3, 12 ];{}
1123;[ 2, 6, 6 ];{}
1125;[ 2, 3, 12 ];{}
1125;[ 2, 6, 6 ];{}
113;[ 2, 4, 12 ];{}
113;[ 3, 4, 4 ];{}
114;[ 2, 4, 12 ];{}
114;[ 3, 4, 4 ];{}
1193;[ 2, 3, 12 ];{}
1193;[ 2, 6, 6 ];{}
1194;[ 2, 6, 6 ];{}
1195;[ 2, 3, 12 ];{}
1195;[ 2, 6, 6 ];{}
1196;[ 2, 3, 12 ];{}
1196;[ 2, 6, 6 ];{}
1197;[ 2, 3, 12 ];{}
1197;[ 2, 6, 6 ];{}
1198;[ 2, 3, 12 ];{}
1198;[ 2, 6, 6 ];{}
1201;[ 2, 6, 6 ];{}
1201;[ 3, 3, 4 ];{}
1201;[ 3, 3, 6 ];{}
1202;[ 2, 6, 6 ];{}
1202;[ 3, 3, 4 ];{}
1202;[ 3, 3, 6 ];{}
1254;[ 2, 2, 2, 3 ];{[ (1, 3)(2, 6)(4, 7)(5, 8)(9, 10), (1, 8)(4, 5)(6, 7)(9, 10), (1, 5)(2, 3)(4, 8), (1, 7, 2)(3, 6, 4) ]}
1254;[ 2, 2, 2, 4 ];{[ (1, 5)(2, 8)(3, 7)(4, 6)(9, 10), (2, 5)(4, 7)(6, 8)(9, 10), (1, 7)(2, 4)(5, 6), (1, 6, 8, 4)(2, 3, 7, 5) ]:[ (1, 2)(3, 6)(4, 8)(5, 7)(9, 10), (2, 5)(4, 7)(6, 8), (3, 7)(4, 8)(5, 6), (1, 2, 7, 6)(3, 8, 5, 4)(9, 10) ]:[ (1, 8)(2, 6)(3, 4)(5, 7), (2, 8)(3, 4)(6, 7)(9, 10), (2, 6)(3, 8)(4, 5), (1, 8, 3, 6)(2, 5, 4, 7)(9, 10) ]}
1254;[ 2, 3, 14 ];{}
1254;[ 2, 4, 6 ];{[ (1, 7)(3, 4)(5, 8)(9, 10), (1, 2, 4, 7)(3, 6, 8, 5)(9, 10), (2, 7, 3, 8, 6, 4) ]}
1254;[ 2, 4, 7 ];{}
1254;[ 2, 4, 8 ];{[ (1, 5)(2, 6)(7, 8)(9, 10), (1, 7, 6, 8)(2, 4, 3, 5)(9, 10), (1, 7, 5, 3, 4, 6, 8, 2) ]:[ (1, 3)(4, 6)(7, 8)(9, 10), (1, 6, 5, 7)(2, 3, 4, 8)(9, 10), (1, 8, 6, 3, 2, 7, 5, 4) ]}
1254;[ 2, 6, 6 ];{[ (1, 7, 4, 6, 2, 8), (1, 7)(2, 8)(3, 6)(4, 5)(9, 10), (3, 4, 5, 7, 8, 6)(9, 10) ]}
1254;[ 3, 4, 4 ];{}
1255;[ 2, 2, 2, 3 ];{}
1255;[ 2, 2, 2, 4 ];{}
1255;[ 2, 3, 14 ];{}
1255;[ 2, 4, 6 ];{}
1255;[ 2, 4, 7 ];{}
1255;[ 2, 6, 6 ];{}
1255;[ 3, 4, 4 ];{}
1256;[ 2, 6, 6 ];{}
1257;[ 2, 6, 6 ];{}
1257;[ 3, 3, 6 ];{[ $.1 * $.2 * $.4 * $.6 * $.7, $.1 * $.3 * $.6 * $.7, $.1 * $.4^3 * $.7 ]:[ $.1^2 * $.3 * $.4^2 * $.5 * $.6 * $.7, $.1^2 * $.2 * $.4^5, $.1^2 * $.4^4 * $.5 * $.6 * $.7 ]}
1260;[ 2, 2, 2, 3 ];{}
1260;[ 2, 2, 2, 4 ];{}
1263;[ 2, 2, 2, 3 ];{}
1263;[ 2, 2, 2, 4 ];{[ $.1 * $.2 * $.3 * $.4^2 * $.5^5 * $.6 * $.7, $.1 * $.4 * $.5 * $.7, $.1 * $.3 * $.4, $.1 * $.2 * $.4^2 * $.5^4 * $.6 ]}
1265;[ 2, 2, 2, 3 ];{}
1265;[ 2, 2, 2, 4 ];{}
1265;[ 2, 3, 14 ];{}
1265;[ 2, 4, 7 ];{}
1265;[ 3, 4, 4 ];{}
1269;[ 2, 6, 6 ];{}
1270;[ 2, 6, 6 ];{}
1276;[ 2, 6, 6 ];{}
131;[ 2, 3, 12 ];{}
131;[ 2, 3, 24 ];{}
131;[ 2, 6, 6 ];{}
132;[ 2, 3, 12 ];{}
132;[ 2, 3, 24 ];{}
132;[ 2, 6, 6 ];{}
133;[ 2, 3, 12 ];{}
133;[ 2, 3, 24 ];{}
133;[ 2, 6, 6 ];{}
135;[ 2, 6, 6 ];{}
135;[ 3, 3, 4 ];{}
135;[ 3, 3, 6 ];{[ $.1 * $.3 * $.4^4 * $.6 * $.7, $.1 * $.2 * $.4^5 * $.5 * $.6, $.1 * $.2 * $.3 * $.4^2 * $.7 ]:[ $.1^2 * $.4^5 * $.6, $.1^2 * $.2 * $.3 * $.4^2 * $.6 * $.7, $.1^2 * $.3 * $.4^3 * $.5 ]}
165;[ 2, 3, 24 ];{}
165;[ 2, 6, 6 ];{}
166;[ 2, 3, 24 ];{}
166;[ 2, 6, 6 ];{}
167;[ 2, 3, 24 ];{}
167;[ 2, 6, 6 ];{}
168;[ 2, 3, 24 ];{}
168;[ 2, 6, 6 ];{}
220;[ 2, 2, 2, 4 ];{}
220;[ 2, 4, 336 ];{}
221;[ 2, 2, 2, 4 ];{}
221;[ 2, 4, 336 ];{[ $.1 * $.2 * $.3 * $.6^2 * $.7^2, $.2 * $.4 * $.5 * $.6 * $.7^5, $.1 * $.4 ]}
222;[ 2, 2, 2, 4 ];{}
222;[ 2, 4, 336 ];{}
224;[ 2, 4, 12 ];{}
224;[ 2, 4, 8 ];{}
224;[ 3, 4, 4 ];{}
226;[ 2, 4, 12 ];{}
226;[ 2, 4, 8 ];{}
226;[ 3, 4, 4 ];{}
227;[ 2, 4, 12 ];{}
227;[ 3, 4, 4 ];{}
228;[ 2, 4, 12 ];{}
228;[ 2, 4, 8 ];{}
228;[ 3, 4, 4 ];{}
229;[ 2, 4, 12 ];{}
229;[ 2, 4, 8 ];{}
229;[ 3, 4, 4 ];{}
230;[ 2, 4, 12 ];{}
230;[ 2, 4, 8 ];{}
230;[ 3, 4, 4 ];{}
231;[ 2, 4, 12 ];{}
231;[ 2, 4, 8 ];{}
231;[ 3, 4, 4 ];{}
236;[ 2, 4, 12 ];{}
236;[ 2, 4, 8 ];{}
236;[ 3, 4, 4 ];{}
237;[ 2, 4, 12 ];{}
237;[ 2, 4, 8 ];{}
237;[ 3, 4, 4 ];{}
238;[ 2, 4, 12 ];{}
238;[ 2, 4, 8 ];{}
238;[ 3, 4, 4 ];{}
239;[ 2, 4, 12 ];{}
239;[ 2, 4, 8 ];{}
239;[ 3, 4, 4 ];{}
240;[ 2, 4, 12 ];{}
240;[ 2, 4, 8 ];{}
240;[ 3, 4, 4 ];{}
242;[ 2, 4, 12 ];{}
242;[ 2, 4, 8 ];{}
242;[ 3, 4, 4 ];{}
243;[ 2, 4, 12 ];{}
243;[ 2, 4, 8 ];{}
243;[ 3, 4, 4 ];{}
244;[ 2, 4, 12 ];{}
244;[ 2, 4, 8 ];{}
244;[ 3, 4, 4 ];{}
245;[ 2, 4, 12 ];{}
245;[ 2, 4, 8 ];{}
245;[ 3, 4, 4 ];{}
246;[ 2, 4, 12 ];{}
246;[ 2, 4, 8 ];{}
246;[ 3, 4, 4 ];{}
247;[ 2, 2, 2, 3 ];{}
247;[ 2, 2, 2, 4 ];{}
247;[ 2, 3, 24 ];{}
247;[ 2, 3, 28 ];{}
247;[ 2, 4, 12 ];{}
247;[ 2, 4, 16 ];{}
247;[ 2, 4, 8 ];{}
247;[ 2, 6, 6 ];{}
247;[ 3, 4, 4 ];{}
248;[ 2, 2, 2, 3 ];{}
248;[ 2, 2, 2, 4 ];{}
248;[ 2, 3, 24 ];{}
248;[ 2, 3, 28 ];{}
248;[ 2, 4, 12 ];{}
248;[ 2, 4, 16 ];{}
248;[ 2, 4, 8 ];{}
248;[ 2, 6, 6 ];{}
248;[ 3, 4, 4 ];{}
249;[ 2, 2, 2, 3 ];{}
249;[ 2, 2, 2, 4 ];{}
249;[ 2, 3, 24 ];{}
249;[ 2, 3, 28 ];{}
249;[ 2, 4, 12 ];{}
249;[ 2, 4, 16 ];{}
249;[ 2, 4, 8 ];{}
249;[ 2, 6, 6 ];{}
249;[ 3, 4, 4 ];{}
250;[ 2, 2, 2, 3 ];{}
250;[ 2, 2, 2, 4 ];{}
250;[ 2, 3, 24 ];{}
250;[ 2, 3, 28 ];{}
250;[ 2, 4, 12 ];{}
250;[ 2, 4, 16 ];{}
250;[ 2, 4, 8 ];{}
250;[ 2, 6, 6 ];{}
250;[ 3, 4, 4 ];{}
252;[ 2, 4, 12 ];{}
252;[ 3, 4, 4 ];{}
253;[ 2, 4, 12 ];{}
253;[ 2, 4, 8 ];{}
253;[ 3, 4, 4 ];{}
254;[ 2, 4, 12 ];{}
254;[ 2, 4, 8 ];{}
254;[ 3, 4, 4 ];{}
255;[ 2, 4, 12 ];{}
255;[ 3, 4, 4 ];{}
256;[ 2, 4, 12 ];{}
256;[ 2, 4, 8 ];{}
256;[ 3, 4, 4 ];{}
257;[ 2, 4, 12 ];{}
257;[ 2, 4, 8 ];{}
257;[ 3, 4, 4 ];{}
258;[ 2, 4, 12 ];{}
258;[ 2, 4, 8 ];{}
258;[ 3, 4, 4 ];{}
282;[ 2, 2, 2, 3 ];{}
282;[ 2, 2, 2, 4 ];{}
282;[ 2, 3, 14 ];{}
282;[ 2, 3, 28 ];{}
282;[ 2, 4, 7 ];{}
282;[ 2, 4, 8 ];{}
282;[ 3, 4, 4 ];{}
284;[ 2, 4, 8 ];{}
284;[ 3, 4, 4 ];{}
285;[ 2, 4, 12 ];{}
285;[ 2, 4, 8 ];{}
285;[ 3, 4, 4 ];{}
36;[ 2, 3, 12 ];{}
36;[ 2, 3, 24 ];{}
36;[ 2, 6, 6 ];{}
37;[ 2, 3, 12 ];{}
37;[ 2, 3, 24 ];{}
37;[ 2, 6, 6 ];{}
372;[ 2, 6, 6 ];{}
373;[ 2, 6, 6 ];{}
374;[ 2, 6, 6 ];{}
378;[ 2, 6, 6 ];{}
379;[ 2, 6, 6 ];{}
38;[ 2, 3, 12 ];{}
38;[ 2, 3, 24 ];{}
38;[ 2, 6, 6 ];{}
380;[ 2, 6, 6 ];{}
381;[ 2, 6, 6 ];{}
382;[ 2, 6, 6 ];{}
386;[ 2, 6, 6 ];{}
39;[ 2, 3, 12 ];{}
39;[ 2, 3, 24 ];{}
39;[ 2, 6, 6 ];{}
391;[ 2, 2, 2, 3 ];{}
391;[ 2, 2, 2, 4 ];{}
392;[ 2, 2, 2, 3 ];{}
392;[ 2, 2, 2, 4 ];{}
393;[ 2, 2, 2, 3 ];{}
393;[ 2, 2, 2, 4 ];{}
394;[ 2, 2, 2, 3 ];{}
394;[ 2, 2, 2, 4 ];{}
395;[ 2, 2, 2, 3 ];{}
395;[ 2, 2, 2, 4 ];{}
396;[ 2, 2, 2, 3 ];{}
396;[ 2, 2, 2, 4 ];{}
397;[ 2, 2, 2, 3 ];{}
397;[ 2, 2, 2, 4 ];{}
398;[ 2, 2, 2, 3 ];{}
398;[ 2, 2, 2, 4 ];{}
399;[ 2, 2, 2, 3 ];{}
399;[ 2, 2, 2, 4 ];{}
400;[ 2, 2, 2, 3 ];{}
400;[ 2, 2, 2, 4 ];{}
401;[ 2, 2, 2, 3 ];{}
401;[ 2, 2, 2, 4 ];{}
402;[ 2, 2, 2, 3 ];{}
402;[ 2, 2, 2, 4 ];{}
403;[ 2, 2, 2, 3 ];{}
403;[ 2, 2, 2, 4 ];{}
404;[ 2, 2, 2, 3 ];{}
404;[ 2, 2, 2, 4 ];{}
405;[ 2, 2, 2, 3 ];{}
405;[ 2, 2, 2, 4 ];{}
406;[ 2, 2, 2, 3 ];{}
406;[ 2, 2, 2, 4 ];{}
407;[ 2, 2, 2, 3 ];{}
407;[ 2, 2, 2, 4 ];{}
408;[ 2, 2, 2, 3 ];{}
408;[ 2, 2, 2, 4 ];{}
413;[ 2, 2, 2, 3 ];{}
413;[ 2, 2, 2, 4 ];{}
414;[ 2, 2, 2, 3 ];{}
414;[ 2, 2, 2, 4 ];{}
415;[ 2, 2, 2, 3 ];{}
415;[ 2, 2, 2, 4 ];{}
416;[ 2, 2, 2, 3 ];{}
416;[ 2, 2, 2, 4 ];{}
417;[ 2, 2, 2, 3 ];{}
417;[ 2, 2, 2, 4 ];{}
418;[ 2, 2, 2, 3 ];{}
418;[ 2, 2, 2, 4 ];{}
419;[ 2, 2, 2, 3 ];{}
419;[ 2, 2, 2, 4 ];{}
420;[ 2, 2, 2, 3 ];{}
420;[ 2, 2, 2, 4 ];{}
421;[ 2, 2, 2, 3 ];{}
421;[ 2, 2, 2, 4 ];{}
422;[ 2, 2, 2, 3 ];{}
422;[ 2, 2, 2, 4 ];{}
423;[ 2, 2, 2, 3 ];{}
423;[ 2, 2, 2, 4 ];{}
424;[ 2, 2, 2, 3 ];{}
424;[ 2, 2, 2, 4 ];{}
440;[ 2, 2, 2, 3 ];{}
440;[ 2, 2, 2, 4 ];{}
441;[ 2, 2, 2, 3 ];{}
441;[ 2, 2, 2, 4 ];{}
442;[ 2, 2, 2, 3 ];{}
442;[ 2, 2, 2, 4 ];{}
443;[ 2, 2, 2, 3 ];{}
443;[ 2, 2, 2, 4 ];{}
444;[ 2, 2, 2, 3 ];{}
444;[ 2, 2, 2, 4 ];{}
445;[ 2, 2, 2, 3 ];{}
445;[ 2, 2, 2, 4 ];{}
446;[ 2, 2, 2, 3 ];{}
446;[ 2, 2, 2, 4 ];{}
447;[ 2, 2, 2, 3 ];{}
447;[ 2, 2, 2, 4 ];{}
448;[ 2, 2, 2, 3 ];{}
448;[ 2, 2, 2, 4 ];{}
449;[ 2, 2, 2, 3 ];{}
449;[ 2, 2, 2, 4 ];{}
450;[ 2, 2, 2, 3 ];{}
450;[ 2, 2, 2, 4 ];{}
451;[ 2, 2, 2, 3 ];{}
451;[ 2, 2, 2, 4 ];{}
452;[ 2, 2, 2, 3 ];{}
452;[ 2, 2, 2, 4 ];{}
453;[ 2, 2, 2, 3 ];{}
453;[ 2, 2, 2, 4 ];{}
454;[ 2, 2, 2, 3 ];{}
454;[ 2, 2, 2, 4 ];{}
455;[ 2, 2, 2, 3 ];{}
455;[ 2, 2, 2, 4 ];{}
456;[ 2, 2, 2, 3 ];{}
456;[ 2, 2, 2, 4 ];{}
457;[ 2, 2, 2, 3 ];{}
457;[ 2, 2, 2, 4 ];{}
458;[ 2, 2, 2, 3 ];{}
458;[ 2, 2, 2, 4 ];{}
459;[ 2, 2, 2, 3 ];{}
459;[ 2, 2, 2, 4 ];{}
460;[ 2, 2, 2, 3 ];{}
460;[ 2, 2, 2, 4 ];{}
461;[ 2, 2, 2, 3 ];{}
461;[ 2, 2, 2, 4 ];{}
462;[ 2, 2, 2, 3 ];{}
462;[ 2, 2, 2, 4 ];{}
463;[ 2, 2, 2, 3 ];{}
463;[ 2, 2, 2, 4 ];{}
464;[ 2, 2, 2, 3 ];{}
464;[ 2, 2, 2, 4 ];{}
465;[ 2, 2, 2, 3 ];{}
465;[ 2, 2, 2, 4 ];{}
466;[ 2, 2, 2, 3 ];{}
466;[ 2, 2, 2, 4 ];{}
470;[ 2, 2, 2, 3 ];{}
470;[ 2, 2, 2, 4 ];{}
471;[ 2, 2, 2, 3 ];{}
471;[ 2, 2, 2, 4 ];{}
472;[ 2, 2, 2, 3 ];{}
472;[ 2, 2, 2, 4 ];{}
473;[ 2, 2, 2, 3 ];{}
473;[ 2, 2, 2, 4 ];{}
478;[ 2, 2, 2, 3 ];{}
478;[ 2, 2, 2, 4 ];{}
479;[ 2, 2, 2, 3 ];{}
479;[ 2, 2, 2, 4 ];{}
480;[ 2, 2, 2, 3 ];{}
480;[ 2, 2, 2, 4 ];{}
481;[ 2, 2, 2, 3 ];{}
481;[ 2, 2, 2, 4 ];{}
483;[ 2, 2, 2, 3 ];{}
483;[ 2, 2, 2, 4 ];{}
485;[ 2, 2, 2, 3 ];{}
485;[ 2, 2, 2, 4 ];{}
486;[ 2, 2, 2, 3 ];{}
486;[ 2, 2, 2, 4 ];{}
487;[ 2, 2, 2, 3 ];{}
487;[ 2, 2, 2, 4 ];{}
489;[ 2, 2, 2, 3 ];{}
489;[ 2, 2, 2, 4 ];{}
490;[ 2, 2, 2, 3 ];{}
490;[ 2, 2, 2, 4 ];{}
492;[ 2, 2, 2, 3 ];{}
492;[ 2, 2, 2, 4 ];{}
493;[ 2, 2, 2, 3 ];{}
493;[ 2, 2, 2, 4 ];{}
494;[ 2, 2, 2, 3 ];{}
494;[ 2, 2, 2, 4 ];{}
495;[ 2, 2, 2, 3 ];{}
495;[ 2, 2, 2, 4 ];{}
496;[ 2, 2, 2, 3 ];{}
496;[ 2, 2, 2, 4 ];{}
497;[ 2, 2, 2, 3 ];{}
497;[ 2, 2, 2, 4 ];{}
498;[ 2, 2, 2, 3 ];{}
498;[ 2, 2, 2, 4 ];{}
499;[ 2, 2, 2, 3 ];{}
499;[ 2, 2, 2, 4 ];{}
500;[ 2, 2, 2, 3 ];{}
500;[ 2, 2, 2, 4 ];{}
503;[ 2, 2, 2, 3 ];{}
503;[ 2, 2, 2, 4 ];{}
504;[ 2, 2, 2, 3 ];{}
504;[ 2, 2, 2, 4 ];{}
505;[ 2, 2, 2, 3 ];{}
505;[ 2, 2, 2, 4 ];{}
506;[ 2, 2, 2, 3 ];{}
506;[ 2, 2, 2, 4 ];{}
507;[ 2, 2, 2, 3 ];{}
507;[ 2, 2, 2, 4 ];{}
508;[ 2, 2, 2, 3 ];{}
508;[ 2, 2, 2, 4 ];{}
509;[ 2, 2, 2, 3 ];{}
509;[ 2, 2, 2, 4 ];{}
510;[ 2, 2, 2, 3 ];{}
510;[ 2, 2, 2, 4 ];{}
511;[ 2, 2, 2, 3 ];{}
511;[ 2, 2, 2, 4 ];{}
512;[ 2, 2, 2, 3 ];{}
512;[ 2, 2, 2, 4 ];{}
513;[ 2, 2, 2, 3 ];{}
513;[ 2, 2, 2, 4 ];{}
514;[ 2, 2, 2, 3 ];{}
514;[ 2, 2, 2, 4 ];{}
516;[ 2, 2, 2, 3 ];{}
516;[ 2, 2, 2, 4 ];{}
517;[ 2, 2, 2, 3 ];{}
517;[ 2, 2, 2, 4 ];{}
518;[ 2, 2, 2, 3 ];{}
518;[ 2, 2, 2, 4 ];{}
519;[ 2, 2, 2, 3 ];{}
519;[ 2, 2, 2, 4 ];{}
520;[ 2, 2, 2, 3 ];{}
520;[ 2, 2, 2, 4 ];{}
521;[ 2, 2, 2, 3 ];{}
521;[ 2, 2, 2, 4 ];{}
522;[ 2, 2, 2, 3 ];{}
522;[ 2, 2, 2, 4 ];{}
523;[ 2, 2, 2, 3 ];{}
523;[ 2, 2, 2, 4 ];{}
524;[ 2, 2, 2, 3 ];{}
524;[ 2, 2, 2, 4 ];{}
525;[ 2, 2, 2, 3 ];{}
525;[ 2, 2, 2, 4 ];{}
526;[ 2, 2, 2, 3 ];{}
526;[ 2, 2, 2, 4 ];{}
527;[ 2, 2, 2, 3 ];{}
527;[ 2, 2, 2, 4 ];{}
528;[ 2, 2, 2, 3 ];{}
528;[ 2, 2, 2, 4 ];{}
529;[ 2, 2, 2, 3 ];{}
529;[ 2, 2, 2, 4 ];{}
531;[ 2, 2, 2, 3 ];{}
531;[ 2, 2, 2, 4 ];{}
532;[ 2, 2, 2, 3 ];{}
532;[ 2, 2, 2, 4 ];{}
533;[ 2, 2, 2, 3 ];{}
533;[ 2, 2, 2, 4 ];{}
534;[ 2, 2, 2, 3 ];{}
534;[ 2, 2, 2, 4 ];{}
54;[ 2, 2, 2, 3 ];{}
54;[ 2, 2, 2, 4 ];{}
54;[ 2, 3, 24 ];{}
54;[ 2, 3, 28 ];{}
54;[ 2, 4, 12 ];{}
54;[ 2, 4, 16 ];{}
54;[ 2, 4, 8 ];{}
54;[ 2, 6, 6 ];{}
54;[ 3, 4, 4 ];{}
55;[ 2, 2, 2, 3 ];{}
55;[ 2, 2, 2, 4 ];{}
55;[ 2, 3, 24 ];{}
55;[ 2, 3, 28 ];{}
55;[ 2, 4, 12 ];{}
55;[ 2, 4, 16 ];{}
55;[ 2, 4, 8 ];{}
55;[ 2, 6, 6 ];{}
55;[ 3, 4, 4 ];{}
551;[ 2, 2, 2, 3 ];{}
551;[ 2, 2, 2, 4 ];{}
552;[ 2, 2, 2, 3 ];{}
552;[ 2, 2, 2, 4 ];{}
553;[ 2, 2, 2, 3 ];{}
553;[ 2, 2, 2, 4 ];{}
554;[ 2, 2, 2, 3 ];{}
554;[ 2, 2, 2, 4 ];{}
555;[ 2, 2, 2, 3 ];{}
555;[ 2, 2, 2, 4 ];{}
557;[ 2, 2, 2, 3 ];{}
557;[ 2, 2, 2, 4 ];{}
558;[ 2, 2, 2, 3 ];{}
558;[ 2, 2, 2, 4 ];{}
56;[ 2, 2, 2, 3 ];{}
56;[ 2, 2, 2, 4 ];{}
56;[ 2, 3, 24 ];{}
56;[ 2, 3, 28 ];{}
56;[ 2, 4, 12 ];{}
56;[ 2, 4, 16 ];{}
56;[ 2, 4, 8 ];{}
56;[ 2, 6, 6 ];{}
56;[ 3, 4, 4 ];{}
560;[ 2, 2, 2, 3 ];{}
560;[ 2, 2, 2, 4 ];{}
561;[ 2, 2, 2, 3 ];{}
561;[ 2, 2, 2, 4 ];{}
563;[ 2, 2, 2, 3 ];{}
563;[ 2, 2, 2, 4 ];{}
564;[ 2, 2, 2, 3 ];{}
564;[ 2, 2, 2, 4 ];{}
565;[ 2, 2, 2, 3 ];{}
565;[ 2, 2, 2, 4 ];{}
566;[ 2, 2, 2, 3 ];{}
566;[ 2, 2, 2, 4 ];{}
567;[ 2, 2, 2, 3 ];{}
567;[ 2, 2, 2, 4 ];{}
568;[ 2, 2, 2, 3 ];{}
568;[ 2, 2, 2, 4 ];{}
57;[ 2, 2, 2, 3 ];{}
57;[ 2, 2, 2, 4 ];{}
57;[ 2, 3, 24 ];{}
57;[ 2, 3, 28 ];{}
57;[ 2, 4, 12 ];{}
57;[ 2, 4, 16 ];{}
57;[ 2, 4, 8 ];{}
57;[ 2, 6, 6 ];{}
57;[ 3, 4, 4 ];{}
571;[ 2, 2, 2, 3 ];{}
571;[ 2, 2, 2, 4 ];{}
573;[ 2, 2, 2, 3 ];{}
573;[ 2, 2, 2, 4 ];{}
574;[ 2, 2, 2, 3 ];{}
574;[ 2, 2, 2, 4 ];{}
575;[ 2, 2, 2, 3 ];{}
575;[ 2, 2, 2, 4 ];{}
576;[ 2, 2, 2, 3 ];{}
576;[ 2, 2, 2, 4 ];{}
577;[ 2, 2, 2, 3 ];{}
577;[ 2, 2, 2, 4 ];{}
58;[ 2, 2, 2, 3 ];{}
58;[ 2, 2, 2, 4 ];{}
58;[ 2, 3, 24 ];{}
58;[ 2, 3, 28 ];{}
58;[ 2, 4, 12 ];{}
58;[ 2, 4, 16 ];{}
58;[ 2, 4, 8 ];{}
58;[ 2, 6, 6 ];{}
58;[ 3, 4, 4 ];{}
580;[ 2, 2, 2, 3 ];{}
580;[ 2, 2, 2, 4 ];{}
582;[ 2, 2, 2, 3 ];{}
582;[ 2, 2, 2, 4 ];{}
59;[ 2, 2, 2, 3 ];{}
59;[ 2, 2, 2, 4 ];{}
59;[ 2, 3, 24 ];{}
59;[ 2, 3, 28 ];{}
59;[ 2, 4, 12 ];{}
59;[ 2, 4, 16 ];{}
59;[ 2, 4, 8 ];{}
59;[ 2, 6, 6 ];{}
59;[ 3, 4, 4 ];{}
591;[ 2, 2, 2, 3 ];{}
591;[ 2, 2, 2, 4 ];{}
592;[ 2, 2, 2, 3 ];{}
592;[ 2, 2, 2, 4 ];{}
593;[ 2, 2, 2, 3 ];{}
593;[ 2, 2, 2, 4 ];{}
594;[ 2, 2, 2, 3 ];{}
594;[ 2, 2, 2, 4 ];{}
595;[ 2, 2, 2, 3 ];{}
595;[ 2, 2, 2, 4 ];{}
596;[ 2, 2, 2, 3 ];{}
596;[ 2, 2, 2, 4 ];{}
597;[ 2, 2, 2, 3 ];{}
597;[ 2, 2, 2, 4 ];{}
598;[ 2, 2, 2, 3 ];{}
598;[ 2, 2, 2, 4 ];{}
599;[ 2, 2, 2, 3 ];{}
599;[ 2, 2, 2, 4 ];{}
60;[ 2, 2, 2, 3 ];{}
60;[ 2, 2, 2, 4 ];{}
60;[ 2, 3, 24 ];{}
60;[ 2, 3, 28 ];{}
60;[ 2, 4, 12 ];{}
60;[ 2, 4, 16 ];{}
60;[ 2, 4, 8 ];{}
60;[ 2, 6, 6 ];{}
60;[ 3, 4, 4 ];{}
600;[ 2, 2, 2, 3 ];{}
600;[ 2, 2, 2, 4 ];{}
601;[ 2, 2, 2, 3 ];{}
601;[ 2, 2, 2, 4 ];{}
602;[ 2, 2, 2, 3 ];{}
602;[ 2, 2, 2, 4 ];{}
603;[ 2, 2, 2, 3 ];{}
603;[ 2, 2, 2, 4 ];{}
604;[ 2, 2, 2, 3 ];{}
604;[ 2, 2, 2, 4 ];{}
605;[ 2, 2, 2, 3 ];{}
605;[ 2, 2, 2, 4 ];{}
606;[ 2, 2, 2, 3 ];{}
606;[ 2, 2, 2, 4 ];{}
607;[ 2, 2, 2, 3 ];{}
607;[ 2, 2, 2, 4 ];{}
608;[ 2, 2, 2, 3 ];{}
608;[ 2, 2, 2, 4 ];{}
609;[ 2, 2, 2, 3 ];{}
609;[ 2, 2, 2, 4 ];{}
61;[ 2, 2, 2, 3 ];{}
61;[ 2, 2, 2, 4 ];{}
61;[ 2, 3, 24 ];{}
61;[ 2, 3, 28 ];{}
61;[ 2, 4, 12 ];{}
61;[ 2, 4, 16 ];{}
61;[ 2, 4, 8 ];{}
61;[ 2, 6, 6 ];{}
61;[ 3, 4, 4 ];{}
610;[ 2, 2, 2, 3 ];{}
610;[ 2, 2, 2, 4 ];{}
612;[ 2, 2, 2, 3 ];{}
612;[ 2, 2, 2, 4 ];{}
613;[ 2, 2, 2, 3 ];{}
613;[ 2, 2, 2, 4 ];{}
614;[ 2, 2, 2, 3 ];{}
614;[ 2, 2, 2, 4 ];{}
618;[ 2, 2, 2, 3 ];{}
618;[ 2, 2, 2, 4 ];{}
619;[ 2, 2, 2, 3 ];{}
619;[ 2, 2, 2, 4 ];{}
62;[ 2, 2, 2, 3 ];{}
62;[ 2, 2, 2, 4 ];{}
62;[ 2, 3, 24 ];{}
62;[ 2, 3, 28 ];{}
62;[ 2, 4, 12 ];{}
62;[ 2, 4, 16 ];{}
62;[ 2, 4, 8 ];{}
62;[ 2, 6, 6 ];{}
62;[ 3, 4, 4 ];{}
620;[ 2, 2, 2, 3 ];{}
620;[ 2, 2, 2, 4 ];{}
621;[ 2, 2, 2, 3 ];{}
621;[ 2, 2, 2, 4 ];{}
622;[ 2, 2, 2, 3 ];{}
622;[ 2, 2, 2, 4 ];{}
623;[ 2, 2, 2, 3 ];{}
623;[ 2, 2, 2, 4 ];{}
624;[ 2, 2, 2, 3 ];{}
624;[ 2, 2, 2, 4 ];{}
625;[ 2, 2, 2, 3 ];{}
625;[ 2, 2, 2, 4 ];{}
626;[ 2, 2, 2, 3 ];{}
626;[ 2, 2, 2, 4 ];{}
627;[ 2, 2, 2, 3 ];{}
627;[ 2, 2, 2, 4 ];{}
628;[ 2, 2, 2, 3 ];{}
628;[ 2, 2, 2, 4 ];{}
629;[ 2, 2, 2, 3 ];{}
629;[ 2, 2, 2, 4 ];{}
63;[ 2, 2, 2, 3 ];{}
63;[ 2, 2, 2, 4 ];{}
63;[ 2, 3, 24 ];{}
63;[ 2, 3, 28 ];{}
63;[ 2, 4, 12 ];{}
63;[ 2, 4, 16 ];{}
63;[ 2, 4, 8 ];{}
63;[ 2, 6, 6 ];{}
63;[ 3, 4, 4 ];{}
630;[ 2, 2, 2, 3 ];{}
630;[ 2, 2, 2, 4 ];{}
631;[ 2, 2, 2, 3 ];{}
631;[ 2, 2, 2, 4 ];{}
632;[ 2, 2, 2, 3 ];{}
632;[ 2, 2, 2, 4 ];{}
633;[ 2, 2, 2, 3 ];{}
633;[ 2, 2, 2, 4 ];{}
634;[ 2, 2, 2, 3 ];{}
634;[ 2, 2, 2, 4 ];{}
635;[ 2, 2, 2, 3 ];{}
635;[ 2, 2, 2, 4 ];{}
636;[ 2, 2, 2, 3 ];{}
636;[ 2, 2, 2, 4 ];{}
637;[ 2, 2, 2, 3 ];{}
637;[ 2, 2, 2, 4 ];{}
638;[ 2, 2, 2, 3 ];{}
638;[ 2, 2, 2, 4 ];{}
639;[ 2, 2, 2, 3 ];{}
639;[ 2, 2, 2, 4 ];{}
64;[ 2, 2, 2, 3 ];{}
64;[ 2, 2, 2, 4 ];{}
64;[ 2, 3, 24 ];{}
64;[ 2, 3, 28 ];{}
64;[ 2, 4, 12 ];{}
64;[ 2, 4, 16 ];{}
64;[ 2, 4, 8 ];{}
64;[ 2, 6, 6 ];{}
64;[ 3, 4, 4 ];{}
640;[ 2, 2, 2, 3 ];{}
640;[ 2, 2, 2, 4 ];{}
641;[ 2, 2, 2, 3 ];{}
641;[ 2, 2, 2, 4 ];{}
642;[ 2, 2, 2, 3 ];{}
642;[ 2, 2, 2, 4 ];{}
643;[ 2, 2, 2, 3 ];{}
643;[ 2, 2, 2, 4 ];{}
644;[ 2, 2, 2, 3 ];{}
644;[ 2, 2, 2, 4 ];{}
645;[ 2, 2, 2, 3 ];{}
645;[ 2, 2, 2, 4 ];{}
646;[ 2, 2, 2, 3 ];{}
646;[ 2, 2, 2, 4 ];{}
647;[ 2, 2, 2, 3 ];{}
647;[ 2, 2, 2, 4 ];{}
648;[ 2, 2, 2, 3 ];{}
648;[ 2, 2, 2, 4 ];{}
649;[ 2, 2, 2, 3 ];{}
649;[ 2, 2, 2, 4 ];{}
65;[ 2, 2, 2, 3 ];{}
65;[ 2, 2, 2, 4 ];{}
65;[ 2, 3, 24 ];{}
65;[ 2, 3, 28 ];{}
65;[ 2, 4, 12 ];{}
65;[ 2, 4, 16 ];{}
65;[ 2, 4, 8 ];{}
65;[ 2, 6, 6 ];{}
65;[ 3, 4, 4 ];{}
650;[ 2, 2, 2, 3 ];{}
650;[ 2, 2, 2, 4 ];{}
651;[ 2, 2, 2, 3 ];{}
651;[ 2, 2, 2, 4 ];{}
652;[ 2, 2, 2, 3 ];{}
652;[ 2, 2, 2, 4 ];{}
653;[ 2, 2, 2, 3 ];{}
653;[ 2, 2, 2, 4 ];{}
654;[ 2, 2, 2, 3 ];{}
654;[ 2, 2, 2, 4 ];{}
655;[ 2, 2, 2, 3 ];{}
655;[ 2, 2, 2, 4 ];{}
656;[ 2, 2, 2, 3 ];{}
656;[ 2, 2, 2, 4 ];{}
657;[ 2, 2, 2, 3 ];{}
657;[ 2, 2, 2, 4 ];{}
658;[ 2, 2, 2, 3 ];{}
658;[ 2, 2, 2, 4 ];{}
659;[ 2, 2, 2, 3 ];{}
659;[ 2, 2, 2, 4 ];{}
660;[ 2, 2, 2, 3 ];{}
660;[ 2, 2, 2, 4 ];{}
661;[ 2, 2, 2, 3 ];{}
661;[ 2, 2, 2, 4 ];{}
662;[ 2, 2, 2, 3 ];{}
662;[ 2, 2, 2, 4 ];{}
663;[ 2, 2, 2, 3 ];{}
663;[ 2, 2, 2, 4 ];{}
664;[ 2, 2, 2, 3 ];{}
664;[ 2, 2, 2, 4 ];{}
665;[ 2, 2, 2, 3 ];{}
665;[ 2, 2, 2, 4 ];{}
666;[ 2, 2, 2, 3 ];{}
666;[ 2, 2, 2, 4 ];{}
667;[ 2, 2, 2, 3 ];{}
667;[ 2, 2, 2, 4 ];{}
668;[ 2, 2, 2, 3 ];{}
668;[ 2, 2, 2, 4 ];{}
669;[ 2, 2, 2, 3 ];{}
669;[ 2, 2, 2, 4 ];{}
670;[ 2, 2, 2, 3 ];{}
670;[ 2, 2, 2, 4 ];{}
674;[ 2, 2, 2, 3 ];{}
674;[ 2, 2, 2, 4 ];{}
675;[ 2, 2, 2, 3 ];{}
675;[ 2, 2, 2, 4 ];{}
677;[ 2, 2, 2, 3 ];{}
677;[ 2, 2, 2, 4 ];{}
678;[ 2, 2, 2, 3 ];{}
678;[ 2, 2, 2, 4 ];{}
680;[ 2, 2, 2, 3 ];{}
680;[ 2, 2, 2, 4 ];{}
681;[ 2, 2, 2, 3 ];{}
681;[ 2, 2, 2, 4 ];{}
683;[ 2, 2, 2, 3 ];{}
683;[ 2, 2, 2, 4 ];{}
686;[ 2, 2, 2, 3 ];{}
686;[ 2, 2, 2, 4 ];{}
687;[ 2, 2, 2, 3 ];{}
687;[ 2, 2, 2, 4 ];{}
69;[ 2, 4, 12 ];{}
69;[ 2, 4, 8 ];{}
69;[ 3, 4, 4 ];{}
690;[ 2, 2, 2, 3 ];{}
690;[ 2, 2, 2, 4 ];{}
692;[ 2, 2, 2, 3 ];{}
692;[ 2, 2, 2, 4 ];{}
693;[ 2, 2, 2, 3 ];{}
693;[ 2, 2, 2, 4 ];{}
694;[ 2, 2, 2, 3 ];{}
694;[ 2, 2, 2, 4 ];{}
699;[ 2, 2, 2, 3 ];{}
699;[ 2, 2, 2, 4 ];{}
70;[ 2, 4, 12 ];{}
70;[ 2, 4, 8 ];{}
70;[ 3, 4, 4 ];{}
701;[ 2, 2, 2, 3 ];{}
701;[ 2, 2, 2, 4 ];{}
702;[ 2, 2, 2, 3 ];{}
702;[ 2, 2, 2, 4 ];{}
706;[ 2, 2, 2, 3 ];{}
706;[ 2, 2, 2, 4 ];{}
707;[ 2, 2, 2, 3 ];{}
707;[ 2, 2, 2, 4 ];{}
708;[ 2, 2, 2, 3 ];{}
708;[ 2, 2, 2, 4 ];{}
709;[ 2, 2, 2, 3 ];{}
709;[ 2, 2, 2, 4 ];{}
71;[ 2, 4, 12 ];{}
71;[ 2, 4, 8 ];{}
71;[ 3, 4, 4 ];{}
710;[ 2, 2, 2, 3 ];{}
710;[ 2, 2, 2, 4 ];{}
711;[ 2, 2, 2, 3 ];{}
711;[ 2, 2, 2, 4 ];{}
712;[ 2, 2, 2, 3 ];{}
712;[ 2, 2, 2, 4 ];{}
713;[ 2, 2, 2, 3 ];{}
713;[ 2, 2, 2, 4 ];{}
714;[ 2, 2, 2, 3 ];{}
714;[ 2, 2, 2, 4 ];{}
715;[ 2, 2, 2, 3 ];{}
715;[ 2, 2, 2, 4 ];{}
716;[ 2, 2, 2, 3 ];{}
716;[ 2, 2, 2, 4 ];{}
717;[ 2, 2, 2, 3 ];{}
717;[ 2, 2, 2, 4 ];{}
718;[ 2, 2, 2, 3 ];{}
718;[ 2, 2, 2, 4 ];{}
719;[ 2, 2, 2, 3 ];{}
719;[ 2, 2, 2, 4 ];{}
720;[ 2, 2, 2, 3 ];{}
720;[ 2, 2, 2, 4 ];{}
721;[ 2, 2, 2, 3 ];{}
721;[ 2, 2, 2, 4 ];{}
75;[ 2, 4, 12 ];{}
75;[ 2, 4, 8 ];{}
75;[ 3, 4, 4 ];{}
753;[ 2, 6, 6 ];{}
755;[ 2, 6, 6 ];{}
756;[ 2, 6, 6 ];{}
757;[ 2, 6, 6 ];{}
758;[ 2, 6, 6 ];{}
76;[ 2, 4, 12 ];{}
76;[ 2, 4, 8 ];{}
76;[ 3, 4, 4 ];{}
77;[ 2, 4, 12 ];{}
77;[ 2, 4, 8 ];{}
77;[ 3, 4, 4 ];{}
78;[ 2, 4, 12 ];{}
78;[ 2, 4, 8 ];{}
78;[ 3, 4, 4 ];{}
79;[ 2, 4, 12 ];{}
79;[ 2, 4, 8 ];{}
79;[ 3, 4, 4 ];{}
80;[ 2, 4, 12 ];{}
80;[ 2, 4, 8 ];{}
80;[ 3, 4, 4 ];{}
81;[ 2, 4, 12 ];{}
81;[ 2, 4, 8 ];{}
81;[ 3, 4, 4 ];{}
82;[ 2, 4, 12 ];{}
82;[ 2, 4, 8 ];{}
82;[ 3, 4, 4 ];{}
83;[ 2, 4, 12 ];{}
83;[ 2, 4, 8 ];{}
83;[ 3, 4, 4 ];{}
84;[ 2, 4, 12 ];{}
84;[ 2, 4, 8 ];{}
84;[ 3, 4, 4 ];{}
85;[ 2, 4, 12 ];{}
85;[ 2, 4, 8 ];{}
85;[ 3, 4, 4 ];{}
86;[ 2, 4, 12 ];{}
86;[ 2, 4, 8 ];{}
86;[ 3, 4, 4 ];{}
87;[ 2, 4, 12 ];{}
87;[ 2, 4, 8 ];{}
87;[ 3, 4, 4 ];{}
88;[ 2, 4, 12 ];{}
88;[ 2, 4, 8 ];{}
88;[ 3, 4, 4 ];{}
89;[ 2, 4, 12 ];{}
89;[ 2, 4, 8 ];{}
89;[ 3, 4, 4 ];{}
9;[ 2, 3, 12 ];{}
9;[ 2, 3, 24 ];{}
9;[ 2, 6, 6 ];{}
90;[ 2, 4, 12 ];{}
90;[ 2, 4, 8 ];{}
90;[ 3, 4, 4 ];{}
91;[ 2, 4, 12 ];{}
91;[ 2, 4, 8 ];{}
91;[ 3, 4, 4 ];{}
92;[ 2, 4, 12 ];{}
92;[ 2, 4, 8 ];{}
92;[ 3, 4, 4 ];{}
93;[ 2, 4, 12 ];{}
93;[ 2, 4, 8 ];{}
93;[ 3, 4, 4 ];{}
934;[ 2, 2, 2, 3 ];{}
934;[ 2, 2, 2, 4 ];{}
935;[ 2, 2, 2, 3 ];{}
935;[ 2, 2, 2, 4 ];{}
939;[ 2, 2, 2, 3 ];{}
939;[ 2, 2, 2, 4 ];{}
94;[ 2, 4, 12 ];{}
94;[ 2, 4, 8 ];{}
94;[ 3, 4, 4 ];{}
940;[ 2, 2, 2, 3 ];{}
940;[ 2, 2, 2, 4 ];{}
941;[ 2, 2, 2, 3 ];{}
941;[ 2, 2, 2, 4 ];{}
943;[ 2, 2, 2, 3 ];{}
943;[ 2, 2, 2, 4 ];{}
944;[ 2, 2, 2, 3 ];{}
944;[ 2, 2, 2, 4 ];{}
947;[ 2, 2, 2, 3 ];{}
947;[ 2, 2, 2, 4 ];{[ $.1 * $.2 * $.3 * $.4 * $.5 * $.7^4, $.1 * $.6^2 * $.7^4, $.1 * $.2 * $.7^6, $.1 * $.3 * $.4 * $.6 * $.7^6 ]}
948;[ 2, 2, 2, 3 ];{}
948;[ 2, 2, 2, 4 ];{}
949;[ 2, 2, 2, 3 ];{}
949;[ 2, 2, 2, 4 ];{}
95;[ 2, 4, 12 ];{}
95;[ 2, 4, 8 ];{}
95;[ 3, 4, 4 ];{}
950;[ 2, 2, 2, 3 ];{}
950;[ 2, 2, 2, 4 ];{}
951;[ 2, 2, 2, 3 ];{}
951;[ 2, 2, 2, 4 ];{}
953;[ 2, 2, 2, 3 ];{}
953;[ 2, 2, 2, 4 ];{}
954;[ 2, 2, 2, 3 ];{}
954;[ 2, 2, 2, 4 ];{}
955;[ 2, 2, 2, 3 ];{}
955;[ 2, 2, 2, 4 ];{}
959;[ 2, 2, 2, 3 ];{}
959;[ 2, 2, 2, 4 ];{}
96;[ 2, 4, 12 ];{}
96;[ 2, 4, 8 ];{}
96;[ 3, 4, 4 ];{}
960;[ 2, 2, 2, 3 ];{}
960;[ 2, 2, 2, 4 ];{[ $.1 * $.2 * $.5 * $.6 * $.7^4, $.1 * $.5 * $.6^2 * $.7^3, $.1 * $.3 * $.6^2 * $.7^4, $.1 * $.2 * $.3 * $.6 * $.7^5 ]}
961;[ 2, 2, 2, 3 ];{}
961;[ 2, 2, 2, 4 ];{}
962;[ 2, 2, 2, 3 ];{}
962;[ 2, 2, 2, 4 ];{}
963;[ 2, 2, 2, 3 ];{}
963;[ 2, 2, 2, 4 ];{}
967;[ 2, 2, 2, 3 ];{}
967;[ 2, 2, 2, 4 ];{}
968;[ 2, 2, 2, 3 ];{}
968;[ 2, 2, 2, 4 ];{}
969;[ 2, 2, 2, 3 ];{}
969;[ 2, 2, 2, 4 ];{}
97;[ 2, 4, 12 ];{}
97;[ 2, 4, 8 ];{}
97;[ 3, 4, 4 ];{}
970;[ 2, 2, 2, 3 ];{}
970;[ 2, 2, 2, 4 ];{}
973;[ 2, 2, 2, 3 ];{}
973;[ 2, 2, 2, 4 ];{[ $.1 * $.2 * $.5 * $.7^2, $.1 * $.4 * $.5 * $.7^5, $.1 * $.3 * $.4 * $.6 * $.7^4, $.1 * $.2 * $.3 * $.6 * $.7 ]}
974;[ 2, 2, 2, 3 ];{}
974;[ 2, 2, 2, 4 ];{}
975;[ 2, 2, 2, 3 ];{}
975;[ 2, 2, 2, 4 ];{}
976;[ 2, 2, 2, 3 ];{}
976;[ 2, 2, 2, 4 ];{}
977;[ 2, 2, 2, 3 ];{}
977;[ 2, 2, 2, 4 ];{}
978;[ 2, 2, 2, 3 ];{}
978;[ 2, 2, 2, 4 ];{}
979;[ 2, 2, 2, 3 ];{}
979;[ 2, 2, 2, 4 ];{}
98;[ 2, 4, 12 ];{}
98;[ 2, 4, 8 ];{}
98;[ 3, 4, 4 ];{}
980;[ 2, 2, 2, 3 ];{}
980;[ 2, 2, 2, 4 ];{}
981;[ 2, 2, 2, 3 ];{}
981;[ 2, 2, 2, 4 ];{}
982;[ 2, 2, 2, 3 ];{}
982;[ 2, 2, 2, 4 ];{}
983;[ 2, 2, 2, 3 ];{}
983;[ 2, 2, 2, 4 ];{}
984;[ 2, 2, 2, 3 ];{}
984;[ 2, 2, 2, 4 ];{}
989;[ 2, 2, 2, 3 ];{}
989;[ 2, 2, 2, 4 ];{}
994;[ 2, 2, 2, 3 ];{}
994;[ 2, 2, 2, 4 ];{}
995;[ 2, 2, 2, 3 ];{}
995;[ 2, 2, 2, 4 ];{}
996;[ 2, 2, 2, 3 ];{}
996;[ 2, 2, 2, 4 ];{}
997;[ 2, 2, 2, 3 ];{}
997;[ 2, 2, 2, 4 ];{}
998;[ 2, 2, 2, 3 ];{}
998;[ 2, 2, 2, 4 ];{}
