10;[ 2, 2, 2, 3 ];{}
10;[ 2, 2, 2, 4 ];{}
10;[ 2, 3, 174 ];{}
10;[ 2, 4, 87 ];{}
11;[ 2, 2, 2, 3 ];{}
11;[ 2, 2, 2, 4 ];{}
11;[ 2, 3, 116 ];{}
11;[ 2, 3, 174 ];{}
11;[ 2, 4, 87 ];{}
12;[ 2, 2, 2, 3 ];{}
12;[ 2, 2, 2, 4 ];{}
12;[ 2, 3, 174 ];{}
12;[ 2, 4, 87 ];{}
13;[ 2, 2, 2, 3 ];{}
13;[ 2, 2, 2, 4 ];{}
13;[ 2, 3, 116 ];{}
13;[ 2, 3, 174 ];{}
13;[ 2, 4, 87 ];{}
19;[ 2, 3, 174 ];{}
25;[ 2, 2, 2, 4 ];{}
27;[ 2, 2, 2, 4 ];{}
29;[ 2, 2, 2, 3 ];{}
29;[ 2, 2, 2, 4 ];{}
29;[ 2, 3, 174 ];{}
29;[ 2, 4, 87 ];{}
35;[ 2, 2, 2, 3 ];{}
35;[ 2, 4, 87 ];{[ $.1 * $.2^2 * $.3^17 * $.5, $.2 * $.3^22 * $.4 * $.5, $.1 * $.3^10 ]}
39;[ 2, 2, 2, 3 ];{}
43;[ 2, 2, 2, 3 ];{}
