100;[ 2, 4, 8 ];{}
101;[ 2, 4, 8 ];{}
103;[ 2, 4, 8 ];{}
104;[ 2, 4, 8 ];{}
105;[ 2, 4, 8 ];{}
108;[ 2, 4, 8 ];{}
109;[ 2, 4, 8 ];{}
111;[ 2, 4, 8 ];{}
112;[ 2, 4, 8 ];{}
113;[ 2, 4, 8 ];{}
114;[ 2, 4, 8 ];{}
115;[ 2, 4, 8 ];{}
116;[ 2, 4, 8 ];{}
117;[ 2, 4, 8 ];{}
119;[ 2, 4, 8 ];{}
120;[ 2, 4, 8 ];{}
121;[ 2, 4, 8 ];{}
122;[ 2, 4, 8 ];{}
123;[ 2, 4, 8 ];{}
124;[ 2, 4, 8 ];{}
188;[ 2, 2, 2, 4 ];{}
189;[ 2, 2, 2, 4 ];{}
190;[ 2, 2, 2, 4 ];{}
191;[ 2, 2, 2, 4 ];{}
192;[ 2, 2, 2, 4 ];{}
193;[ 2, 2, 2, 4 ];{}
194;[ 2, 2, 2, 4 ];{}
203;[ 2, 2, 2, 4 ];{[ $.1 * $.2 * $.4 * $.6 * $.7^8, $.1 * $.2 * $.3 * $.4 * $.5 * $.7^4, $.1 * $.4 * $.6 * $.7^3, $.1 * $.3 * $.5 * $.7^7 ]}
204;[ 2, 2, 2, 4 ];{}
205;[ 2, 2, 2, 4 ];{}
206;[ 2, 2, 2, 4 ];{}
207;[ 2, 2, 2, 4 ];{}
208;[ 2, 2, 2, 4 ];{}
209;[ 2, 2, 2, 4 ];{}
21;[ 2, 4, 8 ];{}
212;[ 2, 2, 2, 4 ];{}
213;[ 2, 2, 2, 4 ];{}
214;[ 2, 2, 2, 4 ];{}
215;[ 2, 2, 2, 4 ];{}
22;[ 2, 4, 8 ];{}
225;[ 2, 2, 2, 4 ];{}
226;[ 2, 2, 2, 4 ];{}
227;[ 2, 2, 2, 4 ];{}
228;[ 2, 2, 2, 4 ];{}
229;[ 2, 2, 2, 4 ];{}
23;[ 2, 4, 8 ];{}
231;[ 2, 2, 2, 4 ];{}
234;[ 2, 2, 2, 4 ];{}
235;[ 2, 2, 2, 4 ];{}
24;[ 2, 4, 8 ];{}
244;[ 2, 2, 2, 4 ];{[ $.1 * $.2 * $.3 * $.6 * $.7^10, $.1 * $.2 * $.4 * $.5 * $.7^4, $.1 * $.5 * $.7^7, $.1 * $.3 * $.4 * $.7^2 ]}
245;[ 2, 2, 2, 4 ];{}
246;[ 2, 2, 2, 4 ];{}
247;[ 2, 2, 2, 4 ];{}
253;[ 2, 2, 2, 4 ];{}
254;[ 2, 2, 2, 4 ];{}
255;[ 2, 2, 2, 4 ];{}
263;[ 2, 2, 2, 4 ];{}
264;[ 2, 2, 2, 4 ];{[ $.1 * $.2 * $.3 * $.7^9, $.1 * $.7^2, $.1 * $.2 * $.7, $.1 * $.3 * $.5 * $.7^8 ]}
265;[ 2, 2, 2, 4 ];{}
266;[ 2, 2, 2, 4 ];{}
267;[ 2, 2, 2, 4 ];{}
268;[ 2, 2, 2, 4 ];{}
269;[ 2, 2, 2, 4 ];{}
27;[ 2, 4, 8 ];{}
270;[ 2, 2, 2, 4 ];{}
271;[ 2, 2, 2, 4 ];{}
273;[ 2, 2, 2, 4 ];{[ $.1 * $.2 * $.4 * $.5 * $.7^8, $.1 * $.4 * $.6 * $.7^9, $.1 * $.3 * $.5 * $.7^5, $.1 * $.2 * $.3 * $.5 * $.7^4 ]}
274;[ 2, 2, 2, 4 ];{}
278;[ 2, 2, 2, 4 ];{}
279;[ 2, 2, 2, 4 ];{[ $.1 * $.2 * $.3 * $.7, $.1 * $.4 * $.7^6, $.1 * $.2 * $.6 * $.7^4, $.1 * $.3 * $.4 * $.5 * $.6 * $.7^10 ]}
28;[ 2, 4, 8 ];{}
280;[ 2, 2, 2, 4 ];{}
281;[ 2, 2, 2, 4 ];{}
284;[ 2, 2, 2, 4 ];{}
285;[ 2, 2, 2, 4 ];{[ $.1 * $.2 * $.3 * $.4 * $.6 * $.7^6, $.1 * $.2 * $.4 * $.6 * $.7^6, $.1 * $.6, $.1 * $.3 * $.5 * $.6 ]}
286;[ 2, 2, 2, 4 ];{}
287;[ 2, 2, 2, 4 ];{}
29;[ 2, 4, 8 ];{}
291;[ 2, 2, 2, 4 ];{}
292;[ 2, 2, 2, 4 ];{}
293;[ 2, 2, 2, 4 ];{}
294;[ 2, 2, 2, 4 ];{}
295;[ 2, 2, 2, 4 ];{}
296;[ 2, 2, 2, 4 ];{}
297;[ 2, 2, 2, 4 ];{}
298;[ 2, 2, 2, 4 ];{}
299;[ 2, 2, 2, 4 ];{}
300;[ 2, 2, 2, 4 ];{}
305;[ 2, 2, 2, 4 ];{}
306;[ 2, 2, 2, 4 ];{}
307;[ 2, 2, 2, 4 ];{}
308;[ 2, 2, 2, 4 ];{}
309;[ 2, 2, 2, 4 ];{}
310;[ 2, 2, 2, 4 ];{}
311;[ 2, 2, 2, 4 ];{}
312;[ 2, 2, 2, 4 ];{}
313;[ 2, 2, 2, 4 ];{}
314;[ 2, 2, 2, 4 ];{}
315;[ 2, 2, 2, 4 ];{}
316;[ 2, 2, 2, 4 ];{}
318;[ 2, 2, 2, 4 ];{}
319;[ 2, 2, 2, 4 ];{}
32;[ 2, 4, 8 ];{}
323;[ 2, 2, 2, 4 ];{}
324;[ 2, 2, 2, 4 ];{}
325;[ 2, 2, 2, 4 ];{}
326;[ 2, 2, 2, 4 ];{}
327;[ 2, 2, 2, 4 ];{}
328;[ 2, 2, 2, 4 ];{}
329;[ 2, 2, 2, 4 ];{}
33;[ 2, 4, 8 ];{}
330;[ 2, 2, 2, 4 ];{}
331;[ 2, 2, 2, 4 ];{}
332;[ 2, 2, 2, 4 ];{}
337;[ 2, 2, 2, 4 ];{}
338;[ 2, 2, 2, 4 ];{}
339;[ 2, 2, 2, 4 ];{}
34;[ 2, 4, 8 ];{}
340;[ 2, 2, 2, 4 ];{}
341;[ 2, 2, 2, 4 ];{}
342;[ 2, 2, 2, 4 ];{}
343;[ 2, 2, 2, 4 ];{}
344;[ 2, 2, 2, 4 ];{}
345;[ 2, 2, 2, 4 ];{}
346;[ 2, 2, 2, 4 ];{}
347;[ 2, 2, 2, 4 ];{}
348;[ 2, 2, 2, 4 ];{}
35;[ 2, 4, 8 ];{}
350;[ 2, 2, 2, 4 ];{}
351;[ 2, 2, 2, 4 ];{}
354;[ 2, 2, 2, 4 ];{}
357;[ 2, 2, 2, 4 ];{}
358;[ 2, 2, 2, 4 ];{}
359;[ 2, 2, 2, 4 ];{}
361;[ 2, 2, 2, 4 ];{}
373;[ 2, 2, 2, 4 ];{}
374;[ 2, 2, 2, 4 ];{}
375;[ 2, 2, 2, 4 ];{[ $.1 * $.2 * $.5 * $.7^10, $.1 * $.4 * $.5 * $.7^5, $.1 * $.3 * $.7, $.1 * $.2 * $.3 * $.4 * $.6 * $.7^6 ]}
376;[ 2, 2, 2, 4 ];{}
377;[ 2, 2, 2, 4 ];{}
378;[ 2, 2, 2, 4 ];{}
379;[ 2, 2, 2, 4 ];{}
38;[ 2, 4, 8 ];{}
380;[ 2, 2, 2, 4 ];{}
381;[ 2, 2, 2, 4 ];{}
382;[ 2, 2, 2, 4 ];{}
383;[ 2, 2, 2, 4 ];{}
386;[ 2, 2, 2, 4 ];{}
387;[ 2, 2, 2, 4 ];{}
388;[ 2, 2, 2, 4 ];{}
389;[ 2, 2, 2, 4 ];{}
39;[ 2, 4, 8 ];{}
390;[ 2, 2, 2, 4 ];{}
394;[ 2, 2, 2, 4 ];{}
395;[ 2, 2, 2, 4 ];{}
396;[ 2, 2, 2, 4 ];{}
397;[ 2, 2, 2, 4 ];{}
398;[ 2, 2, 2, 4 ];{}
399;[ 2, 2, 2, 4 ];{}
400;[ 2, 2, 2, 4 ];{}
402;[ 2, 2, 2, 4 ];{}
403;[ 2, 2, 2, 4 ];{}
406;[ 2, 2, 2, 4 ];{}
407;[ 2, 2, 2, 4 ];{}
408;[ 2, 2, 2, 4 ];{}
409;[ 2, 2, 2, 4 ];{}
410;[ 2, 2, 2, 4 ];{}
414;[ 2, 2, 2, 4 ];{}
415;[ 2, 2, 2, 4 ];{}
416;[ 2, 2, 2, 4 ];{}
417;[ 2, 2, 2, 4 ];{}
418;[ 2, 2, 2, 4 ];{}
419;[ 2, 2, 2, 4 ];{}
42;[ 2, 4, 8 ];{}
420;[ 2, 2, 2, 4 ];{}
422;[ 2, 2, 2, 4 ];{}
423;[ 2, 2, 2, 4 ];{}
428;[ 2, 2, 2, 4 ];{}
429;[ 2, 2, 2, 4 ];{}
43;[ 2, 4, 8 ];{}
430;[ 2, 2, 2, 4 ];{}
434;[ 2, 2, 2, 4 ];{}
435;[ 2, 2, 2, 4 ];{}
436;[ 2, 2, 2, 4 ];{}
437;[ 2, 2, 2, 4 ];{}
44;[ 2, 4, 8 ];{}
440;[ 2, 2, 2, 4 ];{[ $.1 * $.3 * $.4 * $.5 * $.7^8, $.1 * $.4 * $.5 * $.7^6, $.1 * $.2 * $.3 * $.4 * $.5 * $.6, $.1 * $.2 * $.5 * $.7^2 ]}
441;[ 2, 2, 2, 4 ];{}
442;[ 2, 2, 2, 4 ];{}
443;[ 2, 2, 2, 4 ];{}
444;[ 2, 2, 2, 4 ];{}
445;[ 2, 2, 2, 4 ];{}
446;[ 2, 2, 2, 4 ];{}
447;[ 2, 2, 2, 4 ];{}
448;[ 2, 2, 2, 4 ];{}
449;[ 2, 2, 2, 4 ];{}
45;[ 2, 4, 8 ];{}
450;[ 2, 2, 2, 4 ];{}
451;[ 2, 2, 2, 4 ];{}
46;[ 2, 4, 8 ];{}
47;[ 2, 4, 8 ];{}
479;[ 2, 2, 2, 4 ];{}
48;[ 2, 4, 8 ];{}
480;[ 2, 2, 2, 4 ];{}
481;[ 2, 2, 2, 4 ];{}
484;[ 2, 2, 2, 4 ];{}
485;[ 2, 2, 2, 4 ];{}
49;[ 2, 4, 8 ];{}
491;[ 2, 2, 2, 4 ];{}
492;[ 2, 2, 2, 4 ];{}
493;[ 2, 2, 2, 4 ];{}
499;[ 2, 2, 2, 4 ];{}
5;[ 2, 2, 2, 4 ];{}
50;[ 2, 4, 8 ];{}
500;[ 2, 2, 2, 4 ];{}
502;[ 2, 2, 2, 4 ];{}
503;[ 2, 2, 2, 4 ];{}
51;[ 2, 4, 8 ];{}
511;[ 2, 2, 2, 4 ];{}
512;[ 2, 2, 2, 4 ];{}
514;[ 2, 2, 2, 4 ];{}
515;[ 2, 2, 2, 4 ];{}
516;[ 2, 2, 2, 4 ];{}
518;[ 2, 2, 2, 4 ];{}
52;[ 2, 4, 8 ];{}
523;[ 2, 2, 2, 4 ];{}
524;[ 2, 2, 2, 4 ];{}
525;[ 2, 2, 2, 4 ];{}
526;[ 2, 2, 2, 4 ];{}
528;[ 2, 2, 2, 4 ];{}
53;[ 2, 4, 8 ];{}
535;[ 2, 2, 2, 4 ];{}
539;[ 2, 2, 2, 4 ];{}
54;[ 2, 4, 8 ];{}
540;[ 2, 2, 2, 4 ];{}
541;[ 2, 2, 2, 4 ];{}
547;[ 2, 2, 2, 4 ];{}
548;[ 2, 2, 2, 4 ];{}
551;[ 2, 2, 2, 4 ];{}
552;[ 2, 2, 2, 4 ];{}
553;[ 2, 2, 2, 4 ];{}
554;[ 2, 2, 2, 4 ];{}
559;[ 2, 2, 2, 4 ];{}
560;[ 2, 2, 2, 4 ];{}
563;[ 2, 2, 2, 4 ];{}
564;[ 2, 2, 2, 4 ];{}
565;[ 2, 2, 2, 4 ];{}
566;[ 2, 2, 2, 4 ];{}
567;[ 2, 2, 2, 4 ];{}
568;[ 2, 2, 2, 4 ];{}
569;[ 2, 2, 2, 4 ];{}
570;[ 2, 2, 2, 4 ];{}
571;[ 2, 2, 2, 4 ];{}
572;[ 2, 2, 2, 4 ];{}
573;[ 2, 2, 2, 4 ];{}
574;[ 2, 2, 2, 4 ];{}
575;[ 2, 2, 2, 4 ];{}
576;[ 2, 2, 2, 4 ];{}
577;[ 2, 2, 2, 4 ];{}
578;[ 2, 2, 2, 4 ];{}
579;[ 2, 2, 2, 4 ];{}
580;[ 2, 2, 2, 4 ];{}
581;[ 2, 2, 2, 4 ];{}
582;[ 2, 2, 2, 4 ];{}
583;[ 2, 2, 2, 4 ];{}
584;[ 2, 2, 2, 4 ];{}
585;[ 2, 2, 2, 4 ];{}
586;[ 2, 2, 2, 4 ];{}
587;[ 2, 2, 2, 4 ];{}
588;[ 2, 2, 2, 4 ];{}
589;[ 2, 2, 2, 4 ];{}
590;[ 2, 2, 2, 4 ];{}
591;[ 2, 2, 2, 4 ];{}
592;[ 2, 2, 2, 4 ];{}
593;[ 2, 2, 2, 4 ];{}
594;[ 2, 2, 2, 4 ];{}
595;[ 2, 2, 2, 4 ];{}
596;[ 2, 2, 2, 4 ];{}
597;[ 2, 2, 2, 4 ];{}
598;[ 2, 2, 2, 4 ];{}
599;[ 2, 2, 2, 4 ];{}
6;[ 2, 2, 2, 4 ];{}
60;[ 2, 4, 8 ];{}
600;[ 2, 2, 2, 4 ];{}
601;[ 2, 2, 2, 4 ];{}
602;[ 2, 2, 2, 4 ];{}
603;[ 2, 2, 2, 4 ];{}
604;[ 2, 2, 2, 4 ];{}
605;[ 2, 2, 2, 4 ];{}
606;[ 2, 2, 2, 4 ];{}
607;[ 2, 2, 2, 4 ];{}
608;[ 2, 2, 2, 4 ];{}
609;[ 2, 2, 2, 4 ];{}
61;[ 2, 4, 8 ];{}
610;[ 2, 2, 2, 4 ];{}
611;[ 2, 2, 2, 4 ];{}
612;[ 2, 2, 2, 4 ];{}
613;[ 2, 2, 2, 4 ];{}
614;[ 2, 2, 2, 4 ];{}
615;[ 2, 2, 2, 4 ];{}
616;[ 2, 2, 2, 4 ];{}
617;[ 2, 2, 2, 4 ];{}
618;[ 2, 2, 2, 4 ];{}
619;[ 2, 2, 2, 4 ];{}
62;[ 2, 4, 8 ];{}
620;[ 2, 2, 2, 4 ];{}
621;[ 2, 2, 2, 4 ];{}
622;[ 2, 2, 2, 4 ];{}
623;[ 2, 2, 2, 4 ];{}
624;[ 2, 2, 2, 4 ];{}
625;[ 2, 2, 2, 4 ];{}
626;[ 2, 2, 2, 4 ];{}
627;[ 2, 2, 2, 4 ];{}
63;[ 2, 4, 8 ];{}
646;[ 2, 2, 2, 4 ];{}
647;[ 2, 2, 2, 4 ];{}
648;[ 2, 2, 2, 4 ];{}
66;[ 2, 4, 8 ];{}
666;[ 2, 2, 2, 4 ];{}
667;[ 2, 2, 2, 4 ];{}
669;[ 2, 2, 2, 4 ];{}
67;[ 2, 4, 8 ];{}
673;[ 2, 2, 2, 4 ];{}
674;[ 2, 2, 2, 4 ];{}
675;[ 2, 2, 2, 4 ];{}
678;[ 2, 2, 2, 4 ];{}
679;[ 2, 2, 2, 4 ];{}
680;[ 2, 2, 2, 4 ];{}
682;[ 2, 2, 2, 4 ];{}
683;[ 2, 2, 2, 4 ];{}
685;[ 2, 2, 2, 4 ];{}
686;[ 2, 2, 2, 4 ];{}
687;[ 2, 2, 2, 4 ];{}
688;[ 2, 2, 2, 4 ];{}
689;[ 2, 2, 2, 4 ];{}
69;[ 2, 4, 8 ];{}
690;[ 2, 2, 2, 4 ];{}
691;[ 2, 2, 2, 4 ];{}
692;[ 2, 2, 2, 4 ];{}
694;[ 2, 2, 2, 4 ];{}
695;[ 2, 2, 2, 4 ];{}
697;[ 2, 2, 2, 4 ];{}
698;[ 2, 2, 2, 4 ];{}
699;[ 2, 2, 2, 4 ];{}
7;[ 2, 2, 2, 4 ];{}
70;[ 2, 4, 8 ];{}
700;[ 2, 2, 2, 4 ];{}
701;[ 2, 2, 2, 4 ];{}
702;[ 2, 2, 2, 4 ];{}
703;[ 2, 2, 2, 4 ];{}
704;[ 2, 2, 2, 4 ];{}
705;[ 2, 2, 2, 4 ];{}
706;[ 2, 2, 2, 4 ];{}
707;[ 2, 2, 2, 4 ];{}
708;[ 2, 2, 2, 4 ];{}
709;[ 2, 2, 2, 4 ];{}
710;[ 2, 2, 2, 4 ];{}
711;[ 2, 2, 2, 4 ];{}
712;[ 2, 2, 2, 4 ];{}
713;[ 2, 2, 2, 4 ];{}
714;[ 2, 2, 2, 4 ];{}
717;[ 2, 2, 2, 4 ];{}
718;[ 2, 2, 2, 4 ];{}
719;[ 2, 2, 2, 4 ];{}
720;[ 2, 2, 2, 4 ];{}
721;[ 2, 2, 2, 4 ];{}
722;[ 2, 2, 2, 4 ];{}
723;[ 2, 2, 2, 4 ];{}
724;[ 2, 2, 2, 4 ];{}
725;[ 2, 2, 2, 4 ];{}
726;[ 2, 2, 2, 4 ];{}
727;[ 2, 2, 2, 4 ];{}
73;[ 2, 4, 8 ];{}
730;[ 2, 2, 2, 4 ];{}
731;[ 2, 2, 2, 4 ];{}
732;[ 2, 2, 2, 4 ];{}
733;[ 2, 2, 2, 4 ];{}
734;[ 2, 2, 2, 4 ];{}
735;[ 2, 2, 2, 4 ];{}
736;[ 2, 2, 2, 4 ];{}
737;[ 2, 2, 2, 4 ];{}
74;[ 2, 4, 8 ];{}
749;[ 2, 2, 2, 4 ];{}
75;[ 2, 4, 8 ];{}
750;[ 2, 2, 2, 4 ];{}
754;[ 2, 2, 2, 4 ];{}
755;[ 2, 2, 2, 4 ];{}
759;[ 2, 2, 2, 4 ];{}
76;[ 2, 2, 2, 4 ];{}
76;[ 2, 4, 11 ];{}
76;[ 2, 4, 8 ];{}
760;[ 2, 2, 2, 4 ];{}
761;[ 2, 2, 2, 4 ];{}
763;[ 2, 2, 2, 4 ];{}
77;[ 2, 2, 2, 4 ];{}
77;[ 2, 4, 11 ];{}
77;[ 2, 4, 8 ];{}
770;[ 2, 2, 2, 4 ];{}
771;[ 2, 2, 2, 4 ];{}
773;[ 2, 2, 2, 4 ];{}
774;[ 2, 2, 2, 4 ];{}
775;[ 2, 2, 2, 4 ];{}
776;[ 2, 2, 2, 4 ];{}
777;[ 2, 2, 2, 4 ];{}
778;[ 2, 2, 2, 4 ];{}
78;[ 2, 2, 2, 4 ];{}
78;[ 2, 4, 11 ];{}
78;[ 2, 4, 8 ];{}
79;[ 2, 2, 2, 4 ];{}
79;[ 2, 4, 11 ];{}
79;[ 2, 4, 8 ];{}
8;[ 2, 4, 8 ];{}
80;[ 2, 4, 8 ];{}
86;[ 2, 4, 8 ];{}
87;[ 2, 4, 8 ];{}
88;[ 2, 4, 8 ];{}
89;[ 2, 4, 8 ];{}
9;[ 2, 4, 8 ];{}
90;[ 2, 4, 8 ];{}
93;[ 2, 4, 8 ];{}
94;[ 2, 4, 8 ];{}
95;[ 2, 4, 8 ];{}
96;[ 2, 4, 8 ];{}
97;[ 2, 4, 8 ];{}
99;[ 2, 4, 8 ];{}
