105;[ 2, 2, 2, 3 ];{}
105;[ 2, 2, 2, 4 ];{}
105;[ 2, 3, 10 ];{}
105;[ 2, 3, 12 ];{}
105;[ 2, 3, 18 ];{}
105;[ 2, 3, 20 ];{}
105;[ 2, 3, 90 ];{}
105;[ 2, 4, 6 ];{}
105;[ 2, 5, 8 ];{}
106;[ 2, 2, 2, 3 ];{}
106;[ 2, 2, 2, 4 ];{}
106;[ 2, 3, 10 ];{}
106;[ 2, 3, 12 ];{}
106;[ 2, 3, 18 ];{}
106;[ 2, 3, 20 ];{}
106;[ 2, 3, 90 ];{}
106;[ 2, 4, 6 ];{}
106;[ 2, 5, 8 ];{}
11;[ 2, 2, 2, 3 ];{}
11;[ 2, 2, 2, 4 ];{}
11;[ 2, 3, 72 ];{}
11;[ 2, 3, 90 ];{}
11;[ 2, 5, 8 ];{}
12;[ 2, 2, 2, 3 ];{}
12;[ 2, 2, 2, 4 ];{}
12;[ 2, 3, 72 ];{}
12;[ 2, 3, 90 ];{}
12;[ 2, 5, 8 ];{}
125;[ 2, 2, 2, 3 ];{}
125;[ 2, 2, 2, 4 ];{}
126;[ 2, 2, 2, 3 ];{}
126;[ 2, 2, 2, 4 ];{}
127;[ 2, 2, 2, 3 ];{}
127;[ 2, 2, 2, 4 ];{}
128;[ 2, 2, 2, 3 ];{}
128;[ 2, 2, 2, 4 ];{}
129;[ 2, 2, 2, 3 ];{}
129;[ 2, 2, 2, 4 ];{}
13;[ 2, 2, 2, 3 ];{}
13;[ 2, 2, 2, 4 ];{}
13;[ 2, 3, 72 ];{}
13;[ 2, 3, 90 ];{}
13;[ 2, 5, 8 ];{}
130;[ 2, 2, 2, 3 ];{}
130;[ 2, 2, 2, 4 ];{}
131;[ 2, 2, 2, 3 ];{}
131;[ 2, 2, 2, 4 ];{}
132;[ 2, 2, 2, 3 ];{}
132;[ 2, 2, 2, 4 ];{}
133;[ 2, 2, 2, 3 ];{}
133;[ 2, 2, 2, 4 ];{}
134;[ 2, 2, 2, 3 ];{}
134;[ 2, 2, 2, 4 ];{}
136;[ 2, 2, 2, 3 ];{}
136;[ 2, 2, 2, 4 ];{}
137;[ 2, 2, 2, 3 ];{}
137;[ 2, 2, 2, 4 ];{}
138;[ 2, 2, 2, 3 ];{}
138;[ 2, 2, 2, 4 ];{}
139;[ 2, 2, 2, 3 ];{}
139;[ 2, 2, 2, 4 ];{}
14;[ 2, 2, 2, 3 ];{}
14;[ 2, 2, 2, 4 ];{}
14;[ 2, 3, 72 ];{}
14;[ 2, 3, 90 ];{}
14;[ 2, 5, 8 ];{}
141;[ 2, 2, 2, 3 ];{}
141;[ 2, 2, 2, 4 ];{}
143;[ 2, 2, 2, 3 ];{}
143;[ 2, 2, 2, 4 ];{}
145;[ 2, 2, 2, 3 ];{}
145;[ 2, 2, 2, 4 ];{}
146;[ 2, 2, 2, 3 ];{}
146;[ 2, 2, 2, 4 ];{}
147;[ 2, 2, 2, 3 ];{}
147;[ 2, 2, 2, 4 ];{}
148;[ 2, 2, 2, 3 ];{}
148;[ 2, 2, 2, 4 ];{}
149;[ 2, 2, 2, 3 ];{}
149;[ 2, 2, 2, 4 ];{}
150;[ 2, 2, 2, 3 ];{}
150;[ 2, 2, 2, 4 ];{}
151;[ 2, 2, 2, 3 ];{}
151;[ 2, 2, 2, 4 ];{}
17;[ 2, 2, 2, 3 ];{}
17;[ 2, 2, 2, 4 ];{}
17;[ 2, 3, 90 ];{}
17;[ 2, 5, 8 ];{}
175;[ 2, 2, 2, 3 ];{}
175;[ 2, 2, 2, 4 ];{}
177;[ 2, 2, 2, 3 ];{}
177;[ 2, 2, 2, 4 ];{}
178;[ 2, 2, 2, 3 ];{}
178;[ 2, 2, 2, 4 ];{}
179;[ 2, 2, 2, 3 ];{}
179;[ 2, 2, 2, 4 ];{[ $.1 * $.4 * $.6 * $.7, $.1 * $.2 * $.6^3, $.1 * $.3 * $.5 * $.6 * $.7, $.1 * $.2 * $.3 * $.5 * $.6^4 * $.7^2 ]}
18;[ 2, 2, 2, 3 ];{}
18;[ 2, 2, 2, 4 ];{}
18;[ 2, 3, 90 ];{}
18;[ 2, 5, 8 ];{}
180;[ 2, 2, 2, 3 ];{}
180;[ 2, 2, 2, 4 ];{}
181;[ 2, 2, 2, 3 ];{}
181;[ 2, 2, 2, 4 ];{}
182;[ 2, 2, 2, 3 ];{}
182;[ 2, 2, 2, 4 ];{[ $.1 * $.3 * $.4 * $.5^2 * $.6^2, $.1 * $.5 * $.6^3 * $.7^2, $.1 * $.2 * $.4 * $.5^2 * $.6^3 * $.7, $.1 * $.2 * $.3 * $.4 * $.6^2 ]}
184;[ 2, 2, 2, 3 ];{}
184;[ 2, 2, 2, 4 ];{}
19;[ 2, 2, 2, 3 ];{}
19;[ 2, 2, 2, 4 ];{}
19;[ 2, 3, 90 ];{}
19;[ 2, 5, 8 ];{}
20;[ 2, 2, 2, 3 ];{}
20;[ 2, 2, 2, 4 ];{}
20;[ 2, 3, 90 ];{}
20;[ 2, 5, 8 ];{}
201;[ 2, 3, 12 ];{}
202;[ 2, 3, 12 ];{}
203;[ 2, 3, 12 ];{}
204;[ 2, 3, 12 ];{}
205;[ 2, 3, 12 ];{}
206;[ 2, 3, 12 ];{}
207;[ 2, 3, 12 ];{}
208;[ 2, 3, 12 ];{}
209;[ 2, 3, 12 ];{}
21;[ 2, 2, 2, 3 ];{}
21;[ 2, 2, 2, 4 ];{}
21;[ 2, 3, 90 ];{}
21;[ 2, 5, 8 ];{}
210;[ 2, 3, 12 ];{}
211;[ 2, 3, 12 ];{}
212;[ 2, 3, 12 ];{}
22;[ 2, 2, 2, 3 ];{}
22;[ 2, 2, 2, 4 ];{}
22;[ 2, 3, 90 ];{}
22;[ 2, 5, 8 ];{}
226;[ 2, 2, 2, 3 ];{}
226;[ 2, 2, 2, 4 ];{}
226;[ 2, 3, 10 ];{}
226;[ 2, 3, 12 ];{}
226;[ 2, 3, 20 ];{}
226;[ 2, 3, 8 ];{}
226;[ 2, 4, 5 ];{}
226;[ 2, 4, 6 ];{}
226;[ 2, 5, 8 ];{}
227;[ 2, 2, 2, 3 ];{}
227;[ 2, 2, 2, 4 ];{}
227;[ 2, 3, 10 ];{}
227;[ 2, 3, 12 ];{}
227;[ 2, 3, 20 ];{}
227;[ 2, 3, 8 ];{}
227;[ 2, 4, 5 ];{}
227;[ 2, 4, 6 ];{}
227;[ 2, 5, 8 ];{}
228;[ 2, 2, 2, 3 ];{}
228;[ 2, 2, 2, 4 ];{}
228;[ 2, 3, 10 ];{}
228;[ 2, 3, 12 ];{}
228;[ 2, 3, 20 ];{}
228;[ 2, 3, 8 ];{}
228;[ 2, 4, 5 ];{}
228;[ 2, 4, 6 ];{}
228;[ 2, 5, 8 ];{}
229;[ 2, 2, 2, 3 ];{}
229;[ 2, 2, 2, 4 ];{}
229;[ 2, 3, 10 ];{}
229;[ 2, 3, 12 ];{}
229;[ 2, 3, 20 ];{}
229;[ 2, 3, 8 ];{}
229;[ 2, 4, 5 ];{}
229;[ 2, 4, 6 ];{}
229;[ 2, 5, 8 ];{}
23;[ 2, 2, 2, 3 ];{}
23;[ 2, 2, 2, 4 ];{}
23;[ 2, 3, 90 ];{}
23;[ 2, 5, 8 ];{}
230;[ 2, 2, 2, 3 ];{}
230;[ 2, 2, 2, 4 ];{}
230;[ 2, 3, 10 ];{}
230;[ 2, 3, 12 ];{}
230;[ 2, 3, 20 ];{}
230;[ 2, 3, 8 ];{}
230;[ 2, 4, 5 ];{}
230;[ 2, 4, 6 ];{}
230;[ 2, 5, 8 ];{}
231;[ 2, 2, 2, 3 ];{}
231;[ 2, 2, 2, 4 ];{}
231;[ 2, 3, 10 ];{}
231;[ 2, 3, 12 ];{}
231;[ 2, 3, 20 ];{}
231;[ 2, 3, 8 ];{}
231;[ 2, 4, 5 ];{}
231;[ 2, 4, 6 ];{}
231;[ 2, 5, 8 ];{}
232;[ 2, 2, 2, 3 ];{}
232;[ 2, 2, 2, 4 ];{}
232;[ 2, 3, 10 ];{}
232;[ 2, 3, 12 ];{}
232;[ 2, 3, 20 ];{}
232;[ 2, 3, 8 ];{}
232;[ 2, 4, 5 ];{}
232;[ 2, 4, 6 ];{}
232;[ 2, 5, 8 ];{}
233;[ 2, 2, 2, 3 ];{}
233;[ 2, 2, 2, 4 ];{}
233;[ 2, 3, 10 ];{}
233;[ 2, 3, 12 ];{}
233;[ 2, 3, 20 ];{}
233;[ 2, 3, 8 ];{}
233;[ 2, 4, 5 ];{}
233;[ 2, 4, 6 ];{}
233;[ 2, 5, 8 ];{}
234;[ 2, 2, 2, 3 ];{}
234;[ 2, 2, 2, 4 ];{}
234;[ 2, 3, 10 ];{}
234;[ 2, 3, 12 ];{}
234;[ 2, 3, 20 ];{}
234;[ 2, 3, 8 ];{}
234;[ 2, 4, 5 ];{}
234;[ 2, 4, 6 ];{}
234;[ 2, 5, 8 ];{}
235;[ 2, 2, 2, 3 ];{}
235;[ 2, 2, 2, 4 ];{}
235;[ 2, 3, 10 ];{}
235;[ 2, 3, 12 ];{}
235;[ 2, 3, 20 ];{}
235;[ 2, 3, 8 ];{}
235;[ 2, 4, 5 ];{}
235;[ 2, 4, 6 ];{}
235;[ 2, 5, 8 ];{}
236;[ 2, 2, 2, 3 ];{}
236;[ 2, 2, 2, 4 ];{}
236;[ 2, 3, 10 ];{}
236;[ 2, 3, 12 ];{}
236;[ 2, 3, 20 ];{}
236;[ 2, 3, 8 ];{}
236;[ 2, 4, 5 ];{}
236;[ 2, 4, 6 ];{}
236;[ 2, 5, 8 ];{}
237;[ 2, 2, 2, 3 ];{}
237;[ 2, 2, 2, 4 ];{}
237;[ 2, 3, 10 ];{}
237;[ 2, 3, 12 ];{}
237;[ 2, 3, 20 ];{}
237;[ 2, 3, 8 ];{}
237;[ 2, 4, 5 ];{}
237;[ 2, 4, 6 ];{}
237;[ 2, 5, 8 ];{}
24;[ 2, 2, 2, 3 ];{}
24;[ 2, 2, 2, 4 ];{}
24;[ 2, 3, 90 ];{}
24;[ 2, 5, 8 ];{}
267;[ 2, 2, 2, 3 ];{}
267;[ 2, 2, 2, 4 ];{}
267;[ 2, 3, 10 ];{}
267;[ 2, 3, 12 ];{}
267;[ 2, 3, 20 ];{}
267;[ 2, 3, 8 ];{}
267;[ 2, 4, 5 ];{}
267;[ 2, 4, 6 ];{}
267;[ 2, 5, 8 ];{}
268;[ 2, 2, 2, 3 ];{}
268;[ 2, 2, 2, 4 ];{}
268;[ 2, 3, 12 ];{}
268;[ 2, 3, 20 ];{}
268;[ 2, 4, 6 ];{}
268;[ 2, 5, 8 ];{}
269;[ 2, 2, 2, 3 ];{}
269;[ 2, 2, 2, 4 ];{}
269;[ 2, 3, 10 ];{}
269;[ 2, 3, 12 ];{}
269;[ 2, 3, 20 ];{}
269;[ 2, 3, 8 ];{}
269;[ 2, 4, 5 ];{}
269;[ 2, 4, 6 ];{}
269;[ 2, 5, 8 ];{}
270;[ 2, 2, 2, 3 ];{}
270;[ 2, 2, 2, 4 ];{}
270;[ 2, 3, 10 ];{}
270;[ 2, 3, 12 ];{}
270;[ 2, 3, 20 ];{}
270;[ 2, 3, 8 ];{}
270;[ 2, 4, 5 ];{}
270;[ 2, 4, 6 ];{}
270;[ 2, 5, 8 ];{}
271;[ 2, 2, 2, 3 ];{}
271;[ 2, 2, 2, 4 ];{}
271;[ 2, 3, 10 ];{}
271;[ 2, 3, 12 ];{}
271;[ 2, 3, 20 ];{}
271;[ 2, 3, 8 ];{}
271;[ 2, 4, 5 ];{}
271;[ 2, 4, 6 ];{}
271;[ 2, 5, 8 ];{}
272;[ 2, 2, 2, 3 ];{}
272;[ 2, 2, 2, 4 ];{}
272;[ 2, 3, 12 ];{}
272;[ 2, 3, 20 ];{}
272;[ 2, 4, 6 ];{}
272;[ 2, 5, 8 ];{}
273;[ 2, 2, 2, 3 ];{}
273;[ 2, 2, 2, 4 ];{}
273;[ 2, 3, 12 ];{}
273;[ 2, 3, 20 ];{}
273;[ 2, 4, 6 ];{}
273;[ 2, 5, 8 ];{}
274;[ 2, 2, 2, 3 ];{}
274;[ 2, 2, 2, 4 ];{}
274;[ 2, 3, 10 ];{}
274;[ 2, 3, 12 ];{}
274;[ 2, 3, 20 ];{}
274;[ 2, 3, 8 ];{}
274;[ 2, 4, 5 ];{}
274;[ 2, 4, 6 ];{}
274;[ 2, 5, 8 ];{}
275;[ 2, 2, 2, 3 ];{}
275;[ 2, 2, 2, 4 ];{}
275;[ 2, 3, 10 ];{}
275;[ 2, 3, 12 ];{}
275;[ 2, 3, 20 ];{}
275;[ 2, 3, 8 ];{}
275;[ 2, 4, 5 ];{}
275;[ 2, 4, 6 ];{}
275;[ 2, 5, 8 ];{}
276;[ 2, 2, 2, 3 ];{}
276;[ 2, 2, 2, 4 ];{}
276;[ 2, 3, 10 ];{}
276;[ 2, 3, 12 ];{}
276;[ 2, 3, 20 ];{}
276;[ 2, 3, 8 ];{}
276;[ 2, 4, 5 ];{}
276;[ 2, 4, 6 ];{}
276;[ 2, 5, 8 ];{}
277;[ 2, 2, 2, 3 ];{}
277;[ 2, 2, 2, 4 ];{}
277;[ 2, 3, 12 ];{}
277;[ 2, 3, 20 ];{}
277;[ 2, 4, 6 ];{}
277;[ 2, 5, 8 ];{}
278;[ 2, 2, 2, 3 ];{}
278;[ 2, 2, 2, 4 ];{}
278;[ 2, 3, 10 ];{}
278;[ 2, 3, 12 ];{}
278;[ 2, 3, 20 ];{}
278;[ 2, 3, 8 ];{}
278;[ 2, 4, 5 ];{}
278;[ 2, 4, 6 ];{}
278;[ 2, 5, 8 ];{}
290;[ 2, 2, 2, 3 ];{}
290;[ 2, 2, 2, 4 ];{}
290;[ 2, 3, 10 ];{}
290;[ 2, 3, 12 ];{}
290;[ 2, 3, 20 ];{}
290;[ 2, 3, 8 ];{}
290;[ 2, 4, 5 ];{}
290;[ 2, 4, 6 ];{}
290;[ 2, 5, 8 ];{}
291;[ 2, 2, 2, 3 ];{}
291;[ 2, 2, 2, 4 ];{}
291;[ 2, 3, 10 ];{}
291;[ 2, 3, 12 ];{}
291;[ 2, 3, 20 ];{}
291;[ 2, 3, 8 ];{}
291;[ 2, 4, 5 ];{}
291;[ 2, 4, 6 ];{}
291;[ 2, 5, 8 ];{}
292;[ 2, 2, 2, 3 ];{}
292;[ 2, 2, 2, 4 ];{}
292;[ 2, 3, 10 ];{}
292;[ 2, 3, 12 ];{}
292;[ 2, 3, 20 ];{}
292;[ 2, 3, 8 ];{}
292;[ 2, 4, 5 ];{}
292;[ 2, 4, 6 ];{}
292;[ 2, 5, 8 ];{}
293;[ 2, 2, 2, 3 ];{}
293;[ 2, 2, 2, 4 ];{}
293;[ 2, 3, 10 ];{}
293;[ 2, 3, 12 ];{}
293;[ 2, 3, 20 ];{}
293;[ 2, 3, 8 ];{}
293;[ 2, 4, 5 ];{}
293;[ 2, 4, 6 ];{}
293;[ 2, 5, 8 ];{}
294;[ 2, 2, 2, 3 ];{}
294;[ 2, 2, 2, 4 ];{}
294;[ 2, 3, 10 ];{}
294;[ 2, 3, 12 ];{}
294;[ 2, 3, 20 ];{}
294;[ 2, 3, 8 ];{}
294;[ 2, 4, 5 ];{}
294;[ 2, 4, 6 ];{}
294;[ 2, 5, 8 ];{}
295;[ 2, 2, 2, 3 ];{}
295;[ 2, 2, 2, 4 ];{}
295;[ 2, 3, 10 ];{}
295;[ 2, 3, 12 ];{}
295;[ 2, 3, 20 ];{}
295;[ 2, 3, 8 ];{}
295;[ 2, 4, 5 ];{}
295;[ 2, 4, 6 ];{}
295;[ 2, 5, 8 ];{}
296;[ 2, 2, 2, 3 ];{}
296;[ 2, 2, 2, 4 ];{}
296;[ 2, 3, 10 ];{}
296;[ 2, 3, 12 ];{}
296;[ 2, 3, 20 ];{}
296;[ 2, 3, 8 ];{}
296;[ 2, 4, 5 ];{}
296;[ 2, 4, 6 ];{}
296;[ 2, 5, 8 ];{}
305;[ 2, 3, 12 ];{}
306;[ 2, 3, 12 ];{}
307;[ 2, 3, 12 ];{}
314;[ 2, 3, 12 ];{}
315;[ 2, 3, 12 ];{}
316;[ 2, 3, 12 ];{}
317;[ 2, 3, 12 ];{}
337;[ 2, 3, 12 ];{}
338;[ 2, 3, 12 ];{}
339;[ 2, 3, 12 ];{}
346;[ 2, 3, 12 ];{}
347;[ 2, 3, 12 ];{}
348;[ 2, 3, 12 ];{}
349;[ 2, 3, 12 ];{}
369;[ 2, 2, 2, 3 ];{}
369;[ 2, 2, 2, 4 ];{}
369;[ 2, 3, 12 ];{}
369;[ 2, 3, 20 ];{}
369;[ 2, 4, 6 ];{}
369;[ 2, 5, 8 ];{}
370;[ 2, 2, 2, 3 ];{}
370;[ 2, 2, 2, 4 ];{}
370;[ 2, 3, 12 ];{}
370;[ 2, 3, 20 ];{}
370;[ 2, 4, 6 ];{}
370;[ 2, 5, 8 ];{}
371;[ 2, 2, 2, 3 ];{}
371;[ 2, 2, 2, 4 ];{}
371;[ 2, 3, 12 ];{}
371;[ 2, 3, 20 ];{}
371;[ 2, 4, 6 ];{}
371;[ 2, 5, 8 ];{}
378;[ 2, 2, 2, 3 ];{}
378;[ 2, 2, 2, 4 ];{}
378;[ 2, 3, 10 ];{}
378;[ 2, 3, 12 ];{}
378;[ 2, 3, 20 ];{}
378;[ 2, 3, 8 ];{}
378;[ 2, 4, 5 ];{}
378;[ 2, 4, 6 ];{}
378;[ 2, 5, 8 ];{}
379;[ 2, 2, 2, 3 ];{}
379;[ 2, 2, 2, 4 ];{}
379;[ 2, 3, 10 ];{}
379;[ 2, 3, 12 ];{}
379;[ 2, 3, 20 ];{}
379;[ 2, 3, 8 ];{}
379;[ 2, 4, 5 ];{}
379;[ 2, 4, 6 ];{}
379;[ 2, 5, 8 ];{}
380;[ 2, 2, 2, 3 ];{}
380;[ 2, 2, 2, 4 ];{}
380;[ 2, 3, 10 ];{}
380;[ 2, 3, 12 ];{}
380;[ 2, 3, 20 ];{}
380;[ 2, 3, 8 ];{}
380;[ 2, 4, 5 ];{}
380;[ 2, 4, 6 ];{}
380;[ 2, 5, 8 ];{}
381;[ 2, 2, 2, 3 ];{}
381;[ 2, 2, 2, 4 ];{}
381;[ 2, 3, 10 ];{}
381;[ 2, 3, 12 ];{}
381;[ 2, 3, 20 ];{}
381;[ 2, 3, 8 ];{}
381;[ 2, 4, 5 ];{}
381;[ 2, 4, 6 ];{}
381;[ 2, 5, 8 ];{}
394;[ 2, 2, 2, 3 ];{}
394;[ 2, 2, 2, 4 ];{}
394;[ 2, 3, 10 ];{}
394;[ 2, 3, 18 ];{}
394;[ 2, 3, 20 ];{}
394;[ 2, 4, 5 ];{}
394;[ 2, 4, 6 ];{}
397;[ 2, 2, 2, 3 ];{}
397;[ 2, 2, 2, 4 ];{[ $.1 * $.2 * $.4^2 * $.5, $.1 * $.2 * $.3 * $.7, $.1 * $.3 * $.4^3 * $.6, $.1 * $.5 * $.6 * $.7 ]}
397;[ 2, 3, 10 ];{}
397;[ 2, 3, 18 ];{}
397;[ 2, 3, 90 ];{}
397;[ 2, 4, 6 ];{}
409;[ 2, 2, 2, 3 ];{}
409;[ 2, 2, 2, 4 ];{}
409;[ 2, 3, 10 ];{}
409;[ 2, 3, 8 ];{}
409;[ 2, 4, 5 ];{}
409;[ 2, 4, 6 ];{}
409;[ 2, 5, 5 ];{}
409;[ 2, 5, 8 ];{}
409;[ 3, 3, 4 ];{}
410;[ 2, 3, 12 ];{}
411;[ 2, 3, 12 ];{}
414;[ 2, 2, 2, 3 ];{}
414;[ 2, 2, 2, 4 ];{}
414;[ 2, 3, 10 ];{}
414;[ 2, 3, 12 ];{}
414;[ 2, 3, 8 ];{}
414;[ 2, 4, 5 ];{}
414;[ 2, 4, 6 ];{}
414;[ 2, 5, 8 ];{}
415;[ 2, 2, 2, 3 ];{}
415;[ 2, 2, 2, 4 ];{}
415;[ 2, 3, 10 ];{}
415;[ 2, 3, 12 ];{}
415;[ 2, 3, 8 ];{}
415;[ 2, 4, 5 ];{}
415;[ 2, 4, 6 ];{}
415;[ 2, 5, 8 ];{}
417;[ 2, 2, 2, 3 ];{}
417;[ 2, 2, 2, 4 ];{}
417;[ 2, 3, 10 ];{}
417;[ 2, 3, 12 ];{}
417;[ 2, 4, 5 ];{}
417;[ 2, 4, 6 ];{}
418;[ 2, 2, 2, 3 ];{}
418;[ 2, 2, 2, 4 ];{}
418;[ 2, 3, 10 ];{}
418;[ 2, 3, 12 ];{}
418;[ 2, 3, 20 ];{[ (1, 3)(4, 14, 17, 18, 27, 15, 13, 24, 9, 22, 8, 6, 26, 16, 21, 7, 23, 25, 19, 12)(5, 20, 11, 10), (1, 2, 3)(4, 26, 14)(5, 19, 27)(6, 8, 17)(7, 24, 23)(9, 21, 11)(10, 16, 12)(13, 15, 25)(18, 22, 20), (2, 3)(5, 18)(6, 14)(9, 20)(10, 19)(11, 16)(12, 26)(13, 23)(17, 22)(21, 24)(25, 27) ]}
418;[ 2, 4, 5 ];{}
418;[ 2, 4, 6 ];{}
420;[ 2, 3, 12 ];{}
421;[ 2, 3, 12 ];{}
475;[ 2, 2, 2, 3 ];{}
475;[ 2, 2, 2, 4 ];{}
475;[ 2, 3, 10 ];{}
475;[ 2, 3, 20 ];{}
475;[ 2, 3, 8 ];{}
475;[ 2, 4, 5 ];{}
475;[ 2, 4, 6 ];{}
475;[ 2, 5, 8 ];{}
476;[ 2, 2, 2, 3 ];{}
476;[ 2, 2, 2, 4 ];{}
476;[ 2, 3, 10 ];{}
476;[ 2, 3, 12 ];{}
476;[ 2, 3, 20 ];{}
476;[ 2, 3, 8 ];{}
476;[ 2, 4, 5 ];{}
476;[ 2, 4, 6 ];{}
476;[ 2, 5, 8 ];{}
477;[ 2, 2, 2, 3 ];{}
477;[ 2, 2, 2, 4 ];{}
477;[ 2, 3, 10 ];{}
477;[ 2, 3, 12 ];{}
477;[ 2, 3, 20 ];{}
477;[ 2, 3, 8 ];{}
477;[ 2, 4, 5 ];{}
477;[ 2, 4, 6 ];{}
477;[ 2, 5, 8 ];{}
478;[ 2, 2, 2, 3 ];{}
478;[ 2, 2, 2, 4 ];{}
478;[ 2, 3, 10 ];{}
478;[ 2, 3, 12 ];{}
478;[ 2, 3, 20 ];{}
478;[ 2, 3, 8 ];{}
478;[ 2, 4, 5 ];{}
478;[ 2, 4, 6 ];{}
478;[ 2, 5, 8 ];{}
481;[ 2, 2, 2, 3 ];{}
481;[ 2, 2, 2, 4 ];{}
481;[ 2, 3, 10 ];{}
481;[ 2, 3, 20 ];{}
481;[ 2, 3, 8 ];{}
481;[ 2, 4, 5 ];{}
481;[ 2, 4, 6 ];{}
481;[ 2, 5, 8 ];{}
482;[ 2, 2, 2, 3 ];{}
482;[ 2, 2, 2, 4 ];{}
482;[ 2, 3, 10 ];{}
482;[ 2, 3, 12 ];{}
482;[ 2, 3, 20 ];{}
482;[ 2, 3, 8 ];{}
482;[ 2, 4, 5 ];{}
482;[ 2, 4, 6 ];{}
482;[ 2, 5, 8 ];{}
483;[ 2, 2, 2, 3 ];{}
483;[ 2, 2, 2, 4 ];{}
483;[ 2, 3, 10 ];{}
483;[ 2, 3, 12 ];{}
483;[ 2, 3, 20 ];{}
483;[ 2, 3, 8 ];{}
483;[ 2, 4, 5 ];{}
483;[ 2, 4, 6 ];{}
483;[ 2, 5, 8 ];{}
492;[ 2, 2, 2, 3 ];{}
492;[ 2, 2, 2, 4 ];{}
493;[ 2, 2, 2, 3 ];{}
493;[ 2, 2, 2, 4 ];{}
494;[ 2, 2, 2, 3 ];{}
494;[ 2, 2, 2, 4 ];{}
495;[ 2, 2, 2, 3 ];{}
495;[ 2, 2, 2, 4 ];{}
496;[ 2, 2, 2, 3 ];{}
496;[ 2, 2, 2, 4 ];{}
497;[ 2, 2, 2, 3 ];{}
497;[ 2, 2, 2, 4 ];{}
498;[ 2, 2, 2, 3 ];{}
498;[ 2, 2, 2, 4 ];{}
499;[ 2, 2, 2, 3 ];{}
499;[ 2, 2, 2, 4 ];{}
500;[ 2, 2, 2, 3 ];{}
500;[ 2, 2, 2, 4 ];{}
501;[ 2, 2, 2, 3 ];{}
501;[ 2, 2, 2, 4 ];{}
502;[ 2, 2, 2, 3 ];{}
502;[ 2, 2, 2, 4 ];{}
503;[ 2, 2, 2, 3 ];{}
503;[ 2, 2, 2, 4 ];{}
504;[ 2, 2, 2, 3 ];{}
504;[ 2, 2, 2, 4 ];{}
505;[ 2, 2, 2, 3 ];{}
505;[ 2, 2, 2, 4 ];{}
506;[ 2, 2, 2, 3 ];{}
506;[ 2, 2, 2, 4 ];{}
507;[ 2, 2, 2, 3 ];{}
507;[ 2, 2, 2, 4 ];{}
508;[ 2, 2, 2, 3 ];{}
508;[ 2, 2, 2, 4 ];{}
509;[ 2, 2, 2, 3 ];{}
509;[ 2, 2, 2, 4 ];{}
510;[ 2, 2, 2, 3 ];{}
510;[ 2, 2, 2, 4 ];{}
511;[ 2, 2, 2, 3 ];{}
511;[ 2, 2, 2, 4 ];{}
512;[ 2, 2, 2, 3 ];{}
512;[ 2, 2, 2, 4 ];{}
513;[ 2, 2, 2, 3 ];{}
513;[ 2, 2, 2, 4 ];{}
514;[ 2, 2, 2, 3 ];{}
514;[ 2, 2, 2, 4 ];{}
515;[ 2, 2, 2, 3 ];{}
515;[ 2, 2, 2, 4 ];{}
516;[ 2, 2, 2, 3 ];{}
516;[ 2, 2, 2, 4 ];{}
517;[ 2, 2, 2, 3 ];{}
517;[ 2, 2, 2, 4 ];{}
518;[ 2, 2, 2, 3 ];{}
518;[ 2, 2, 2, 4 ];{}
519;[ 2, 2, 2, 3 ];{}
519;[ 2, 2, 2, 4 ];{}
520;[ 2, 2, 2, 3 ];{}
520;[ 2, 2, 2, 4 ];{}
521;[ 2, 2, 2, 3 ];{}
521;[ 2, 2, 2, 4 ];{}
522;[ 2, 2, 2, 3 ];{}
522;[ 2, 2, 2, 4 ];{}
523;[ 2, 2, 2, 3 ];{}
523;[ 2, 2, 2, 4 ];{}
524;[ 2, 2, 2, 3 ];{}
524;[ 2, 2, 2, 4 ];{}
525;[ 2, 2, 2, 3 ];{}
525;[ 2, 2, 2, 4 ];{}
529;[ 2, 3, 12 ];{}
530;[ 2, 3, 12 ];{}
535;[ 2, 2, 2, 3 ];{}
535;[ 2, 2, 2, 4 ];{}
535;[ 2, 3, 10 ];{}
535;[ 2, 3, 12 ];{}
535;[ 2, 3, 20 ];{}
535;[ 2, 3, 8 ];{}
535;[ 2, 4, 5 ];{}
535;[ 2, 4, 6 ];{}
535;[ 2, 5, 8 ];{}
536;[ 2, 2, 2, 3 ];{}
536;[ 2, 2, 2, 4 ];{}
536;[ 2, 3, 10 ];{}
536;[ 2, 3, 12 ];{}
536;[ 2, 3, 20 ];{}
536;[ 2, 3, 8 ];{}
536;[ 2, 4, 5 ];{}
536;[ 2, 4, 6 ];{}
536;[ 2, 5, 8 ];{}
538;[ 2, 3, 12 ];{}
539;[ 2, 3, 12 ];{}
544;[ 2, 3, 12 ];{}
545;[ 2, 3, 12 ];{}
616;[ 2, 2, 2, 3 ];{}
616;[ 2, 2, 2, 4 ];{}
617;[ 2, 2, 2, 3 ];{}
617;[ 2, 2, 2, 4 ];{}
618;[ 2, 2, 2, 3 ];{}
618;[ 2, 2, 2, 4 ];{}
619;[ 2, 2, 2, 3 ];{}
619;[ 2, 2, 2, 4 ];{}
620;[ 2, 2, 2, 3 ];{}
620;[ 2, 2, 2, 4 ];{}
621;[ 2, 2, 2, 3 ];{}
621;[ 2, 2, 2, 4 ];{}
622;[ 2, 2, 2, 3 ];{}
622;[ 2, 2, 2, 4 ];{}
623;[ 2, 2, 2, 3 ];{}
623;[ 2, 2, 2, 4 ];{}
624;[ 2, 2, 2, 3 ];{}
624;[ 2, 2, 2, 4 ];{}
625;[ 2, 2, 2, 3 ];{}
625;[ 2, 2, 2, 4 ];{}
627;[ 2, 2, 2, 3 ];{}
627;[ 2, 2, 2, 4 ];{}
628;[ 2, 2, 2, 3 ];{}
628;[ 2, 2, 2, 4 ];{}
629;[ 2, 2, 2, 3 ];{}
629;[ 2, 2, 2, 4 ];{}
631;[ 2, 2, 2, 3 ];{}
631;[ 2, 2, 2, 4 ];{}
632;[ 2, 2, 2, 3 ];{}
632;[ 2, 2, 2, 4 ];{}
634;[ 2, 2, 2, 3 ];{}
634;[ 2, 2, 2, 4 ];{}
636;[ 2, 2, 2, 3 ];{}
636;[ 2, 2, 2, 4 ];{}
637;[ 2, 2, 2, 3 ];{}
637;[ 2, 2, 2, 4 ];{}
638;[ 2, 2, 2, 3 ];{}
638;[ 2, 2, 2, 4 ];{}
639;[ 2, 2, 2, 3 ];{}
639;[ 2, 2, 2, 4 ];{}
640;[ 2, 2, 2, 3 ];{}
640;[ 2, 2, 2, 4 ];{}
641;[ 2, 2, 2, 3 ];{}
641;[ 2, 2, 2, 4 ];{}
642;[ 2, 2, 2, 3 ];{}
642;[ 2, 2, 2, 4 ];{}
65;[ 2, 2, 2, 4 ];{}
661;[ 2, 2, 2, 3 ];{}
661;[ 2, 2, 2, 4 ];{}
662;[ 2, 2, 2, 3 ];{}
662;[ 2, 2, 2, 4 ];{}
663;[ 2, 2, 2, 3 ];{}
663;[ 2, 2, 2, 4 ];{}
664;[ 2, 2, 2, 3 ];{}
664;[ 2, 2, 2, 4 ];{}
665;[ 2, 2, 2, 3 ];{}
665;[ 2, 2, 2, 4 ];{}
666;[ 2, 2, 2, 3 ];{}
666;[ 2, 2, 2, 4 ];{}
667;[ 2, 2, 2, 3 ];{}
667;[ 2, 2, 2, 4 ];{}
668;[ 2, 2, 2, 3 ];{}
668;[ 2, 2, 2, 4 ];{}
669;[ 2, 2, 2, 3 ];{}
669;[ 2, 2, 2, 4 ];{}
670;[ 2, 2, 2, 3 ];{}
670;[ 2, 2, 2, 4 ];{}
672;[ 2, 2, 2, 3 ];{}
672;[ 2, 2, 2, 4 ];{}
673;[ 2, 2, 2, 3 ];{}
673;[ 2, 2, 2, 4 ];{}
674;[ 2, 2, 2, 3 ];{}
674;[ 2, 2, 2, 4 ];{}
676;[ 2, 2, 2, 3 ];{}
676;[ 2, 2, 2, 4 ];{}
677;[ 2, 2, 2, 3 ];{}
677;[ 2, 2, 2, 4 ];{}
679;[ 2, 2, 2, 3 ];{}
679;[ 2, 2, 2, 4 ];{}
68;[ 2, 2, 2, 4 ];{}
681;[ 2, 2, 2, 3 ];{}
681;[ 2, 2, 2, 4 ];{}
682;[ 2, 2, 2, 3 ];{}
682;[ 2, 2, 2, 4 ];{}
683;[ 2, 2, 2, 3 ];{}
683;[ 2, 2, 2, 4 ];{}
684;[ 2, 2, 2, 3 ];{}
684;[ 2, 2, 2, 4 ];{}
685;[ 2, 2, 2, 3 ];{}
685;[ 2, 2, 2, 4 ];{}
686;[ 2, 2, 2, 3 ];{}
686;[ 2, 2, 2, 4 ];{}
687;[ 2, 2, 2, 3 ];{}
687;[ 2, 2, 2, 4 ];{}
688;[ 2, 2, 2, 3 ];{}
688;[ 2, 2, 2, 4 ];{}
689;[ 2, 2, 2, 3 ];{}
689;[ 2, 2, 2, 4 ];{}
69;[ 2, 2, 2, 4 ];{}
690;[ 2, 2, 2, 3 ];{}
690;[ 2, 2, 2, 4 ];{}
691;[ 2, 2, 2, 3 ];{}
691;[ 2, 2, 2, 4 ];{}
692;[ 2, 2, 2, 3 ];{}
692;[ 2, 2, 2, 4 ];{}
693;[ 2, 2, 2, 3 ];{}
693;[ 2, 2, 2, 4 ];{}
695;[ 2, 2, 2, 3 ];{}
695;[ 2, 2, 2, 4 ];{}
696;[ 2, 2, 2, 3 ];{}
696;[ 2, 2, 2, 4 ];{}
698;[ 2, 2, 2, 3 ];{}
698;[ 2, 2, 2, 4 ];{}
699;[ 2, 2, 2, 3 ];{}
699;[ 2, 2, 2, 4 ];{}
701;[ 2, 2, 2, 3 ];{}
701;[ 2, 2, 2, 4 ];{}
702;[ 2, 2, 2, 3 ];{}
702;[ 2, 2, 2, 4 ];{}
703;[ 2, 2, 2, 3 ];{}
703;[ 2, 2, 2, 4 ];{}
704;[ 2, 2, 2, 3 ];{}
704;[ 2, 2, 2, 4 ];{}
705;[ 2, 2, 2, 3 ];{}
705;[ 2, 2, 2, 4 ];{}
749;[ 2, 2, 2, 3 ];{}
749;[ 2, 2, 2, 4 ];{}
751;[ 2, 2, 2, 3 ];{}
751;[ 2, 2, 2, 4 ];{}
752;[ 2, 2, 2, 3 ];{}
752;[ 2, 2, 2, 4 ];{}
753;[ 2, 2, 2, 3 ];{}
753;[ 2, 2, 2, 4 ];{[ $.1 * $.4 * $.6^2 * $.7^2, $.1 * $.2 * $.4 * $.5^2 * $.6^2 * $.7^4, $.1 * $.3 * $.6, $.1 * $.2 * $.3 * $.4 * $.5 * $.6 * $.7^3 ]}
754;[ 2, 2, 2, 3 ];{}
754;[ 2, 2, 2, 4 ];{}
755;[ 2, 2, 2, 3 ];{}
755;[ 2, 2, 2, 4 ];{}
756;[ 2, 2, 2, 3 ];{}
756;[ 2, 2, 2, 4 ];{[ $.1 * $.2 * $.4 * $.7^3, $.1 * $.3 * $.5^2 * $.6^2, $.1 * $.4 * $.5^2, $.1 * $.2 * $.3 * $.4 * $.6 * $.7^3 ]}
758;[ 2, 2, 2, 3 ];{}
758;[ 2, 2, 2, 4 ];{}
76;[ 2, 2, 2, 3 ];{}
76;[ 2, 2, 2, 4 ];{}
76;[ 2, 3, 90 ];{}
76;[ 2, 5, 8 ];{}
763;[ 2, 2, 2, 3 ];{}
763;[ 2, 2, 2, 4 ];{}
763;[ 2, 4, 5 ];{}
763;[ 2, 4, 6 ];{}
764;[ 2, 2, 2, 3 ];{[ (1, 10)(2, 5)(3, 8)(4, 9)(6, 7), (1, 2)(3, 8)(4, 7)(5, 6)(9, 10), (1, 7)(3, 5)(4, 10)(8, 9), (1, 9, 8)(2, 10, 6)(3, 7, 5) ]}
764;[ 2, 2, 2, 4 ];{[ (1, 3)(2, 7)(4, 5)(6, 10)(8, 9), (1, 7)(2, 8)(3, 6)(4, 9)(5, 10), (1, 8)(2, 7)(3, 10)(5, 6), (1, 7, 9, 5)(2, 3, 4, 8) ]}
764;[ 2, 3, 10 ];{[ (1, 3)(2, 7)(4, 5)(6, 10)(8, 9), (1, 3, 10, 7, 8, 6, 5, 2, 9, 4), (1, 5, 10)(2, 4, 8)(6, 9, 7) ]}
764;[ 2, 3, 8 ];{[ (1, 5)(2, 6)(3, 7)(4, 8)(9, 10), (1, 9, 6)(2, 3, 7)(4, 5, 8), (1, 2, 3, 6, 10, 9, 5, 8) ]}
764;[ 2, 4, 5 ];{}
764;[ 2, 5, 8 ];{[ (1, 7)(2, 9)(3, 4)(5, 6)(8, 10), (1, 9, 6, 2, 5)(3, 4, 7, 10, 8), (1, 6, 2, 5, 9, 7, 3, 10) ]:[ (1, 2)(3, 4)(5, 9)(6, 8)(7, 10), (1, 9, 5, 3, 6)(2, 4, 10, 7, 8), (1, 8, 10, 3, 9, 2, 6, 4) ]}
765;[ 2, 2, 2, 3 ];{}
765;[ 2, 2, 2, 4 ];{}
765;[ 2, 3, 8 ];{}
765;[ 2, 4, 5 ];{}
765;[ 2, 5, 8 ];{}
766;[ 2, 2, 2, 3 ];{}
766;[ 2, 2, 2, 4 ];{[ (2, 5)(3, 4), (2, 4)(5, 6)(7, 8), (1, 6)(2, 4)(7, 8), (1, 2, 5, 6)(3, 4) ]:[ (1, 4)(2, 6), (1, 2)(3, 5), (1, 2)(4, 5)(7, 8), (1, 4, 3, 5)(2, 6)(7, 8) ]:[ (1, 6)(4, 5)(7, 8), (1, 5)(3, 4)(7, 8), (1, 3)(2, 5)(7, 8), (1, 5, 2, 6)(3, 4)(7, 8) ]}
766;[ 2, 3, 10 ];{}
766;[ 2, 4, 5 ];{[ (1, 2)(3, 4)(7, 8), (1, 6, 2, 5, 4), (1, 3, 4, 5)(2, 6)(7, 8) ]}
766;[ 2, 4, 6 ];{}
767;[ 2, 2, 2, 3 ];{}
767;[ 2, 2, 2, 4 ];{[ (1, 2)(6, 7), (1, 3)(4, 7)(5, 6), (1, 2)(4, 8)(5, 7), (2, 3)(4, 8, 6, 5) ]}
767;[ 2, 3, 10 ];{}
767;[ 2, 3, 12 ];{}
767;[ 2, 4, 5 ];{}
767;[ 2, 4, 6 ];{[ (1, 3, 2)(4, 5, 6)(7, 8), (1, 3)(4, 8)(5, 6), (2, 3)(4, 7, 8, 6) ]}
768;[ 2, 3, 15 ];{[ (1, 2)(3, 4)(5, 8)(6, 7), (1, 4, 2)(5, 9, 6, 7, 8), (2, 3, 4)(6, 9, 8) ]}
769;[ 2, 3, 12 ];{}
77;[ 2, 2, 2, 3 ];{}
77;[ 2, 2, 2, 4 ];{}
77;[ 2, 3, 90 ];{}
77;[ 2, 5, 8 ];{}
770;[ 2, 2, 2, 3 ];{}
770;[ 2, 2, 2, 4 ];{}
770;[ 2, 3, 10 ];{}
770;[ 2, 4, 5 ];{}
770;[ 2, 4, 6 ];{}
771;[ 2, 2, 2, 3 ];{[ (3, 4, 5)(7, 8, 9), (1, 2)(6, 9)(8, 10), (3, 5)(6, 10)(7, 9), (1, 2)(3, 4)(6, 7)(8, 10) ]}
771;[ 2, 3, 10 ];{}
78;[ 2, 2, 2, 3 ];{}
78;[ 2, 2, 2, 4 ];{}
78;[ 2, 3, 90 ];{}
78;[ 2, 5, 8 ];{}
780;[ 2, 2, 2, 3 ];{}
780;[ 2, 2, 2, 4 ];{}
780;[ 2, 3, 10 ];{}
780;[ 2, 3, 20 ];{}
780;[ 2, 3, 8 ];{}
780;[ 2, 4, 5 ];{}
780;[ 2, 4, 6 ];{}
780;[ 2, 5, 8 ];{}
781;[ 2, 2, 2, 3 ];{}
781;[ 2, 2, 2, 4 ];{}
781;[ 2, 3, 10 ];{}
781;[ 2, 3, 20 ];{}
781;[ 2, 3, 8 ];{}
781;[ 2, 4, 5 ];{}
781;[ 2, 4, 6 ];{}
781;[ 2, 5, 8 ];{}
782;[ 2, 2, 2, 3 ];{}
782;[ 2, 2, 2, 4 ];{}
782;[ 2, 3, 10 ];{}
782;[ 2, 3, 20 ];{}
782;[ 2, 3, 8 ];{}
782;[ 2, 4, 5 ];{}
782;[ 2, 4, 6 ];{}
782;[ 2, 5, 8 ];{}
784;[ 2, 2, 2, 3 ];{}
784;[ 2, 2, 2, 4 ];{[ $.1 * $.2 * $.4 * $.7^2, $.1 * $.3 * $.4 * $.7^2, $.1 * $.4 * $.5^2 * $.7^3, $.1 * $.2 * $.3 * $.5 * $.6 * $.7^3 ]}
785;[ 2, 2, 2, 3 ];{}
785;[ 2, 2, 2, 4 ];{}
79;[ 2, 2, 2, 3 ];{}
79;[ 2, 2, 2, 4 ];{}
79;[ 2, 3, 90 ];{}
79;[ 2, 5, 8 ];{}
791;[ 2, 3, 12 ];{}
793;[ 2, 2, 2, 3 ];{}
793;[ 2, 2, 2, 4 ];{}
793;[ 2, 3, 10 ];{}
793;[ 2, 3, 12 ];{}
793;[ 2, 4, 5 ];{}
793;[ 2, 4, 6 ];{}
794;[ 2, 2, 2, 3 ];{}
794;[ 2, 2, 2, 4 ];{}
794;[ 2, 3, 10 ];{}
794;[ 2, 3, 12 ];{}
794;[ 2, 3, 20 ];{}
794;[ 2, 4, 5 ];{}
794;[ 2, 4, 6 ];{}
795;[ 2, 2, 2, 3 ];{}
795;[ 2, 2, 2, 4 ];{}
795;[ 2, 3, 10 ];{}
795;[ 2, 3, 12 ];{}
795;[ 2, 3, 20 ];{}
795;[ 2, 4, 5 ];{}
795;[ 2, 4, 6 ];{}
796;[ 2, 2, 2, 3 ];{}
796;[ 2, 2, 2, 4 ];{}
796;[ 2, 3, 10 ];{}
796;[ 2, 3, 20 ];{}
796;[ 2, 4, 5 ];{}
796;[ 2, 4, 6 ];{}
809;[ 2, 2, 2, 3 ];{}
809;[ 2, 2, 2, 4 ];{}
810;[ 2, 2, 2, 3 ];{}
810;[ 2, 2, 2, 4 ];{}
812;[ 2, 2, 2, 3 ];{}
812;[ 2, 2, 2, 4 ];{}
815;[ 2, 3, 12 ];{}
817;[ 2, 2, 2, 3 ];{}
817;[ 2, 2, 2, 4 ];{[ $.1 * $.2 * $.4 * $.5^2, $.1 * $.2 * $.3^2 * $.4 * $.5^4 * $.7, $.1 * $.4^2 * $.5 * $.6 * $.7, $.1 * $.3 * $.4^2 * $.5^4 * $.6 * $.7 ]}
817;[ 2, 3, 10 ];{}
817;[ 2, 4, 5 ];{}
817;[ 2, 4, 6 ];{}
