10;[ 2, 2, 2, 3 ];{}
10;[ 2, 2, 2, 4 ];{}
10;[ 2, 4, 11 ];{}
10;[ 2, 4, 9 ];{}
100;[ 2, 2, 2, 3 ];{}
100;[ 2, 2, 2, 4 ];{}
100;[ 2, 3, 12 ];{}
100;[ 2, 3, 132 ];{}
100;[ 2, 4, 11 ];{}
100;[ 2, 4, 6 ];{}
102;[ 2, 2, 2, 3 ];{}
102;[ 2, 2, 2, 4 ];{}
102;[ 2, 3, 12 ];{}
102;[ 2, 3, 132 ];{}
102;[ 2, 4, 11 ];{}
102;[ 2, 4, 6 ];{}
104;[ 2, 2, 2, 3 ];{}
104;[ 2, 2, 2, 4 ];{}
104;[ 2, 4, 11 ];{}
104;[ 2, 4, 6 ];{}
11;[ 2, 2, 2, 3 ];{}
11;[ 2, 2, 2, 4 ];{}
11;[ 2, 4, 11 ];{}
11;[ 2, 4, 9 ];{}
112;[ 2, 2, 2, 3 ];{}
112;[ 2, 2, 2, 4 ];{}
112;[ 2, 4, 11 ];{}
112;[ 2, 4, 6 ];{}
113;[ 2, 2, 2, 3 ];{}
113;[ 2, 2, 2, 4 ];{}
113;[ 2, 4, 11 ];{}
113;[ 2, 4, 6 ];{}
115;[ 2, 2, 2, 3 ];{}
115;[ 2, 2, 2, 4 ];{}
115;[ 2, 4, 11 ];{}
116;[ 2, 2, 2, 3 ];{}
118;[ 2, 3, 12 ];{}
120;[ 2, 2, 2, 3 ];{}
120;[ 2, 2, 2, 4 ];{[ $.1 * $.2^2 * $.3^2 * $.4^2 * $.5 * $.6, $.1 * $.2^2 * $.3 * $.4^3, $.1 * $.2 * $.4^2, $.1 * $.2 * $.3 * $.4 * $.5 ]}
120;[ 2, 4, 11 ];{}
120;[ 2, 4, 6 ];{}
127;[ 2, 2, 2, 3 ];{}
129;[ 2, 2, 2, 3 ];{}
130;[ 2, 2, 2, 3 ];{}
136;[ 2, 2, 2, 3 ];{}
23;[ 2, 2, 2, 4 ];{}
25;[ 2, 2, 2, 4 ];{}
27;[ 2, 2, 2, 3 ];{}
27;[ 2, 2, 2, 4 ];{}
27;[ 2, 4, 11 ];{}
27;[ 2, 4, 9 ];{}
38;[ 2, 2, 2, 3 ];{}
38;[ 2, 2, 2, 4 ];{[ $.1 * $.2^2 * $.3^10 * $.5 * $.6, $.1 * $.2 * $.3 * $.6, $.1 * $.3^9 * $.4^2 * $.5 * $.6, $.1 * $.2 * $.3^7 * $.4^2 ]}
38;[ 2, 4, 11 ];{}
38;[ 2, 4, 6 ];{}
38;[ 2, 4, 9 ];{}
40;[ 2, 2, 2, 3 ];{}
44;[ 2, 2, 2, 3 ];{}
5;[ 2, 2, 2, 3 ];{}
5;[ 2, 2, 2, 4 ];{}
5;[ 2, 3, 36 ];{}
5;[ 2, 4, 11 ];{}
5;[ 2, 4, 9 ];{}
51;[ 2, 3, 12 ];{}
52;[ 2, 3, 12 ];{}
52;[ 2, 3, 132 ];{}
53;[ 2, 3, 12 ];{}
54;[ 2, 3, 12 ];{}
54;[ 2, 3, 132 ];{}
58;[ 2, 2, 2, 3 ];{}
58;[ 2, 2, 2, 4 ];{}
58;[ 2, 4, 11 ];{}
58;[ 2, 4, 6 ];{}
59;[ 2, 2, 2, 3 ];{}
59;[ 2, 2, 2, 4 ];{}
59;[ 2, 4, 11 ];{}
59;[ 2, 4, 6 ];{}
60;[ 2, 2, 2, 3 ];{}
60;[ 2, 2, 2, 4 ];{}
60;[ 2, 3, 12 ];{}
60;[ 2, 4, 11 ];{}
60;[ 2, 4, 6 ];{}
61;[ 2, 2, 2, 3 ];{}
61;[ 2, 2, 2, 4 ];{}
61;[ 2, 3, 12 ];{}
61;[ 2, 4, 11 ];{}
61;[ 2, 4, 6 ];{}
70;[ 2, 2, 2, 3 ];{}
70;[ 2, 2, 2, 4 ];{}
70;[ 2, 4, 11 ];{}
70;[ 2, 4, 6 ];{}
71;[ 2, 2, 2, 3 ];{}
71;[ 2, 2, 2, 4 ];{}
71;[ 2, 3, 12 ];{}
71;[ 2, 3, 132 ];{}
71;[ 2, 4, 11 ];{}
71;[ 2, 4, 6 ];{}
72;[ 2, 2, 2, 3 ];{}
72;[ 2, 2, 2, 4 ];{}
72;[ 2, 3, 12 ];{}
72;[ 2, 4, 11 ];{}
72;[ 2, 4, 6 ];{}
73;[ 2, 2, 2, 3 ];{}
73;[ 2, 2, 2, 4 ];{}
73;[ 2, 3, 12 ];{}
73;[ 2, 3, 132 ];{}
73;[ 2, 4, 11 ];{}
73;[ 2, 4, 6 ];{}
76;[ 2, 2, 2, 3 ];{}
76;[ 2, 2, 2, 4 ];{}
76;[ 2, 3, 12 ];{}
76;[ 2, 4, 11 ];{}
76;[ 2, 4, 6 ];{}
77;[ 2, 2, 2, 3 ];{}
77;[ 2, 2, 2, 4 ];{}
77;[ 2, 4, 11 ];{}
77;[ 2, 4, 6 ];{}
78;[ 2, 2, 2, 3 ];{}
78;[ 2, 2, 2, 4 ];{}
78;[ 2, 3, 12 ];{}
78;[ 2, 4, 11 ];{}
78;[ 2, 4, 6 ];{}
8;[ 2, 2, 2, 3 ];{}
8;[ 2, 2, 2, 4 ];{}
8;[ 2, 3, 36 ];{}
8;[ 2, 4, 11 ];{}
8;[ 2, 4, 9 ];{}
80;[ 2, 3, 12 ];{}
80;[ 2, 3, 132 ];{}
82;[ 2, 3, 12 ];{}
82;[ 2, 3, 132 ];{}
84;[ 2, 3, 12 ];{}
90;[ 2, 3, 12 ];{}
90;[ 2, 3, 132 ];{}
92;[ 2, 3, 12 ];{}
92;[ 2, 3, 132 ];{}
94;[ 2, 3, 12 ];{}
