101;[ 2, 2, 2, 3 ];{}
101;[ 2, 3, 34 ];{}
102;[ 2, 2, 2, 3 ];{}
102;[ 2, 3, 34 ];{}
121;[ 2, 2, 2, 3 ];{}
122;[ 2, 2, 2, 3 ];{}
123;[ 2, 2, 2, 3 ];{}
124;[ 2, 2, 2, 3 ];{}
125;[ 2, 2, 2, 3 ];{}
126;[ 2, 2, 2, 3 ];{}
127;[ 2, 2, 2, 3 ];{}
128;[ 2, 2, 2, 3 ];{}
129;[ 2, 2, 2, 3 ];{}
13;[ 2, 2, 2, 3 ];{}
13;[ 2, 3, 34 ];{}
130;[ 2, 2, 2, 3 ];{}
132;[ 2, 2, 2, 3 ];{}
133;[ 2, 2, 2, 3 ];{}
134;[ 2, 2, 2, 3 ];{}
136;[ 2, 2, 2, 3 ];{}
137;[ 2, 2, 2, 3 ];{}
139;[ 2, 2, 2, 3 ];{}
14;[ 2, 2, 2, 3 ];{}
14;[ 2, 3, 136 ];{}
14;[ 2, 3, 34 ];{}
141;[ 2, 2, 2, 3 ];{}
142;[ 2, 2, 2, 3 ];{}
143;[ 2, 2, 2, 3 ];{}
144;[ 2, 2, 2, 3 ];{}
145;[ 2, 2, 2, 3 ];{}
146;[ 2, 2, 2, 3 ];{}
147;[ 2, 2, 2, 3 ];{}
15;[ 2, 2, 2, 3 ];{}
15;[ 2, 3, 34 ];{}
16;[ 2, 2, 2, 3 ];{}
16;[ 2, 3, 34 ];{}
17;[ 2, 2, 2, 3 ];{}
17;[ 2, 3, 34 ];{}
171;[ 2, 2, 2, 3 ];{}
173;[ 2, 2, 2, 3 ];{}
174;[ 2, 2, 2, 3 ];{}
175;[ 2, 2, 2, 3 ];{}
176;[ 2, 2, 2, 3 ];{}
177;[ 2, 2, 2, 3 ];{}
178;[ 2, 2, 2, 3 ];{}
18;[ 2, 2, 2, 3 ];{}
18;[ 2, 3, 136 ];{}
18;[ 2, 3, 34 ];{}
180;[ 2, 2, 2, 3 ];{}
19;[ 2, 2, 2, 3 ];{}
19;[ 2, 3, 136 ];{}
19;[ 2, 3, 34 ];{}
190;[ 2, 2, 2, 3 ];{}
190;[ 2, 3, 34 ];{}
195;[ 2, 2, 2, 3 ];{}
195;[ 2, 3, 34 ];{}
20;[ 2, 2, 2, 3 ];{}
20;[ 2, 3, 34 ];{}
21;[ 2, 2, 2, 3 ];{}
21;[ 2, 3, 34 ];{}
22;[ 2, 2, 2, 3 ];{}
22;[ 2, 3, 34 ];{}
23;[ 2, 2, 2, 3 ];{}
23;[ 2, 3, 136 ];{}
23;[ 2, 3, 34 ];{}
24;[ 2, 2, 2, 3 ];{}
24;[ 2, 3, 34 ];{}
76;[ 2, 2, 2, 3 ];{}
76;[ 2, 3, 34 ];{}
77;[ 2, 2, 2, 3 ];{}
77;[ 2, 3, 34 ];{}
78;[ 2, 2, 2, 3 ];{}
78;[ 2, 3, 34 ];{}
79;[ 2, 2, 2, 3 ];{}
79;[ 2, 3, 34 ];{}
