110;[ 2, 3, 30 ];{}
130;[ 2, 2, 2, 3 ];{}
130;[ 2, 3, 30 ];{}
130;[ 2, 4, 10 ];{}
130;[ 2, 5, 6 ];{}
134;[ 2, 5, 5 ];{}
136;[ 2, 2, 2, 3 ];{}
136;[ 2, 3, 14 ];{}
136;[ 2, 4, 5 ];{}
136;[ 2, 5, 6 ];{}
137;[ 2, 2, 2, 3 ];{}
137;[ 2, 3, 14 ];{}
137;[ 2, 5, 6 ];{}
150;[ 2, 2, 2, 3 ];{}
155;[ 2, 2, 2, 3 ];{}
155;[ 2, 3, 14 ];{}
155;[ 2, 4, 10 ];{}
171;[ 2, 2, 2, 3 ];{}
173;[ 2, 2, 2, 3 ];{}
174;[ 2, 2, 2, 3 ];{}
175;[ 2, 2, 2, 3 ];{}
185;[ 2, 2, 2, 3 ];{}
19;[ 2, 3, 30 ];{}
20;[ 2, 3, 30 ];{}
21;[ 2, 3, 30 ];{}
21;[ 2, 3, 60 ];{}
22;[ 2, 3, 30 ];{}
22;[ 2, 3, 60 ];{}
28;[ 2, 3, 30 ];{}
28;[ 2, 3, 60 ];{}
30;[ 2, 3, 30 ];{}
30;[ 2, 3, 60 ];{}
32;[ 2, 3, 30 ];{}
33;[ 2, 3, 30 ];{}
33;[ 2, 3, 60 ];{}
35;[ 2, 3, 30 ];{}
35;[ 2, 3, 60 ];{}
37;[ 2, 3, 30 ];{}
45;[ 2, 3, 30 ];{}
46;[ 2, 3, 30 ];{}
46;[ 2, 3, 84 ];{}
47;[ 2, 3, 30 ];{}
47;[ 2, 3, 60 ];{}
48;[ 2, 3, 30 ];{}
48;[ 2, 3, 60 ];{}
48;[ 2, 3, 84 ];{}
59;[ 2, 2, 2, 3 ];{}
59;[ 2, 3, 30 ];{}
59;[ 2, 4, 10 ];{}
59;[ 2, 5, 6 ];{}
60;[ 2, 2, 2, 3 ];{}
60;[ 2, 3, 28 ];{}
60;[ 2, 3, 30 ];{}
60;[ 2, 4, 10 ];{}
60;[ 2, 5, 6 ];{}
61;[ 2, 2, 2, 3 ];{}
61;[ 2, 3, 30 ];{}
61;[ 2, 3, 60 ];{}
61;[ 2, 4, 10 ];{}
61;[ 2, 5, 6 ];{}
62;[ 2, 2, 2, 3 ];{}
62;[ 2, 3, 28 ];{}
62;[ 2, 3, 30 ];{}
62;[ 2, 3, 60 ];{}
62;[ 2, 4, 10 ];{}
62;[ 2, 5, 6 ];{}
73;[ 2, 2, 2, 3 ];{}
73;[ 2, 3, 30 ];{}
73;[ 2, 4, 10 ];{}
73;[ 2, 5, 6 ];{}
74;[ 2, 2, 2, 3 ];{}
74;[ 2, 3, 28 ];{}
74;[ 2, 3, 30 ];{}
74;[ 2, 3, 84 ];{}
74;[ 2, 4, 10 ];{}
74;[ 2, 5, 6 ];{}
75;[ 2, 2, 2, 3 ];{}
75;[ 2, 3, 30 ];{}
75;[ 2, 4, 10 ];{}
75;[ 2, 5, 6 ];{}
76;[ 2, 2, 2, 3 ];{}
76;[ 2, 3, 28 ];{}
76;[ 2, 3, 30 ];{}
76;[ 2, 3, 84 ];{}
76;[ 2, 4, 10 ];{}
76;[ 2, 5, 6 ];{}
80;[ 2, 2, 2, 3 ];{}
80;[ 2, 3, 30 ];{}
80;[ 2, 4, 10 ];{}
80;[ 2, 5, 6 ];{}
81;[ 2, 2, 2, 3 ];{}
81;[ 2, 3, 28 ];{}
81;[ 2, 3, 30 ];{}
81;[ 2, 4, 10 ];{}
81;[ 2, 5, 6 ];{}
82;[ 2, 2, 2, 3 ];{}
82;[ 2, 3, 30 ];{}
82;[ 2, 4, 10 ];{}
82;[ 2, 5, 6 ];{}
83;[ 2, 2, 2, 3 ];{}
83;[ 2, 3, 28 ];{}
83;[ 2, 3, 30 ];{}
83;[ 2, 4, 10 ];{}
83;[ 2, 5, 6 ];{}
87;[ 2, 2, 2, 3 ];{}
87;[ 2, 3, 30 ];{}
87;[ 2, 4, 10 ];{}
87;[ 2, 5, 6 ];{}
88;[ 2, 2, 2, 3 ];{}
88;[ 2, 3, 28 ];{}
88;[ 2, 3, 30 ];{}
88;[ 2, 4, 10 ];{}
88;[ 2, 5, 6 ];{}
89;[ 2, 2, 2, 3 ];{}
89;[ 2, 3, 30 ];{}
89;[ 2, 4, 10 ];{}
89;[ 2, 5, 6 ];{}
90;[ 2, 2, 2, 3 ];{}
90;[ 2, 3, 28 ];{}
90;[ 2, 3, 30 ];{}
90;[ 2, 4, 10 ];{}
90;[ 2, 5, 6 ];{}
