100;[ 2, 2, 2, 3 ];{}
1000;[ 2, 2, 2, 3 ];{}
1001;[ 2, 2, 2, 3 ];{}
1002;[ 2, 2, 2, 3 ];{}
1003;[ 2, 2, 2, 3 ];{}
1004;[ 2, 2, 2, 3 ];{}
1005;[ 2, 2, 2, 3 ];{}
1006;[ 2, 2, 2, 3 ];{}
1007;[ 2, 2, 2, 3 ];{}
1008;[ 2, 2, 2, 3 ];{}
1009;[ 2, 2, 2, 3 ];{}
101;[ 2, 2, 2, 3 ];{}
1010;[ 2, 2, 2, 3 ];{}
1011;[ 2, 2, 2, 3 ];{}
1012;[ 2, 2, 2, 3 ];{}
1016;[ 2, 2, 2, 3 ];{}
1017;[ 2, 2, 2, 3 ];{}
1018;[ 2, 2, 2, 3 ];{}
102;[ 2, 2, 2, 3 ];{}
1024;[ 2, 2, 2, 3 ];{}
1025;[ 2, 2, 2, 3 ];{}
1026;[ 2, 2, 2, 3 ];{}
1027;[ 2, 2, 2, 3 ];{}
1028;[ 2, 2, 2, 3 ];{}
1029;[ 2, 2, 2, 3 ];{}
1034;[ 2, 2, 2, 3 ];{}
1035;[ 2, 2, 2, 3 ];{}
1036;[ 2, 2, 2, 3 ];{}
1037;[ 2, 2, 2, 3 ];{}
1038;[ 2, 2, 2, 3 ];{}
1039;[ 2, 2, 2, 3 ];{}
104;[ 2, 2, 2, 3 ];{}
1040;[ 2, 2, 2, 3 ];{}
1041;[ 2, 2, 2, 3 ];{}
1042;[ 2, 2, 2, 3 ];{}
1046;[ 2, 2, 2, 3 ];{}
1047;[ 2, 2, 2, 3 ];{}
105;[ 2, 2, 2, 3 ];{}
1052;[ 2, 2, 2, 3 ];{}
1053;[ 2, 2, 2, 3 ];{}
1054;[ 2, 2, 2, 3 ];{}
1055;[ 2, 2, 2, 3 ];{}
1057;[ 2, 2, 2, 3 ];{}
1058;[ 2, 2, 2, 3 ];{}
1059;[ 2, 2, 2, 3 ];{}
106;[ 2, 2, 2, 3 ];{}
1060;[ 2, 2, 2, 3 ];{}
1061;[ 2, 2, 2, 3 ];{}
1062;[ 2, 2, 2, 3 ];{}
1063;[ 2, 2, 2, 3 ];{}
1065;[ 2, 2, 2, 3 ];{}
1066;[ 2, 2, 2, 3 ];{}
1067;[ 2, 2, 2, 3 ];{}
1068;[ 2, 2, 2, 3 ];{}
1069;[ 2, 2, 2, 3 ];{}
1070;[ 2, 2, 2, 3 ];{}
1071;[ 2, 2, 2, 3 ];{}
1073;[ 2, 2, 2, 3 ];{}
1074;[ 2, 2, 2, 3 ];{}
1075;[ 2, 2, 2, 3 ];{}
1076;[ 2, 2, 2, 3 ];{}
1077;[ 2, 2, 2, 3 ];{}
1078;[ 2, 2, 2, 3 ];{}
1079;[ 2, 2, 2, 3 ];{}
1080;[ 2, 2, 2, 3 ];{}
1081;[ 2, 2, 2, 3 ];{}
1083;[ 2, 2, 2, 3 ];{}
1084;[ 2, 2, 2, 3 ];{}
1092;[ 2, 2, 2, 3 ];{}
1093;[ 2, 2, 2, 3 ];{}
1094;[ 2, 2, 2, 3 ];{}
1095;[ 2, 2, 2, 3 ];{}
1097;[ 2, 2, 2, 3 ];{}
1098;[ 2, 2, 2, 3 ];{}
110;[ 2, 2, 2, 3 ];{}
1100;[ 2, 2, 2, 3 ];{}
1101;[ 2, 2, 2, 3 ];{}
1102;[ 2, 2, 2, 3 ];{}
1106;[ 2, 2, 2, 3 ];{}
1107;[ 2, 2, 2, 3 ];{}
1108;[ 2, 2, 2, 3 ];{}
1109;[ 2, 2, 2, 3 ];{}
111;[ 2, 2, 2, 3 ];{}
1110;[ 2, 2, 2, 3 ];{}
1111;[ 2, 2, 2, 3 ];{}
1112;[ 2, 2, 2, 3 ];{}
1115;[ 2, 2, 2, 3 ];{}
1117;[ 2, 2, 2, 3 ];{}
1118;[ 2, 2, 2, 3 ];{}
112;[ 2, 2, 2, 3 ];{}
1122;[ 2, 2, 2, 3 ];{}
1123;[ 2, 2, 2, 3 ];{}
1124;[ 2, 2, 2, 3 ];{}
1125;[ 2, 2, 2, 3 ];{}
1126;[ 2, 2, 2, 3 ];{}
1129;[ 2, 2, 2, 3 ];{}
113;[ 2, 2, 2, 3 ];{}
1130;[ 2, 2, 2, 3 ];{}
1131;[ 2, 2, 2, 3 ];{}
1132;[ 2, 2, 2, 3 ];{}
1133;[ 2, 2, 2, 3 ];{}
1134;[ 2, 2, 2, 3 ];{}
1135;[ 2, 2, 2, 3 ];{}
1136;[ 2, 2, 2, 3 ];{}
1137;[ 2, 2, 2, 3 ];{}
1138;[ 2, 2, 2, 3 ];{}
1139;[ 2, 2, 2, 3 ];{}
114;[ 2, 2, 2, 3 ];{}
1140;[ 2, 2, 2, 3 ];{}
1141;[ 2, 2, 2, 3 ];{}
1142;[ 2, 2, 2, 3 ];{}
1143;[ 2, 2, 2, 3 ];{}
1144;[ 2, 2, 2, 3 ];{}
1145;[ 2, 2, 2, 3 ];{}
1146;[ 2, 2, 2, 3 ];{}
1147;[ 2, 2, 2, 3 ];{}
1148;[ 2, 2, 2, 3 ];{}
1149;[ 2, 2, 2, 3 ];{}
115;[ 2, 2, 2, 3 ];{}
1150;[ 2, 2, 2, 3 ];{}
1151;[ 2, 2, 2, 3 ];{}
1152;[ 2, 2, 2, 3 ];{}
1153;[ 2, 2, 2, 3 ];{}
1154;[ 2, 2, 2, 3 ];{}
1155;[ 2, 2, 2, 3 ];{}
1156;[ 2, 2, 2, 3 ];{}
1157;[ 2, 2, 2, 3 ];{}
1158;[ 2, 2, 2, 3 ];{}
1159;[ 2, 2, 2, 3 ];{}
1160;[ 2, 2, 2, 3 ];{}
1161;[ 2, 2, 2, 3 ];{}
1162;[ 2, 2, 2, 3 ];{}
1163;[ 2, 2, 2, 3 ];{}
1164;[ 2, 2, 2, 3 ];{}
1165;[ 2, 2, 2, 3 ];{}
1166;[ 2, 2, 2, 3 ];{}
1167;[ 2, 2, 2, 3 ];{}
1168;[ 2, 2, 2, 3 ];{}
1169;[ 2, 2, 2, 3 ];{}
1170;[ 2, 2, 2, 3 ];{}
1171;[ 2, 2, 2, 3 ];{}
1172;[ 2, 2, 2, 3 ];{}
1173;[ 2, 2, 2, 3 ];{}
1174;[ 2, 2, 2, 3 ];{}
1175;[ 2, 2, 2, 3 ];{}
1176;[ 2, 2, 2, 3 ];{}
1177;[ 2, 2, 2, 3 ];{}
1178;[ 2, 2, 2, 3 ];{}
1179;[ 2, 2, 2, 3 ];{}
1180;[ 2, 2, 2, 3 ];{}
1181;[ 2, 2, 2, 3 ];{}
1182;[ 2, 2, 2, 3 ];{}
1183;[ 2, 2, 2, 3 ];{}
1184;[ 2, 2, 2, 3 ];{}
1185;[ 2, 2, 2, 3 ];{}
1186;[ 2, 2, 2, 3 ];{}
1187;[ 2, 2, 2, 3 ];{}
1188;[ 2, 2, 2, 3 ];{}
1189;[ 2, 2, 2, 3 ];{}
119;[ 2, 2, 2, 3 ];{}
1190;[ 2, 2, 2, 3 ];{}
1191;[ 2, 2, 2, 3 ];{}
1192;[ 2, 2, 2, 3 ];{}
1193;[ 2, 2, 2, 3 ];{}
1194;[ 2, 2, 2, 3 ];{}
1195;[ 2, 2, 2, 3 ];{}
1196;[ 2, 2, 2, 3 ];{}
1197;[ 2, 2, 2, 3 ];{}
1198;[ 2, 2, 2, 3 ];{}
1199;[ 2, 2, 2, 3 ];{}
120;[ 2, 2, 2, 3 ];{}
1200;[ 2, 2, 2, 3 ];{}
1201;[ 2, 2, 2, 3 ];{}
1202;[ 2, 2, 2, 3 ];{}
1203;[ 2, 2, 2, 3 ];{}
1204;[ 2, 2, 2, 3 ];{}
1205;[ 2, 2, 2, 3 ];{}
1206;[ 2, 2, 2, 3 ];{}
1209;[ 2, 2, 2, 3 ];{}
121;[ 2, 2, 2, 3 ];{}
1213;[ 2, 2, 2, 3 ];{}
1214;[ 2, 2, 2, 3 ];{}
1216;[ 2, 2, 2, 3 ];{}
1218;[ 2, 2, 2, 3 ];{}
1220;[ 2, 2, 2, 3 ];{}
1222;[ 2, 2, 2, 3 ];{}
1223;[ 2, 2, 2, 3 ];{}
1224;[ 2, 2, 2, 3 ];{}
1226;[ 2, 2, 2, 3 ];{}
1227;[ 2, 2, 2, 3 ];{}
1229;[ 2, 2, 2, 3 ];{}
1230;[ 2, 2, 2, 3 ];{}
1232;[ 2, 2, 2, 3 ];{}
1233;[ 2, 2, 2, 3 ];{}
1234;[ 2, 2, 2, 3 ];{}
1236;[ 2, 2, 2, 3 ];{}
1237;[ 2, 2, 2, 3 ];{}
1238;[ 2, 2, 2, 3 ];{}
124;[ 2, 2, 2, 3 ];{}
1242;[ 2, 2, 2, 3 ];{}
1243;[ 2, 2, 2, 3 ];{}
1244;[ 2, 2, 2, 3 ];{}
1245;[ 2, 2, 2, 3 ];{}
1247;[ 2, 2, 2, 3 ];{}
1248;[ 2, 2, 2, 3 ];{}
1249;[ 2, 2, 2, 3 ];{}
125;[ 2, 2, 2, 3 ];{}
1252;[ 2, 2, 2, 3 ];{}
1253;[ 2, 2, 2, 3 ];{}
1254;[ 2, 2, 2, 3 ];{}
1255;[ 2, 2, 2, 3 ];{}
1256;[ 2, 2, 2, 3 ];{}
1257;[ 2, 2, 2, 3 ];{}
1258;[ 2, 2, 2, 3 ];{}
1259;[ 2, 2, 2, 3 ];{}
126;[ 2, 2, 2, 3 ];{}
1261;[ 2, 2, 2, 3 ];{}
1264;[ 2, 2, 2, 3 ];{}
1266;[ 2, 2, 2, 3 ];{}
1268;[ 2, 2, 2, 3 ];{}
127;[ 2, 2, 2, 3 ];{}
1270;[ 2, 2, 2, 3 ];{}
1271;[ 2, 2, 2, 3 ];{}
1273;[ 2, 2, 2, 3 ];{}
1274;[ 2, 2, 2, 3 ];{}
1276;[ 2, 2, 2, 3 ];{}
1278;[ 2, 2, 2, 3 ];{}
1279;[ 2, 2, 2, 3 ];{}
128;[ 2, 2, 2, 3 ];{}
1280;[ 2, 2, 2, 3 ];{}
1283;[ 2, 2, 2, 3 ];{}
1284;[ 2, 2, 2, 3 ];{}
1285;[ 2, 2, 2, 3 ];{}
1286;[ 2, 2, 2, 3 ];{}
1288;[ 2, 2, 2, 3 ];{}
1289;[ 2, 2, 2, 3 ];{}
129;[ 2, 2, 2, 3 ];{}
1290;[ 2, 2, 2, 3 ];{}
1291;[ 2, 2, 2, 3 ];{}
1293;[ 2, 3, 12 ];{}
1297;[ 2, 3, 12 ];{}
1299;[ 2, 3, 12 ];{}
130;[ 2, 2, 2, 3 ];{}
1300;[ 2, 3, 12 ];{}
1302;[ 2, 3, 12 ];{}
1308;[ 2, 3, 12 ];{}
1309;[ 2, 3, 12 ];{}
131;[ 2, 2, 2, 3 ];{}
1314;[ 2, 3, 12 ];{}
1315;[ 2, 3, 12 ];{}
1317;[ 2, 3, 12 ];{}
1318;[ 2, 3, 12 ];{}
132;[ 2, 2, 2, 3 ];{}
1320;[ 2, 3, 12 ];{}
1321;[ 2, 3, 12 ];{}
133;[ 2, 2, 2, 3 ];{}
134;[ 2, 2, 2, 3 ];{}
135;[ 2, 2, 2, 3 ];{}
140;[ 2, 2, 2, 3 ];{}
145;[ 2, 2, 2, 3 ];{}
146;[ 2, 2, 2, 3 ];{}
147;[ 2, 2, 2, 3 ];{}
148;[ 2, 2, 2, 3 ];{}
149;[ 2, 2, 2, 3 ];{}
151;[ 2, 2, 2, 3 ];{}
152;[ 2, 2, 2, 3 ];{}
153;[ 2, 2, 2, 3 ];{}
154;[ 2, 2, 2, 3 ];{}
155;[ 2, 2, 2, 3 ];{}
156;[ 2, 2, 2, 3 ];{}
157;[ 2, 2, 2, 3 ];{}
158;[ 2, 2, 2, 3 ];{}
159;[ 2, 2, 2, 3 ];{}
160;[ 2, 2, 2, 3 ];{}
162;[ 2, 2, 2, 3 ];{}
163;[ 2, 2, 2, 3 ];{}
165;[ 2, 2, 2, 3 ];{}
166;[ 2, 2, 2, 3 ];{}
167;[ 2, 2, 2, 3 ];{}
1673;[ 2, 2, 2, 3 ];{}
1674;[ 2, 2, 2, 3 ];{}
1678;[ 2, 2, 2, 3 ];{}
1679;[ 2, 2, 2, 3 ];{}
1680;[ 2, 2, 2, 3 ];{}
1682;[ 2, 2, 2, 3 ];{}
1683;[ 2, 2, 2, 3 ];{}
1687;[ 2, 2, 2, 3 ];{}
1688;[ 2, 2, 2, 3 ];{}
1689;[ 2, 2, 2, 3 ];{}
169;[ 2, 2, 2, 3 ];{}
1691;[ 2, 2, 2, 3 ];{}
1692;[ 2, 2, 2, 3 ];{}
1695;[ 2, 2, 2, 3 ];{}
1696;[ 2, 2, 2, 3 ];{}
1697;[ 2, 2, 2, 3 ];{}
1698;[ 2, 2, 2, 3 ];{}
1699;[ 2, 2, 2, 3 ];{}
1701;[ 2, 2, 2, 3 ];{}
1702;[ 2, 2, 2, 3 ];{}
1705;[ 2, 2, 2, 3 ];{}
1706;[ 2, 2, 2, 3 ];{}
1707;[ 2, 2, 2, 3 ];{}
1708;[ 2, 2, 2, 3 ];{}
1709;[ 2, 2, 2, 3 ];{}
1711;[ 2, 2, 2, 3 ];{}
1712;[ 2, 2, 2, 3 ];{}
1713;[ 2, 2, 2, 3 ];{}
1717;[ 2, 2, 2, 3 ];{}
1718;[ 2, 2, 2, 3 ];{}
1719;[ 2, 2, 2, 3 ];{}
1720;[ 2, 2, 2, 3 ];{}
1721;[ 2, 2, 2, 3 ];{}
1723;[ 2, 2, 2, 3 ];{}
1724;[ 2, 2, 2, 3 ];{}
1725;[ 2, 2, 2, 3 ];{}
1729;[ 2, 2, 2, 3 ];{}
1730;[ 2, 2, 2, 3 ];{}
1731;[ 2, 2, 2, 3 ];{}
1732;[ 2, 2, 2, 3 ];{}
1733;[ 2, 2, 2, 3 ];{}
1734;[ 2, 2, 2, 3 ];{}
1738;[ 2, 2, 2, 3 ];{}
1739;[ 2, 2, 2, 3 ];{}
1740;[ 2, 2, 2, 3 ];{}
1744;[ 2, 2, 2, 3 ];{}
1745;[ 2, 2, 2, 3 ];{}
1746;[ 2, 2, 2, 3 ];{}
1747;[ 2, 2, 2, 3 ];{}
1750;[ 2, 2, 2, 3 ];{}
1751;[ 2, 2, 2, 3 ];{}
1754;[ 2, 2, 2, 3 ];{}
1755;[ 2, 2, 2, 3 ];{}
1756;[ 2, 2, 2, 3 ];{}
1757;[ 2, 2, 2, 3 ];{}
1758;[ 2, 2, 2, 3 ];{}
1759;[ 2, 2, 2, 3 ];{}
1760;[ 2, 2, 2, 3 ];{}
1761;[ 2, 2, 2, 3 ];{}
1762;[ 2, 2, 2, 3 ];{}
1763;[ 2, 2, 2, 3 ];{}
1764;[ 2, 2, 2, 3 ];{}
1765;[ 2, 2, 2, 3 ];{}
1766;[ 2, 2, 2, 3 ];{}
1767;[ 2, 2, 2, 3 ];{}
1768;[ 2, 2, 2, 3 ];{}
1769;[ 2, 2, 2, 3 ];{}
1770;[ 2, 2, 2, 3 ];{}
1771;[ 2, 2, 2, 3 ];{}
1772;[ 2, 2, 2, 3 ];{}
1773;[ 2, 2, 2, 3 ];{}
1774;[ 2, 2, 2, 3 ];{}
1775;[ 2, 2, 2, 3 ];{}
1780;[ 2, 2, 2, 3 ];{}
1785;[ 2, 2, 2, 3 ];{}
1786;[ 2, 2, 2, 3 ];{}
1791;[ 2, 2, 2, 3 ];{}
1796;[ 2, 2, 2, 3 ];{}
1797;[ 2, 2, 2, 3 ];{}
1798;[ 2, 2, 2, 3 ];{}
1799;[ 2, 2, 2, 3 ];{}
1800;[ 2, 2, 2, 3 ];{}
1802;[ 2, 2, 2, 3 ];{}
1803;[ 2, 2, 2, 3 ];{}
1804;[ 2, 2, 2, 3 ];{}
1805;[ 2, 2, 2, 3 ];{}
1806;[ 2, 2, 2, 3 ];{}
1807;[ 2, 2, 2, 3 ];{}
1808;[ 2, 2, 2, 3 ];{}
1809;[ 2, 2, 2, 3 ];{}
1810;[ 2, 2, 2, 3 ];{}
1812;[ 2, 2, 2, 3 ];{}
1813;[ 2, 2, 2, 3 ];{}
1814;[ 2, 2, 2, 3 ];{}
1815;[ 2, 2, 2, 3 ];{}
1816;[ 2, 2, 2, 3 ];{}
1817;[ 2, 2, 2, 3 ];{}
1818;[ 2, 2, 2, 3 ];{}
1819;[ 2, 2, 2, 3 ];{}
1820;[ 2, 2, 2, 3 ];{}
1821;[ 2, 2, 2, 3 ];{}
1823;[ 2, 2, 2, 3 ];{}
1824;[ 2, 2, 2, 3 ];{}
1825;[ 2, 2, 2, 3 ];{}
1826;[ 2, 2, 2, 3 ];{}
1827;[ 2, 2, 2, 3 ];{}
1828;[ 2, 2, 2, 3 ];{}
1830;[ 2, 2, 2, 3 ];{}
1831;[ 2, 2, 2, 3 ];{}
1833;[ 2, 2, 2, 3 ];{}
1834;[ 2, 2, 2, 3 ];{}
1835;[ 2, 2, 2, 3 ];{}
1837;[ 2, 2, 2, 3 ];{}
1838;[ 2, 2, 2, 3 ];{}
1839;[ 2, 2, 2, 3 ];{}
1841;[ 2, 2, 2, 3 ];{}
1843;[ 2, 2, 2, 3 ];{}
1916;[ 2, 2, 2, 3 ];{}
1917;[ 2, 2, 2, 3 ];{}
1917;[ 2, 4, 6 ];{}
1928;[ 2, 3, 12 ];{}
1928;[ 2, 3, 48 ];{}
1929;[ 2, 3, 12 ];{}
1929;[ 2, 3, 48 ];{}
1930;[ 2, 3, 12 ];{}
1930;[ 2, 3, 48 ];{}
1931;[ 2, 3, 12 ];{}
1931;[ 2, 3, 48 ];{}
1932;[ 2, 3, 12 ];{}
1932;[ 2, 3, 48 ];{}
1933;[ 2, 3, 12 ];{}
1933;[ 2, 3, 48 ];{}
1934;[ 2, 3, 12 ];{}
1934;[ 2, 3, 48 ];{}
1971;[ 2, 2, 2, 3 ];{}
1971;[ 2, 3, 12 ];{}
1971;[ 2, 4, 6 ];{}
1972;[ 2, 2, 2, 3 ];{}
1972;[ 2, 3, 12 ];{}
1972;[ 2, 3, 48 ];{}
1972;[ 2, 4, 6 ];{}
1973;[ 2, 2, 2, 3 ];{}
1973;[ 2, 3, 12 ];{}
1973;[ 2, 3, 48 ];{}
1973;[ 2, 4, 6 ];{}
1974;[ 2, 2, 2, 3 ];{}
1974;[ 2, 3, 12 ];{}
1974;[ 2, 4, 6 ];{}
1975;[ 2, 2, 2, 3 ];{}
1975;[ 2, 3, 12 ];{}
1975;[ 2, 4, 6 ];{}
1976;[ 2, 2, 2, 3 ];{}
1976;[ 2, 3, 12 ];{}
1976;[ 2, 3, 48 ];{}
1976;[ 2, 4, 6 ];{}
1977;[ 2, 2, 2, 3 ];{}
1977;[ 2, 3, 12 ];{}
1977;[ 2, 3, 48 ];{}
1977;[ 2, 4, 6 ];{}
1978;[ 2, 2, 2, 3 ];{}
1978;[ 2, 3, 12 ];{}
1978;[ 2, 3, 48 ];{}
1978;[ 2, 4, 6 ];{}
1979;[ 2, 2, 2, 3 ];{}
1979;[ 2, 3, 12 ];{}
1979;[ 2, 3, 48 ];{}
1979;[ 2, 4, 6 ];{}
1980;[ 2, 2, 2, 3 ];{}
1980;[ 2, 3, 12 ];{}
1980;[ 2, 4, 6 ];{}
1981;[ 2, 2, 2, 3 ];{}
1981;[ 2, 3, 12 ];{}
1981;[ 2, 3, 48 ];{}
1981;[ 2, 4, 6 ];{}
1982;[ 2, 2, 2, 3 ];{}
1982;[ 2, 3, 12 ];{}
1982;[ 2, 3, 48 ];{}
1982;[ 2, 4, 6 ];{}
199;[ 2, 2, 2, 3 ];{}
199;[ 2, 3, 12 ];{}
199;[ 2, 3, 48 ];{}
199;[ 2, 4, 6 ];{}
200;[ 2, 2, 2, 3 ];{}
200;[ 2, 3, 12 ];{}
200;[ 2, 3, 48 ];{}
200;[ 2, 4, 6 ];{}
201;[ 2, 2, 2, 3 ];{}
201;[ 2, 3, 12 ];{}
201;[ 2, 3, 48 ];{}
201;[ 2, 4, 6 ];{}
202;[ 2, 2, 2, 3 ];{}
202;[ 2, 3, 12 ];{}
202;[ 2, 3, 48 ];{}
202;[ 2, 4, 6 ];{}
2034;[ 2, 2, 2, 3 ];{}
2034;[ 2, 3, 12 ];{}
2034;[ 2, 3, 48 ];{}
2034;[ 2, 4, 6 ];{}
2035;[ 2, 2, 2, 3 ];{}
2035;[ 2, 3, 12 ];{}
2035;[ 2, 3, 48 ];{}
2035;[ 2, 4, 6 ];{}
2036;[ 2, 2, 2, 3 ];{}
2036;[ 2, 3, 12 ];{}
2036;[ 2, 3, 48 ];{}
2036;[ 2, 4, 6 ];{}
205;[ 2, 2, 2, 3 ];{}
205;[ 2, 3, 12 ];{}
205;[ 2, 4, 6 ];{}
2054;[ 2, 3, 12 ];{}
2054;[ 2, 3, 48 ];{}
2055;[ 2, 3, 12 ];{}
2055;[ 2, 3, 48 ];{}
2056;[ 2, 3, 12 ];{}
2056;[ 2, 3, 48 ];{}
206;[ 2, 2, 2, 3 ];{}
206;[ 2, 3, 12 ];{}
206;[ 2, 3, 48 ];{}
206;[ 2, 4, 6 ];{}
207;[ 2, 2, 2, 3 ];{}
207;[ 2, 3, 12 ];{}
207;[ 2, 4, 6 ];{}
208;[ 2, 2, 2, 3 ];{}
208;[ 2, 3, 12 ];{}
208;[ 2, 3, 48 ];{}
208;[ 2, 4, 6 ];{}
2081;[ 2, 3, 12 ];{}
2081;[ 2, 3, 48 ];{}
2082;[ 2, 3, 12 ];{}
2082;[ 2, 3, 48 ];{}
2083;[ 2, 3, 12 ];{}
2083;[ 2, 3, 48 ];{}
2084;[ 2, 3, 12 ];{}
2084;[ 2, 3, 48 ];{}
209;[ 2, 2, 2, 3 ];{}
209;[ 2, 3, 12 ];{}
209;[ 2, 4, 6 ];{}
2095;[ 2, 3, 12 ];{}
2095;[ 2, 3, 48 ];{}
2096;[ 2, 3, 12 ];{}
2096;[ 2, 3, 48 ];{}
2097;[ 2, 3, 12 ];{}
2097;[ 2, 3, 48 ];{}
210;[ 2, 2, 2, 3 ];{}
210;[ 2, 3, 12 ];{}
210;[ 2, 3, 48 ];{}
210;[ 2, 4, 6 ];{}
211;[ 2, 2, 2, 3 ];{}
211;[ 2, 3, 12 ];{}
211;[ 2, 4, 6 ];{}
212;[ 2, 2, 2, 3 ];{}
212;[ 2, 3, 12 ];{}
212;[ 2, 3, 48 ];{}
212;[ 2, 4, 6 ];{}
2122;[ 2, 3, 12 ];{}
2122;[ 2, 3, 48 ];{}
2123;[ 2, 3, 12 ];{}
2123;[ 2, 3, 48 ];{}
2124;[ 2, 3, 12 ];{}
2124;[ 2, 3, 48 ];{}
2125;[ 2, 3, 12 ];{}
2125;[ 2, 3, 48 ];{}
2136;[ 2, 2, 2, 3 ];{}
2136;[ 2, 3, 12 ];{}
2136;[ 2, 3, 48 ];{}
2136;[ 2, 4, 6 ];{}
2137;[ 2, 2, 2, 3 ];{}
2137;[ 2, 3, 12 ];{}
2137;[ 2, 3, 48 ];{}
2137;[ 2, 4, 6 ];{}
2138;[ 2, 2, 2, 3 ];{}
2138;[ 2, 3, 12 ];{}
2138;[ 2, 3, 48 ];{}
2138;[ 2, 4, 6 ];{}
215;[ 2, 2, 2, 3 ];{}
215;[ 2, 3, 12 ];{}
215;[ 2, 3, 48 ];{}
215;[ 2, 4, 6 ];{}
216;[ 2, 2, 2, 3 ];{}
216;[ 2, 3, 12 ];{}
216;[ 2, 3, 48 ];{}
216;[ 2, 4, 6 ];{}
2163;[ 2, 2, 2, 3 ];{}
2163;[ 2, 3, 12 ];{}
2163;[ 2, 4, 6 ];{}
2164;[ 2, 2, 2, 3 ];{}
2164;[ 2, 3, 12 ];{}
2164;[ 2, 4, 6 ];{}
2165;[ 2, 2, 2, 3 ];{}
2165;[ 2, 3, 12 ];{}
2165;[ 2, 4, 6 ];{}
2166;[ 2, 2, 2, 3 ];{}
2166;[ 2, 3, 12 ];{}
2166;[ 2, 4, 6 ];{}
217;[ 2, 2, 2, 3 ];{}
217;[ 2, 3, 12 ];{}
217;[ 2, 3, 48 ];{}
217;[ 2, 4, 6 ];{}
2197;[ 2, 2, 2, 3 ];{}
2197;[ 2, 3, 12 ];{}
2197;[ 2, 4, 6 ];{}
2198;[ 2, 2, 2, 3 ];{}
2198;[ 2, 3, 12 ];{}
2198;[ 2, 4, 6 ];{}
2199;[ 2, 2, 2, 3 ];{}
2199;[ 2, 3, 12 ];{}
2199;[ 2, 4, 6 ];{}
220;[ 2, 2, 2, 3 ];{}
220;[ 2, 3, 12 ];{}
220;[ 2, 3, 48 ];{}
220;[ 2, 4, 6 ];{}
2200;[ 2, 2, 2, 3 ];{}
2200;[ 2, 3, 12 ];{}
2200;[ 2, 4, 6 ];{}
2201;[ 2, 2, 2, 3 ];{}
2201;[ 2, 3, 12 ];{}
2201;[ 2, 4, 6 ];{}
2202;[ 2, 2, 2, 3 ];{}
2202;[ 2, 3, 12 ];{}
2202;[ 2, 4, 6 ];{}
2203;[ 2, 2, 2, 3 ];{}
2203;[ 2, 3, 12 ];{}
2203;[ 2, 4, 6 ];{}
2204;[ 2, 2, 2, 3 ];{}
2204;[ 2, 3, 12 ];{}
2204;[ 2, 4, 6 ];{}
2208;[ 2, 2, 2, 3 ];{}
2208;[ 2, 3, 12 ];{}
2208;[ 2, 4, 6 ];{}
2209;[ 2, 2, 2, 3 ];{}
2209;[ 2, 3, 12 ];{}
2209;[ 2, 4, 6 ];{}
221;[ 2, 2, 2, 3 ];{}
221;[ 2, 3, 12 ];{}
221;[ 2, 3, 48 ];{}
221;[ 2, 4, 6 ];{}
2210;[ 2, 2, 2, 3 ];{}
2210;[ 2, 3, 12 ];{}
2210;[ 2, 4, 6 ];{}
2211;[ 2, 2, 2, 3 ];{}
2211;[ 2, 3, 12 ];{}
2211;[ 2, 4, 6 ];{}
2212;[ 2, 2, 2, 3 ];{}
2212;[ 2, 3, 12 ];{}
2212;[ 2, 4, 6 ];{}
2213;[ 2, 2, 2, 3 ];{}
2213;[ 2, 3, 12 ];{}
2213;[ 2, 4, 6 ];{}
2214;[ 2, 2, 2, 3 ];{}
2214;[ 2, 3, 12 ];{}
2214;[ 2, 4, 6 ];{}
2215;[ 2, 2, 2, 3 ];{}
2215;[ 2, 3, 12 ];{}
2215;[ 2, 4, 6 ];{}
2216;[ 2, 2, 2, 3 ];{}
2216;[ 2, 3, 12 ];{}
2216;[ 2, 4, 6 ];{}
2217;[ 2, 2, 2, 3 ];{}
2217;[ 2, 3, 12 ];{}
2217;[ 2, 4, 6 ];{}
2218;[ 2, 2, 2, 3 ];{}
2218;[ 2, 3, 12 ];{}
2218;[ 2, 4, 6 ];{}
2219;[ 2, 2, 2, 3 ];{}
2219;[ 2, 3, 12 ];{}
2219;[ 2, 4, 6 ];{}
222;[ 2, 2, 2, 3 ];{}
222;[ 2, 3, 12 ];{}
222;[ 2, 3, 48 ];{}
222;[ 2, 4, 6 ];{}
2220;[ 2, 2, 2, 3 ];{}
2220;[ 2, 3, 12 ];{}
2220;[ 2, 4, 6 ];{}
2221;[ 2, 2, 2, 3 ];{}
2221;[ 2, 3, 12 ];{}
2221;[ 2, 4, 6 ];{}
2222;[ 2, 2, 2, 3 ];{}
2222;[ 2, 3, 12 ];{}
2222;[ 2, 4, 6 ];{}
2223;[ 2, 2, 2, 3 ];{}
2223;[ 2, 3, 12 ];{}
2223;[ 2, 4, 6 ];{}
2224;[ 2, 2, 2, 3 ];{}
2224;[ 2, 3, 12 ];{}
2224;[ 2, 4, 6 ];{}
2225;[ 2, 2, 2, 3 ];{[ $.2 * $.3 * $.5 * $.8, $.1 * $.2 * $.3^2, $.3^2 * $.4 * $.5^2 * $.6 * $.7 * $.8, $.1 * $.4 * $.6 * $.7 * $.8 ]}
2225;[ 2, 3, 12 ];{}
2225;[ 2, 4, 6 ];{}
2226;[ 2, 2, 2, 3 ];{}
2226;[ 2, 3, 12 ];{}
2226;[ 2, 4, 6 ];{}
2227;[ 2, 2, 2, 3 ];{}
2227;[ 2, 3, 12 ];{}
2227;[ 2, 4, 6 ];{}
2228;[ 2, 2, 2, 3 ];{}
2228;[ 2, 3, 12 ];{}
2228;[ 2, 4, 6 ];{}
223;[ 2, 2, 2, 3 ];{}
223;[ 2, 3, 12 ];{}
223;[ 2, 3, 48 ];{}
223;[ 2, 4, 6 ];{}
2231;[ 2, 2, 2, 3 ];{}
2231;[ 2, 3, 12 ];{}
2231;[ 2, 4, 6 ];{}
2233;[ 2, 2, 2, 3 ];{}
2233;[ 2, 3, 12 ];{}
2233;[ 2, 4, 6 ];{}
2234;[ 2, 2, 2, 3 ];{}
2234;[ 2, 3, 12 ];{}
2234;[ 2, 4, 6 ];{}
2238;[ 2, 2, 2, 3 ];{}
2238;[ 2, 3, 12 ];{}
2238;[ 2, 4, 6 ];{}
2239;[ 2, 2, 2, 3 ];{}
2239;[ 2, 3, 12 ];{}
2239;[ 2, 4, 6 ];{}
2240;[ 2, 2, 2, 3 ];{}
2240;[ 2, 3, 12 ];{}
2240;[ 2, 4, 6 ];{}
2241;[ 2, 2, 2, 3 ];{}
2241;[ 2, 3, 12 ];{}
2241;[ 2, 4, 6 ];{}
2245;[ 2, 3, 12 ];{}
2245;[ 3, 3, 4 ];{}
2246;[ 2, 3, 12 ];{}
2246;[ 3, 3, 4 ];{}
2247;[ 2, 3, 12 ];{}
2247;[ 3, 3, 4 ];{}
2248;[ 2, 3, 12 ];{}
2248;[ 3, 3, 4 ];{}
2251;[ 2, 3, 12 ];{}
2251;[ 3, 3, 4 ];{}
2252;[ 2, 3, 12 ];{}
2252;[ 3, 3, 4 ];{}
2253;[ 2, 3, 12 ];{}
2253;[ 3, 3, 4 ];{}
2261;[ 2, 2, 2, 3 ];{}
2262;[ 2, 2, 2, 3 ];{}
2263;[ 2, 2, 2, 3 ];{}
2264;[ 2, 2, 2, 3 ];{}
2265;[ 2, 2, 2, 3 ];{}
2266;[ 2, 2, 2, 3 ];{}
2267;[ 2, 2, 2, 3 ];{}
2268;[ 2, 2, 2, 3 ];{}
2269;[ 2, 2, 2, 3 ];{}
2271;[ 2, 2, 2, 3 ];{}
2272;[ 2, 2, 2, 3 ];{}
2273;[ 2, 2, 2, 3 ];{}
2274;[ 2, 2, 2, 3 ];{}
2275;[ 2, 2, 2, 3 ];{}
2276;[ 2, 2, 2, 3 ];{}
2277;[ 2, 2, 2, 3 ];{}
2278;[ 2, 2, 2, 3 ];{}
2281;[ 2, 2, 2, 3 ];{}
2282;[ 2, 2, 2, 3 ];{}
2283;[ 2, 2, 2, 3 ];{}
2284;[ 2, 2, 2, 3 ];{}
2286;[ 2, 2, 2, 3 ];{}
2288;[ 2, 2, 2, 3 ];{}
2300;[ 2, 3, 12 ];{}
2301;[ 2, 3, 12 ];{}
2303;[ 2, 3, 12 ];{}
2305;[ 2, 3, 12 ];{}
2306;[ 2, 3, 12 ];{}
2308;[ 2, 3, 12 ];{}
2309;[ 2, 3, 12 ];{}
2310;[ 2, 3, 12 ];{}
2311;[ 2, 3, 12 ];{}
2312;[ 2, 3, 12 ];{}
2313;[ 2, 3, 12 ];{}
2314;[ 2, 3, 12 ];{}
2315;[ 2, 3, 12 ];{}
2316;[ 2, 3, 12 ];{}
2317;[ 2, 3, 12 ];{}
2318;[ 2, 3, 12 ];{}
2319;[ 2, 3, 12 ];{}
2320;[ 2, 3, 12 ];{}
2321;[ 2, 3, 12 ];{}
2322;[ 2, 3, 12 ];{}
2323;[ 2, 3, 12 ];{}
2324;[ 2, 3, 12 ];{}
2325;[ 2, 3, 12 ];{}
2326;[ 2, 3, 12 ];{}
2329;[ 2, 3, 12 ];{}
2330;[ 2, 3, 12 ];{}
2332;[ 2, 3, 12 ];{}
2333;[ 2, 2, 2, 3 ];{}
2333;[ 2, 3, 12 ];{}
2333;[ 2, 4, 6 ];{}
2335;[ 2, 2, 2, 3 ];{}
2335;[ 2, 3, 12 ];{}
2335;[ 2, 4, 6 ];{}
2336;[ 2, 2, 2, 3 ];{}
2336;[ 2, 3, 12 ];{}
2336;[ 2, 4, 6 ];{}
2337;[ 2, 2, 2, 3 ];{}
2337;[ 2, 3, 12 ];{}
2337;[ 2, 4, 6 ];{}
2338;[ 2, 2, 2, 3 ];{}
2338;[ 2, 3, 12 ];{}
2338;[ 2, 4, 6 ];{}
2339;[ 2, 2, 2, 3 ];{}
2339;[ 2, 3, 12 ];{}
2339;[ 2, 4, 6 ];{}
2340;[ 2, 2, 2, 3 ];{}
2340;[ 2, 3, 12 ];{}
2340;[ 2, 4, 6 ];{}
2341;[ 2, 2, 2, 3 ];{}
2341;[ 2, 3, 12 ];{}
2341;[ 2, 4, 6 ];{}
2343;[ 2, 2, 2, 3 ];{}
2343;[ 2, 4, 6 ];{}
2344;[ 2, 2, 2, 3 ];{}
2344;[ 2, 3, 12 ];{}
2344;[ 2, 4, 6 ];{}
2346;[ 2, 2, 2, 3 ];{}
2346;[ 2, 3, 12 ];{}
2346;[ 2, 4, 6 ];{}
2347;[ 2, 2, 2, 3 ];{}
2347;[ 2, 3, 12 ];{}
2347;[ 2, 4, 6 ];{}
2349;[ 2, 2, 2, 3 ];{}
2349;[ 2, 3, 12 ];{}
2349;[ 2, 4, 6 ];{}
2350;[ 2, 2, 2, 3 ];{}
2350;[ 2, 3, 12 ];{}
2350;[ 2, 4, 6 ];{}
2351;[ 2, 2, 2, 3 ];{}
2351;[ 2, 3, 12 ];{}
2351;[ 2, 4, 6 ];{}
2352;[ 2, 2, 2, 3 ];{}
2352;[ 2, 3, 12 ];{}
2352;[ 2, 4, 6 ];{}
2353;[ 2, 2, 2, 3 ];{}
2353;[ 2, 3, 12 ];{}
2353;[ 2, 4, 6 ];{}
2354;[ 2, 2, 2, 3 ];{}
2354;[ 2, 3, 12 ];{}
2354;[ 2, 4, 6 ];{}
2355;[ 2, 2, 2, 3 ];{}
2355;[ 2, 3, 12 ];{}
2355;[ 2, 4, 6 ];{}
2356;[ 2, 2, 2, 3 ];{}
2356;[ 2, 3, 12 ];{}
2356;[ 2, 4, 6 ];{}
2357;[ 2, 2, 2, 3 ];{}
2357;[ 2, 3, 12 ];{}
2357;[ 2, 4, 6 ];{}
2358;[ 2, 2, 2, 3 ];{}
2358;[ 2, 3, 12 ];{}
2358;[ 2, 4, 6 ];{}
2359;[ 2, 2, 2, 3 ];{}
2359;[ 2, 3, 12 ];{}
2359;[ 2, 4, 6 ];{}
2360;[ 2, 2, 2, 3 ];{}
2360;[ 2, 3, 12 ];{}
2360;[ 2, 4, 6 ];{}
2361;[ 2, 2, 2, 3 ];{}
2361;[ 2, 3, 12 ];{}
2361;[ 2, 4, 6 ];{}
2363;[ 2, 2, 2, 3 ];{}
2363;[ 2, 4, 6 ];{}
2365;[ 2, 2, 2, 3 ];{}
2365;[ 2, 3, 12 ];{}
2365;[ 2, 4, 6 ];{}
2366;[ 2, 3, 12 ];{}
2367;[ 2, 3, 12 ];{}
2369;[ 2, 3, 12 ];{}
2371;[ 2, 3, 12 ];{}
2372;[ 2, 3, 12 ];{}
2373;[ 2, 3, 12 ];{}
2374;[ 2, 3, 12 ];{}
2375;[ 2, 3, 12 ];{}
2376;[ 2, 3, 12 ];{}
2377;[ 2, 3, 12 ];{}
2378;[ 2, 3, 12 ];{}
2379;[ 2, 3, 12 ];{}
2380;[ 2, 3, 12 ];{}
2381;[ 2, 3, 12 ];{}
2382;[ 2, 3, 12 ];{}
2383;[ 2, 3, 12 ];{}
2386;[ 2, 3, 12 ];{}
2387;[ 2, 3, 12 ];{}
2391;[ 2, 3, 12 ];{}
2393;[ 2, 3, 12 ];{}
2397;[ 2, 3, 12 ];{}
2398;[ 2, 3, 12 ];{}
2399;[ 2, 3, 12 ];{}
2403;[ 2, 3, 12 ];{}
2404;[ 2, 3, 12 ];{}
2405;[ 2, 3, 12 ];{}
2409;[ 2, 3, 12 ];{}
2516;[ 2, 3, 12 ];{}
2519;[ 2, 3, 12 ];{}
2520;[ 2, 3, 12 ];{}
2522;[ 2, 3, 12 ];{}
2524;[ 2, 3, 12 ];{}
2526;[ 2, 3, 12 ];{}
2531;[ 2, 3, 12 ];{}
2532;[ 2, 3, 12 ];{}
2535;[ 2, 3, 12 ];{}
2536;[ 2, 3, 12 ];{}
2537;[ 2, 3, 12 ];{}
2538;[ 2, 3, 12 ];{}
2540;[ 2, 3, 12 ];{}
2541;[ 2, 3, 12 ];{}
2543;[ 2, 3, 12 ];{}
2544;[ 2, 3, 12 ];{}
2546;[ 2, 3, 12 ];{}
2547;[ 2, 3, 12 ];{}
2549;[ 2, 3, 12 ];{}
2549;[ 3, 3, 4 ];{}
2551;[ 2, 3, 12 ];{}
2551;[ 3, 3, 4 ];{}
2553;[ 2, 3, 12 ];{}
2553;[ 3, 3, 4 ];{}
2554;[ 2, 3, 12 ];{}
2554;[ 3, 3, 4 ];{}
2556;[ 2, 3, 12 ];{}
2556;[ 3, 3, 4 ];{}
2557;[ 2, 3, 12 ];{}
2557;[ 3, 3, 4 ];{}
2666;[ 3, 3, 4 ];{[ $.2 * $.3 * $.4 * $.5 * $.6 * $.7^2, $.1^2 * $.2 * $.3 * $.8^2, $.1 * $.2 * $.4 * $.5 * $.6 * $.7^2 * $.8^2 ]:[ $.2 * $.3 * $.5 * $.7 * $.8, $.1^2 * $.7^2 * $.8, $.1 * $.2 * $.3 * $.4 * $.7^2 * $.8 ]:[ $.2 * $.5 * $.6, $.1^2 * $.2 * $.3 * $.5 * $.7^2 * $.8, $.1 * $.2 * $.3 * $.4 * $.5 * $.6 * $.7^2 * $.8^2 ]}
2708;[ 2, 3, 12 ];{}
2708;[ 2, 3, 48 ];{}
2709;[ 2, 3, 12 ];{}
2709;[ 2, 3, 48 ];{}
2710;[ 2, 3, 12 ];{}
2710;[ 2, 3, 48 ];{}
2732;[ 2, 2, 2, 3 ];{}
2732;[ 2, 3, 12 ];{}
2732;[ 2, 4, 6 ];{}
2733;[ 2, 2, 2, 3 ];{}
2733;[ 2, 3, 12 ];{}
2733;[ 2, 4, 6 ];{}
2734;[ 2, 2, 2, 3 ];{}
2734;[ 2, 3, 12 ];{}
2734;[ 2, 4, 6 ];{}
2735;[ 2, 2, 2, 3 ];{}
2735;[ 2, 3, 12 ];{}
2735;[ 2, 4, 6 ];{}
2755;[ 2, 2, 2, 3 ];{}
2755;[ 2, 3, 12 ];{}
2755;[ 2, 3, 48 ];{}
2755;[ 2, 4, 6 ];{}
2756;[ 2, 2, 2, 3 ];{}
2756;[ 2, 3, 12 ];{}
2756;[ 2, 3, 48 ];{}
2756;[ 2, 4, 6 ];{}
2757;[ 2, 2, 2, 3 ];{}
2757;[ 2, 3, 12 ];{}
2757;[ 2, 3, 48 ];{}
2757;[ 2, 4, 6 ];{}
2795;[ 2, 2, 2, 3 ];{}
2796;[ 2, 2, 2, 3 ];{}
2797;[ 2, 2, 2, 3 ];{}
2798;[ 2, 2, 2, 3 ];{}
2799;[ 2, 2, 2, 3 ];{}
2800;[ 2, 2, 2, 3 ];{}
2801;[ 2, 2, 2, 3 ];{}
2802;[ 2, 2, 2, 3 ];{}
2803;[ 2, 2, 2, 3 ];{}
2804;[ 2, 2, 2, 3 ];{}
2805;[ 2, 2, 2, 3 ];{}
2806;[ 2, 2, 2, 3 ];{}
2807;[ 2, 2, 2, 3 ];{}
2808;[ 2, 2, 2, 3 ];{}
2809;[ 2, 2, 2, 3 ];{}
2810;[ 2, 2, 2, 3 ];{}
2811;[ 2, 2, 2, 3 ];{}
2812;[ 2, 2, 2, 3 ];{}
2813;[ 2, 2, 2, 3 ];{}
2814;[ 2, 2, 2, 3 ];{}
2815;[ 2, 2, 2, 3 ];{}
2816;[ 2, 2, 2, 3 ];{}
2817;[ 2, 2, 2, 3 ];{}
2818;[ 2, 2, 2, 3 ];{}
2819;[ 2, 2, 2, 3 ];{}
2820;[ 2, 2, 2, 3 ];{}
2821;[ 2, 2, 2, 3 ];{}
2822;[ 2, 2, 2, 3 ];{}
2823;[ 2, 2, 2, 3 ];{}
2824;[ 2, 2, 2, 3 ];{}
2825;[ 2, 2, 2, 3 ];{}
2826;[ 2, 2, 2, 3 ];{}
2827;[ 2, 2, 2, 3 ];{}
2828;[ 2, 2, 2, 3 ];{}
2829;[ 2, 2, 2, 3 ];{}
2830;[ 2, 2, 2, 3 ];{}
2831;[ 2, 2, 2, 3 ];{}
2832;[ 2, 2, 2, 3 ];{}
2833;[ 2, 2, 2, 3 ];{}
2834;[ 2, 2, 2, 3 ];{}
2835;[ 2, 2, 2, 3 ];{}
2836;[ 2, 2, 2, 3 ];{}
2837;[ 2, 2, 2, 3 ];{}
2838;[ 2, 2, 2, 3 ];{}
2839;[ 2, 2, 2, 3 ];{}
2840;[ 2, 2, 2, 3 ];{}
2841;[ 2, 2, 2, 3 ];{}
2842;[ 2, 2, 2, 3 ];{}
2843;[ 2, 2, 2, 3 ];{}
2844;[ 2, 2, 2, 3 ];{}
2845;[ 2, 2, 2, 3 ];{}
2846;[ 2, 2, 2, 3 ];{}
2847;[ 2, 2, 2, 3 ];{}
2848;[ 2, 2, 2, 3 ];{}
2849;[ 2, 2, 2, 3 ];{}
2850;[ 2, 2, 2, 3 ];{}
2851;[ 2, 2, 2, 3 ];{}
2852;[ 2, 2, 2, 3 ];{}
2853;[ 2, 2, 2, 3 ];{}
2854;[ 2, 2, 2, 3 ];{}
2855;[ 2, 2, 2, 3 ];{}
2856;[ 2, 2, 2, 3 ];{}
2857;[ 2, 2, 2, 3 ];{}
2858;[ 2, 2, 2, 3 ];{}
2859;[ 2, 2, 2, 3 ];{}
2860;[ 2, 2, 2, 3 ];{}
2861;[ 2, 2, 2, 3 ];{}
2862;[ 2, 2, 2, 3 ];{}
2863;[ 2, 2, 2, 3 ];{}
2864;[ 2, 2, 2, 3 ];{}
2913;[ 2, 2, 2, 3 ];{}
2914;[ 2, 2, 2, 3 ];{}
2915;[ 2, 2, 2, 3 ];{}
2916;[ 2, 2, 2, 3 ];{}
2917;[ 2, 2, 2, 3 ];{}
2918;[ 2, 2, 2, 3 ];{}
2919;[ 2, 2, 2, 3 ];{}
2920;[ 2, 2, 2, 3 ];{}
2921;[ 2, 2, 2, 3 ];{}
2922;[ 2, 2, 2, 3 ];{}
2923;[ 2, 2, 2, 3 ];{}
2924;[ 2, 2, 2, 3 ];{}
2925;[ 2, 2, 2, 3 ];{}
2926;[ 2, 2, 2, 3 ];{}
2927;[ 2, 2, 2, 3 ];{}
2928;[ 2, 2, 2, 3 ];{}
2929;[ 2, 2, 2, 3 ];{}
2930;[ 2, 2, 2, 3 ];{}
2931;[ 2, 2, 2, 3 ];{}
2932;[ 2, 2, 2, 3 ];{}
2933;[ 2, 2, 2, 3 ];{}
2934;[ 2, 2, 2, 3 ];{}
2935;[ 2, 2, 2, 3 ];{}
2936;[ 2, 2, 2, 3 ];{}
2937;[ 2, 2, 2, 3 ];{}
2938;[ 2, 2, 2, 3 ];{}
2939;[ 2, 2, 2, 3 ];{}
2940;[ 2, 2, 2, 3 ];{}
2941;[ 2, 2, 2, 3 ];{}
2942;[ 2, 2, 2, 3 ];{}
2943;[ 2, 2, 2, 3 ];{}
2944;[ 2, 2, 2, 3 ];{}
2945;[ 2, 2, 2, 3 ];{}
2946;[ 2, 2, 2, 3 ];{}
2947;[ 2, 2, 2, 3 ];{}
2948;[ 2, 2, 2, 3 ];{}
2949;[ 2, 2, 2, 3 ];{}
2950;[ 2, 2, 2, 3 ];{}
2951;[ 2, 2, 2, 3 ];{}
2952;[ 2, 2, 2, 3 ];{}
2953;[ 2, 2, 2, 3 ];{}
2954;[ 2, 2, 2, 3 ];{}
2955;[ 2, 2, 2, 3 ];{}
2956;[ 2, 2, 2, 3 ];{}
2957;[ 2, 2, 2, 3 ];{}
2958;[ 2, 2, 2, 3 ];{}
2959;[ 2, 2, 2, 3 ];{}
2960;[ 2, 2, 2, 3 ];{}
2961;[ 2, 2, 2, 3 ];{}
2962;[ 2, 2, 2, 3 ];{}
2963;[ 2, 2, 2, 3 ];{}
2964;[ 2, 2, 2, 3 ];{}
2965;[ 2, 2, 2, 3 ];{}
2966;[ 2, 2, 2, 3 ];{}
2967;[ 2, 2, 2, 3 ];{}
2968;[ 2, 2, 2, 3 ];{}
2969;[ 2, 2, 2, 3 ];{}
2970;[ 2, 2, 2, 3 ];{}
2971;[ 2, 2, 2, 3 ];{}
2972;[ 2, 2, 2, 3 ];{}
2973;[ 2, 2, 2, 3 ];{}
2974;[ 2, 2, 2, 3 ];{}
2975;[ 2, 2, 2, 3 ];{}
2976;[ 2, 2, 2, 3 ];{}
2977;[ 2, 2, 2, 3 ];{}
2978;[ 2, 2, 2, 3 ];{}
2979;[ 2, 2, 2, 3 ];{}
2980;[ 2, 2, 2, 3 ];{}
2981;[ 2, 2, 2, 3 ];{}
2982;[ 2, 2, 2, 3 ];{}
2983;[ 2, 2, 2, 3 ];{}
2984;[ 2, 2, 2, 3 ];{}
2985;[ 2, 2, 2, 3 ];{}
2986;[ 2, 2, 2, 3 ];{}
2987;[ 2, 2, 2, 3 ];{}
2988;[ 2, 2, 2, 3 ];{}
2989;[ 2, 2, 2, 3 ];{}
2990;[ 2, 2, 2, 3 ];{}
2991;[ 2, 2, 2, 3 ];{}
2992;[ 2, 2, 2, 3 ];{}
2993;[ 2, 2, 2, 3 ];{}
2994;[ 2, 2, 2, 3 ];{}
2995;[ 2, 2, 2, 3 ];{}
2996;[ 2, 2, 2, 3 ];{}
2997;[ 2, 2, 2, 3 ];{}
2998;[ 2, 2, 2, 3 ];{}
2999;[ 2, 2, 2, 3 ];{}
3000;[ 2, 2, 2, 3 ];{}
3001;[ 2, 2, 2, 3 ];{}
3002;[ 2, 2, 2, 3 ];{}
3003;[ 2, 2, 2, 3 ];{}
3004;[ 2, 2, 2, 3 ];{}
3005;[ 2, 3, 12 ];{}
3009;[ 2, 3, 12 ];{}
3013;[ 2, 2, 2, 3 ];{}
3013;[ 2, 3, 12 ];{}
3013;[ 2, 4, 6 ];{}
3017;[ 2, 3, 12 ];{}
3018;[ 2, 3, 12 ];{}
3019;[ 2, 3, 12 ];{}
3023;[ 2, 3, 12 ];{}
3024;[ 2, 3, 12 ];{}
3025;[ 2, 3, 12 ];{}
3026;[ 2, 3, 12 ];{}
304;[ 2, 3, 12 ];{}
304;[ 3, 3, 4 ];{}
306;[ 2, 3, 12 ];{}
306;[ 3, 3, 4 ];{}
307;[ 2, 3, 12 ];{}
307;[ 3, 3, 4 ];{}
310;[ 2, 3, 12 ];{}
310;[ 2, 3, 48 ];{}
311;[ 2, 3, 12 ];{}
311;[ 2, 3, 48 ];{}
312;[ 2, 3, 12 ];{}
312;[ 2, 3, 48 ];{}
320;[ 2, 3, 12 ];{}
320;[ 2, 3, 48 ];{}
321;[ 2, 3, 12 ];{}
321;[ 2, 3, 48 ];{}
322;[ 2, 3, 12 ];{}
322;[ 2, 3, 48 ];{}
325;[ 2, 3, 12 ];{}
325;[ 2, 3, 48 ];{}
326;[ 2, 3, 12 ];{}
326;[ 2, 3, 48 ];{}
327;[ 2, 3, 12 ];{}
327;[ 2, 3, 48 ];{}
3280;[ 2, 2, 2, 3 ];{}
3281;[ 2, 2, 2, 3 ];{}
3282;[ 2, 2, 2, 3 ];{}
3283;[ 2, 2, 2, 3 ];{}
3284;[ 2, 2, 2, 3 ];{}
3285;[ 2, 2, 2, 3 ];{}
3286;[ 2, 2, 2, 3 ];{}
3287;[ 2, 2, 2, 3 ];{}
3288;[ 2, 2, 2, 3 ];{}
3289;[ 2, 2, 2, 3 ];{}
3290;[ 2, 2, 2, 3 ];{}
3291;[ 2, 2, 2, 3 ];{}
3292;[ 2, 2, 2, 3 ];{}
3293;[ 2, 2, 2, 3 ];{}
3294;[ 2, 2, 2, 3 ];{}
3295;[ 2, 2, 2, 3 ];{}
3296;[ 2, 2, 2, 3 ];{}
3297;[ 2, 2, 2, 3 ];{}
33;[ 2, 2, 2, 3 ];{}
3302;[ 2, 2, 2, 3 ];{}
3303;[ 2, 2, 2, 3 ];{}
3304;[ 2, 2, 2, 3 ];{}
3305;[ 2, 2, 2, 3 ];{}
3306;[ 2, 2, 2, 3 ];{}
3307;[ 2, 2, 2, 3 ];{}
3308;[ 2, 2, 2, 3 ];{}
3309;[ 2, 2, 2, 3 ];{}
3310;[ 2, 2, 2, 3 ];{}
3311;[ 2, 2, 2, 3 ];{}
3312;[ 2, 2, 2, 3 ];{}
3313;[ 2, 2, 2, 3 ];{}
3329;[ 2, 2, 2, 3 ];{}
3330;[ 2, 2, 2, 3 ];{}
3331;[ 2, 2, 2, 3 ];{}
3332;[ 2, 2, 2, 3 ];{}
3333;[ 2, 2, 2, 3 ];{}
3334;[ 2, 2, 2, 3 ];{}
3335;[ 2, 2, 2, 3 ];{}
3336;[ 2, 2, 2, 3 ];{}
3337;[ 2, 2, 2, 3 ];{}
3338;[ 2, 2, 2, 3 ];{}
3339;[ 2, 2, 2, 3 ];{}
3340;[ 2, 2, 2, 3 ];{}
3341;[ 2, 2, 2, 3 ];{}
3342;[ 2, 2, 2, 3 ];{}
3343;[ 2, 2, 2, 3 ];{}
3344;[ 2, 2, 2, 3 ];{}
3345;[ 2, 2, 2, 3 ];{}
3346;[ 2, 2, 2, 3 ];{}
3347;[ 2, 2, 2, 3 ];{}
3348;[ 2, 2, 2, 3 ];{}
3349;[ 2, 2, 2, 3 ];{}
3350;[ 2, 2, 2, 3 ];{}
3351;[ 2, 2, 2, 3 ];{}
3352;[ 2, 2, 2, 3 ];{}
3353;[ 2, 2, 2, 3 ];{}
3354;[ 2, 2, 2, 3 ];{}
3355;[ 2, 2, 2, 3 ];{}
3359;[ 2, 2, 2, 3 ];{}
3360;[ 2, 2, 2, 3 ];{}
3361;[ 2, 2, 2, 3 ];{}
3362;[ 2, 2, 2, 3 ];{}
3367;[ 2, 2, 2, 3 ];{}
3368;[ 2, 2, 2, 3 ];{}
3369;[ 2, 2, 2, 3 ];{}
3370;[ 2, 2, 2, 3 ];{}
3372;[ 2, 2, 2, 3 ];{}
3374;[ 2, 2, 2, 3 ];{}
3375;[ 2, 2, 2, 3 ];{}
3376;[ 2, 2, 2, 3 ];{}
3378;[ 2, 2, 2, 3 ];{}
3379;[ 2, 2, 2, 3 ];{}
3381;[ 2, 2, 2, 3 ];{}
3382;[ 2, 2, 2, 3 ];{}
3383;[ 2, 2, 2, 3 ];{}
3384;[ 2, 2, 2, 3 ];{}
3385;[ 2, 2, 2, 3 ];{}
3386;[ 2, 2, 2, 3 ];{}
3387;[ 2, 2, 2, 3 ];{}
3388;[ 2, 2, 2, 3 ];{}
3389;[ 2, 2, 2, 3 ];{}
3392;[ 2, 2, 2, 3 ];{}
3393;[ 2, 2, 2, 3 ];{}
3394;[ 2, 2, 2, 3 ];{}
3395;[ 2, 2, 2, 3 ];{}
3396;[ 2, 2, 2, 3 ];{}
3397;[ 2, 2, 2, 3 ];{}
3398;[ 2, 2, 2, 3 ];{}
3399;[ 2, 2, 2, 3 ];{}
34;[ 2, 2, 2, 3 ];{}
3400;[ 2, 2, 2, 3 ];{}
3401;[ 2, 2, 2, 3 ];{}
3402;[ 2, 2, 2, 3 ];{}
3403;[ 2, 2, 2, 3 ];{}
3405;[ 2, 2, 2, 3 ];{}
3406;[ 2, 2, 2, 3 ];{}
3407;[ 2, 2, 2, 3 ];{}
3408;[ 2, 2, 2, 3 ];{}
3409;[ 2, 2, 2, 3 ];{}
3410;[ 2, 2, 2, 3 ];{}
3411;[ 2, 2, 2, 3 ];{}
3412;[ 2, 2, 2, 3 ];{}
3413;[ 2, 2, 2, 3 ];{}
3414;[ 2, 2, 2, 3 ];{}
3415;[ 2, 2, 2, 3 ];{}
3416;[ 2, 2, 2, 3 ];{}
3417;[ 2, 2, 2, 3 ];{}
3418;[ 2, 2, 2, 3 ];{}
3420;[ 2, 2, 2, 3 ];{}
3421;[ 2, 2, 2, 3 ];{}
3422;[ 2, 2, 2, 3 ];{}
3423;[ 2, 2, 2, 3 ];{}
3440;[ 2, 2, 2, 3 ];{}
3441;[ 2, 2, 2, 3 ];{}
3442;[ 2, 2, 2, 3 ];{}
3443;[ 2, 2, 2, 3 ];{}
3444;[ 2, 2, 2, 3 ];{}
3446;[ 2, 2, 2, 3 ];{}
3447;[ 2, 2, 2, 3 ];{}
3449;[ 2, 2, 2, 3 ];{}
3450;[ 2, 2, 2, 3 ];{}
3452;[ 2, 2, 2, 3 ];{}
3453;[ 2, 2, 2, 3 ];{}
3454;[ 2, 2, 2, 3 ];{}
3455;[ 2, 2, 2, 3 ];{}
3456;[ 2, 2, 2, 3 ];{}
3458;[ 2, 2, 2, 3 ];{}
3460;[ 2, 2, 2, 3 ];{}
3462;[ 2, 2, 2, 3 ];{}
3463;[ 2, 2, 2, 3 ];{}
3464;[ 2, 2, 2, 3 ];{}
3465;[ 2, 2, 2, 3 ];{}
3467;[ 2, 2, 2, 3 ];{}
3469;[ 2, 2, 2, 3 ];{}
3471;[ 2, 2, 2, 3 ];{}
3480;[ 2, 2, 2, 3 ];{}
3481;[ 2, 2, 2, 3 ];{}
3482;[ 2, 2, 2, 3 ];{}
3483;[ 2, 2, 2, 3 ];{}
3484;[ 2, 2, 2, 3 ];{}
3485;[ 2, 2, 2, 3 ];{}
3486;[ 2, 2, 2, 3 ];{}
3487;[ 2, 2, 2, 3 ];{}
3488;[ 2, 2, 2, 3 ];{}
3489;[ 2, 2, 2, 3 ];{}
3490;[ 2, 2, 2, 3 ];{}
3491;[ 2, 2, 2, 3 ];{}
3492;[ 2, 2, 2, 3 ];{}
3493;[ 2, 2, 2, 3 ];{}
3494;[ 2, 2, 2, 3 ];{}
3495;[ 2, 2, 2, 3 ];{}
3496;[ 2, 2, 2, 3 ];{}
3497;[ 2, 2, 2, 3 ];{}
3498;[ 2, 2, 2, 3 ];{}
3499;[ 2, 2, 2, 3 ];{}
35;[ 2, 2, 2, 3 ];{}
3501;[ 2, 2, 2, 3 ];{}
3502;[ 2, 2, 2, 3 ];{}
3503;[ 2, 2, 2, 3 ];{}
3507;[ 2, 2, 2, 3 ];{}
3508;[ 2, 2, 2, 3 ];{}
3509;[ 2, 2, 2, 3 ];{}
3510;[ 2, 2, 2, 3 ];{}
3511;[ 2, 2, 2, 3 ];{}
3512;[ 2, 2, 2, 3 ];{}
3513;[ 2, 2, 2, 3 ];{}
3514;[ 2, 2, 2, 3 ];{}
3515;[ 2, 2, 2, 3 ];{}
3516;[ 2, 2, 2, 3 ];{}
3517;[ 2, 2, 2, 3 ];{}
3518;[ 2, 2, 2, 3 ];{}
3519;[ 2, 2, 2, 3 ];{}
3520;[ 2, 2, 2, 3 ];{}
3521;[ 2, 2, 2, 3 ];{}
3522;[ 2, 2, 2, 3 ];{}
3523;[ 2, 2, 2, 3 ];{}
3524;[ 2, 2, 2, 3 ];{}
3525;[ 2, 2, 2, 3 ];{}
3526;[ 2, 2, 2, 3 ];{}
3527;[ 2, 2, 2, 3 ];{}
3528;[ 2, 2, 2, 3 ];{}
3529;[ 2, 2, 2, 3 ];{}
3530;[ 2, 2, 2, 3 ];{}
3531;[ 2, 2, 2, 3 ];{}
3532;[ 2, 2, 2, 3 ];{}
3533;[ 2, 2, 2, 3 ];{}
3534;[ 2, 2, 2, 3 ];{}
3535;[ 2, 2, 2, 3 ];{}
3536;[ 2, 2, 2, 3 ];{}
3537;[ 2, 2, 2, 3 ];{}
3538;[ 2, 2, 2, 3 ];{}
3539;[ 2, 2, 2, 3 ];{}
3540;[ 2, 2, 2, 3 ];{}
3541;[ 2, 2, 2, 3 ];{}
3542;[ 2, 2, 2, 3 ];{}
3543;[ 2, 2, 2, 3 ];{}
3544;[ 2, 2, 2, 3 ];{}
3545;[ 2, 2, 2, 3 ];{}
3546;[ 2, 2, 2, 3 ];{}
3547;[ 2, 2, 2, 3 ];{}
3548;[ 2, 2, 2, 3 ];{}
3549;[ 2, 2, 2, 3 ];{}
3550;[ 2, 2, 2, 3 ];{}
3551;[ 2, 2, 2, 3 ];{}
3552;[ 2, 2, 2, 3 ];{}
3553;[ 2, 2, 2, 3 ];{}
3554;[ 2, 2, 2, 3 ];{}
3555;[ 2, 2, 2, 3 ];{}
3556;[ 2, 2, 2, 3 ];{}
3557;[ 2, 2, 2, 3 ];{}
3558;[ 2, 2, 2, 3 ];{}
3559;[ 2, 2, 2, 3 ];{}
3563;[ 2, 2, 2, 3 ];{}
3564;[ 2, 2, 2, 3 ];{}
3566;[ 2, 2, 2, 3 ];{}
3567;[ 2, 2, 2, 3 ];{}
3569;[ 2, 2, 2, 3 ];{}
3570;[ 2, 2, 2, 3 ];{}
3572;[ 2, 2, 2, 3 ];{}
3575;[ 2, 2, 2, 3 ];{}
3576;[ 2, 2, 2, 3 ];{}
3579;[ 2, 2, 2, 3 ];{}
3581;[ 2, 2, 2, 3 ];{}
3582;[ 2, 2, 2, 3 ];{}
3583;[ 2, 2, 2, 3 ];{}
3588;[ 2, 2, 2, 3 ];{}
3590;[ 2, 2, 2, 3 ];{}
3591;[ 2, 2, 2, 3 ];{}
3595;[ 2, 2, 2, 3 ];{}
3596;[ 2, 2, 2, 3 ];{}
3597;[ 2, 2, 2, 3 ];{}
3598;[ 2, 2, 2, 3 ];{}
3599;[ 2, 2, 2, 3 ];{}
36;[ 2, 2, 2, 3 ];{}
3600;[ 2, 2, 2, 3 ];{}
3601;[ 2, 2, 2, 3 ];{}
3602;[ 2, 2, 2, 3 ];{}
3603;[ 2, 2, 2, 3 ];{}
3604;[ 2, 2, 2, 3 ];{}
3605;[ 2, 2, 2, 3 ];{}
3606;[ 2, 2, 2, 3 ];{}
3607;[ 2, 2, 2, 3 ];{}
3608;[ 2, 2, 2, 3 ];{}
3609;[ 2, 2, 2, 3 ];{}
3610;[ 2, 2, 2, 3 ];{}
3613;[ 2, 2, 2, 3 ];{}
3614;[ 2, 2, 2, 3 ];{}
3615;[ 2, 2, 2, 3 ];{}
3616;[ 2, 2, 2, 3 ];{}
3617;[ 2, 2, 2, 3 ];{}
3620;[ 2, 2, 2, 3 ];{}
3621;[ 2, 2, 2, 3 ];{}
3626;[ 2, 2, 2, 3 ];{}
3627;[ 2, 2, 2, 3 ];{}
3628;[ 2, 2, 2, 3 ];{}
3629;[ 2, 2, 2, 3 ];{}
3630;[ 2, 2, 2, 3 ];{}
3631;[ 2, 2, 2, 3 ];{}
3633;[ 2, 2, 2, 3 ];{}
3636;[ 2, 2, 2, 3 ];{}
3637;[ 2, 2, 2, 3 ];{}
3638;[ 2, 2, 2, 3 ];{}
3639;[ 2, 2, 2, 3 ];{}
3641;[ 2, 2, 2, 3 ];{}
3642;[ 2, 2, 2, 3 ];{}
3643;[ 2, 2, 2, 3 ];{}
3644;[ 2, 2, 2, 3 ];{}
3645;[ 2, 2, 2, 3 ];{}
3646;[ 2, 2, 2, 3 ];{}
3647;[ 2, 2, 2, 3 ];{}
3653;[ 2, 2, 2, 3 ];{}
3654;[ 2, 2, 2, 3 ];{}
3655;[ 2, 2, 2, 3 ];{}
3657;[ 2, 2, 2, 3 ];{}
3659;[ 2, 2, 2, 3 ];{}
3661;[ 2, 2, 2, 3 ];{}
3662;[ 2, 2, 2, 3 ];{}
3663;[ 2, 2, 2, 3 ];{}
3664;[ 2, 2, 2, 3 ];{}
3666;[ 2, 2, 2, 3 ];{}
3668;[ 2, 2, 2, 3 ];{}
3669;[ 2, 2, 2, 3 ];{}
3670;[ 2, 2, 2, 3 ];{}
3671;[ 2, 2, 2, 3 ];{}
3672;[ 2, 2, 2, 3 ];{}
3673;[ 2, 2, 2, 3 ];{}
3674;[ 2, 2, 2, 3 ];{}
3675;[ 2, 2, 2, 3 ];{}
3676;[ 2, 2, 2, 3 ];{}
3677;[ 2, 2, 2, 3 ];{}
3678;[ 2, 2, 2, 3 ];{}
3679;[ 2, 2, 2, 3 ];{}
3680;[ 2, 2, 2, 3 ];{}
3683;[ 2, 2, 2, 3 ];{}
3684;[ 2, 2, 2, 3 ];{}
3685;[ 2, 2, 2, 3 ];{}
3687;[ 2, 2, 2, 3 ];{}
3688;[ 2, 2, 2, 3 ];{}
3691;[ 2, 2, 2, 3 ];{}
3692;[ 2, 2, 2, 3 ];{}
3694;[ 2, 2, 2, 3 ];{}
3695;[ 2, 2, 2, 3 ];{}
3696;[ 2, 2, 2, 3 ];{}
3877;[ 2, 2, 2, 3 ];{}
3878;[ 2, 2, 2, 3 ];{}
3882;[ 2, 2, 2, 3 ];{}
3883;[ 2, 2, 2, 3 ];{}
3884;[ 2, 2, 2, 3 ];{}
3886;[ 2, 2, 2, 3 ];{}
3887;[ 2, 2, 2, 3 ];{}
3890;[ 2, 2, 2, 3 ];{}
3891;[ 2, 2, 2, 3 ];{}
3892;[ 2, 2, 2, 3 ];{}
3893;[ 2, 2, 2, 3 ];{}
3894;[ 2, 2, 2, 3 ];{}
3896;[ 2, 2, 2, 3 ];{}
3897;[ 2, 2, 2, 3 ];{}
3898;[ 2, 2, 2, 3 ];{}
3902;[ 2, 2, 2, 3 ];{}
3903;[ 2, 2, 2, 3 ];{}
3904;[ 2, 2, 2, 3 ];{}
3905;[ 2, 2, 2, 3 ];{}
3906;[ 2, 2, 2, 3 ];{}
3910;[ 2, 2, 2, 3 ];{}
3911;[ 2, 2, 2, 3 ];{}
3912;[ 2, 2, 2, 3 ];{}
3913;[ 2, 2, 2, 3 ];{}
3916;[ 2, 2, 2, 3 ];{}
3917;[ 2, 2, 2, 3 ];{}
3918;[ 2, 2, 2, 3 ];{}
3919;[ 2, 2, 2, 3 ];{}
3920;[ 2, 2, 2, 3 ];{}
3921;[ 2, 2, 2, 3 ];{}
3922;[ 2, 2, 2, 3 ];{}
3923;[ 2, 2, 2, 3 ];{}
3924;[ 2, 2, 2, 3 ];{}
3925;[ 2, 2, 2, 3 ];{}
3926;[ 2, 2, 2, 3 ];{}
3927;[ 2, 2, 2, 3 ];{}
3932;[ 2, 2, 2, 3 ];{}
3937;[ 2, 2, 2, 3 ];{}
3938;[ 2, 2, 2, 3 ];{}
3939;[ 2, 2, 2, 3 ];{}
3940;[ 2, 2, 2, 3 ];{}
3941;[ 2, 2, 2, 3 ];{}
3943;[ 2, 2, 2, 3 ];{}
3944;[ 2, 2, 2, 3 ];{}
3945;[ 2, 2, 2, 3 ];{}
3946;[ 2, 2, 2, 3 ];{}
3947;[ 2, 2, 2, 3 ];{}
3948;[ 2, 2, 2, 3 ];{}
3949;[ 2, 2, 2, 3 ];{}
3950;[ 2, 2, 2, 3 ];{}
3951;[ 2, 2, 2, 3 ];{}
3952;[ 2, 2, 2, 3 ];{}
3954;[ 2, 2, 2, 3 ];{}
3955;[ 2, 2, 2, 3 ];{}
3957;[ 2, 2, 2, 3 ];{}
3958;[ 2, 2, 2, 3 ];{}
3959;[ 2, 2, 2, 3 ];{}
3961;[ 2, 2, 2, 3 ];{}
3986;[ 2, 3, 12 ];{}
3988;[ 2, 3, 12 ];{[ $.1 * $.2 * $.3 * $.4 * $.6^2 * $.8, $.1 * $.3 * $.4 * $.5 * $.6 * $.8, $.2^2 * $.5^2 * $.6^2 ]}
3989;[ 2, 3, 12 ];{}
3994;[ 2, 2, 2, 3 ];{}
3994;[ 2, 4, 6 ];{}
3995;[ 2, 2, 2, 3 ];{}
3995;[ 2, 4, 6 ];{}
3996;[ 2, 2, 2, 3 ];{}
3996;[ 2, 3, 12 ];{}
3996;[ 2, 4, 6 ];{}
3997;[ 2, 2, 2, 3 ];{}
3998;[ 2, 2, 2, 3 ];{}
3999;[ 2, 2, 2, 3 ];{}
4000;[ 2, 2, 2, 3 ];{}
4013;[ 2, 2, 2, 3 ];{}
4014;[ 2, 2, 2, 3 ];{}
4015;[ 2, 2, 2, 3 ];{}
4017;[ 2, 3, 12 ];{}
4018;[ 2, 3, 12 ];{}
4019;[ 2, 3, 12 ];{}
4020;[ 2, 2, 2, 3 ];{}
4020;[ 2, 4, 6 ];{}
4021;[ 2, 2, 2, 3 ];{}
4021;[ 2, 4, 6 ];{}
4022;[ 2, 2, 2, 3 ];{}
4022;[ 2, 3, 12 ];{}
4022;[ 2, 4, 6 ];{}
4079;[ 2, 2, 2, 3 ];{}
4080;[ 2, 2, 2, 3 ];{}
4081;[ 2, 2, 2, 3 ];{}
4082;[ 2, 2, 2, 3 ];{}
4083;[ 2, 2, 2, 3 ];{}
4084;[ 2, 2, 2, 3 ];{}
4085;[ 2, 2, 2, 3 ];{}
4086;[ 2, 2, 2, 3 ];{}
4087;[ 2, 2, 2, 3 ];{}
4088;[ 2, 2, 2, 3 ];{}
4089;[ 2, 2, 2, 3 ];{}
4090;[ 2, 2, 2, 3 ];{}
4091;[ 2, 2, 2, 3 ];{}
4092;[ 2, 2, 2, 3 ];{}
4093;[ 2, 2, 2, 3 ];{}
4094;[ 2, 2, 2, 3 ];{}
4095;[ 2, 2, 2, 3 ];{}
4096;[ 2, 2, 2, 3 ];{}
4097;[ 2, 2, 2, 3 ];{}
4098;[ 2, 2, 2, 3 ];{}
4099;[ 2, 2, 2, 3 ];{}
4100;[ 2, 2, 2, 3 ];{}
4101;[ 2, 2, 2, 3 ];{}
4102;[ 2, 2, 2, 3 ];{}
4103;[ 2, 2, 2, 3 ];{}
4104;[ 2, 2, 2, 3 ];{}
4105;[ 2, 2, 2, 3 ];{}
4106;[ 2, 2, 2, 3 ];{}
4107;[ 2, 2, 2, 3 ];{}
4108;[ 2, 2, 2, 3 ];{}
4109;[ 2, 2, 2, 3 ];{}
4110;[ 2, 2, 2, 3 ];{}
4111;[ 2, 2, 2, 3 ];{}
4112;[ 2, 2, 2, 3 ];{}
4116;[ 2, 2, 2, 3 ];{}
4117;[ 2, 2, 2, 3 ];{}
4118;[ 2, 2, 2, 3 ];{}
4119;[ 2, 2, 2, 3 ];{}
4120;[ 2, 2, 2, 3 ];{}
4121;[ 2, 2, 2, 3 ];{}
4128;[ 2, 3, 12 ];{}
4129;[ 2, 3, 12 ];{}
4130;[ 2, 3, 12 ];{}
4131;[ 2, 3, 12 ];{}
4132;[ 2, 3, 12 ];{}
4133;[ 2, 3, 12 ];{}
4134;[ 2, 3, 12 ];{}
4135;[ 2, 3, 12 ];{}
4136;[ 2, 3, 12 ];{}
4139;[ 2, 3, 12 ];{}
4141;[ 2, 3, 12 ];{}
4142;[ 2, 3, 12 ];{}
4143;[ 2, 2, 2, 3 ];{}
4143;[ 2, 3, 12 ];{}
4143;[ 2, 4, 6 ];{}
4144;[ 2, 2, 2, 3 ];{}
4144;[ 2, 3, 12 ];{}
4144;[ 2, 4, 6 ];{}
4145;[ 2, 2, 2, 3 ];{}
4145;[ 2, 3, 12 ];{}
4145;[ 2, 4, 6 ];{}
4146;[ 2, 2, 2, 3 ];{}
4146;[ 2, 3, 12 ];{}
4146;[ 2, 4, 6 ];{}
4147;[ 2, 2, 2, 3 ];{}
4147;[ 2, 3, 12 ];{}
4147;[ 2, 4, 6 ];{}
4148;[ 2, 2, 2, 3 ];{}
4148;[ 2, 3, 12 ];{}
4148;[ 2, 4, 6 ];{}
4149;[ 2, 2, 2, 3 ];{}
4149;[ 2, 3, 12 ];{}
4149;[ 2, 4, 6 ];{}
4150;[ 2, 2, 2, 3 ];{}
4150;[ 2, 3, 12 ];{}
4150;[ 2, 4, 6 ];{}
4151;[ 2, 2, 2, 3 ];{}
4151;[ 2, 3, 12 ];{}
4151;[ 2, 4, 6 ];{}
4154;[ 2, 2, 2, 3 ];{}
4154;[ 2, 3, 12 ];{}
4154;[ 2, 4, 6 ];{}
4156;[ 2, 2, 2, 3 ];{}
4156;[ 2, 3, 12 ];{}
4156;[ 2, 4, 6 ];{}
4157;[ 2, 2, 2, 3 ];{}
4157;[ 2, 3, 12 ];{}
4157;[ 2, 4, 6 ];{}
4158;[ 2, 2, 2, 3 ];{}
4158;[ 2, 3, 12 ];{}
4158;[ 2, 4, 6 ];{}
4159;[ 2, 2, 2, 3 ];{}
4159;[ 2, 3, 12 ];{}
4159;[ 2, 4, 6 ];{}
4160;[ 2, 2, 2, 3 ];{}
4160;[ 2, 3, 12 ];{}
4160;[ 2, 4, 6 ];{}
4161;[ 2, 2, 2, 3 ];{}
4161;[ 2, 3, 12 ];{}
4161;[ 2, 4, 6 ];{}
4162;[ 2, 2, 2, 3 ];{}
4162;[ 2, 3, 12 ];{}
4162;[ 2, 4, 6 ];{}
4163;[ 2, 2, 2, 3 ];{}
4163;[ 2, 3, 12 ];{}
4163;[ 2, 4, 6 ];{}
4164;[ 2, 2, 2, 3 ];{}
4164;[ 2, 3, 12 ];{}
4164;[ 2, 4, 6 ];{}
4165;[ 2, 2, 2, 3 ];{}
4165;[ 2, 3, 12 ];{}
4165;[ 2, 4, 6 ];{}
4166;[ 2, 2, 2, 3 ];{}
4166;[ 2, 3, 12 ];{}
4166;[ 2, 4, 6 ];{}
4169;[ 2, 2, 2, 3 ];{}
4169;[ 2, 3, 12 ];{}
4169;[ 2, 4, 6 ];{}
4171;[ 2, 2, 2, 3 ];{}
4171;[ 2, 3, 12 ];{}
4171;[ 2, 4, 6 ];{}
4172;[ 2, 2, 2, 3 ];{}
4172;[ 2, 3, 12 ];{}
4172;[ 2, 4, 6 ];{}
4173;[ 2, 2, 2, 3 ];{}
4173;[ 2, 3, 12 ];{}
4173;[ 2, 4, 6 ];{}
4174;[ 2, 2, 2, 3 ];{}
4174;[ 2, 3, 12 ];{}
4174;[ 2, 4, 6 ];{}
4175;[ 2, 2, 2, 3 ];{[ $.1 * $.2 * $.5^2 * $.8, $.1 * $.3^2 * $.4^2 * $.8, $.3 * $.4 * $.5 * $.6 * $.8, $.2 * $.6 ]}
4175;[ 2, 3, 12 ];{}
4175;[ 2, 4, 6 ];{}
4176;[ 2, 2, 2, 3 ];{}
4176;[ 2, 3, 12 ];{}
4176;[ 2, 4, 6 ];{}
4177;[ 2, 2, 2, 3 ];{}
4177;[ 2, 3, 12 ];{}
4177;[ 2, 4, 6 ];{}
4178;[ 2, 2, 2, 3 ];{}
4178;[ 2, 3, 12 ];{}
4178;[ 2, 4, 6 ];{}
4179;[ 2, 2, 2, 3 ];{}
4179;[ 2, 3, 12 ];{}
4179;[ 2, 4, 6 ];{}
4181;[ 2, 2, 2, 3 ];{}
4181;[ 2, 3, 12 ];{}
4181;[ 2, 4, 6 ];{}
4183;[ 2, 2, 2, 3 ];{}
4183;[ 2, 3, 12 ];{}
4183;[ 2, 4, 6 ];{}
4184;[ 2, 3, 12 ];{}
4185;[ 2, 3, 12 ];{}
4186;[ 2, 3, 12 ];{}
4187;[ 2, 3, 12 ];{}
4188;[ 2, 3, 12 ];{}
4189;[ 2, 3, 12 ];{}
4192;[ 2, 3, 12 ];{}
4193;[ 2, 3, 12 ];{}
4194;[ 2, 3, 12 ];{}
424;[ 2, 3, 12 ];{}
424;[ 2, 3, 48 ];{}
425;[ 2, 3, 12 ];{}
425;[ 2, 3, 48 ];{}
4265;[ 2, 2, 2, 3 ];{}
4266;[ 2, 2, 2, 3 ];{}
4267;[ 2, 2, 2, 3 ];{}
4268;[ 2, 2, 2, 3 ];{}
4269;[ 2, 2, 2, 3 ];{}
4270;[ 2, 2, 2, 3 ];{}
4271;[ 2, 2, 2, 3 ];{}
4272;[ 2, 2, 2, 3 ];{}
4273;[ 2, 2, 2, 3 ];{}
4274;[ 2, 2, 2, 3 ];{}
4275;[ 2, 2, 2, 3 ];{}
4276;[ 2, 2, 2, 3 ];{}
4277;[ 2, 2, 2, 3 ];{}
4278;[ 2, 2, 2, 3 ];{}
428;[ 2, 3, 12 ];{}
428;[ 2, 3, 48 ];{}
4280;[ 2, 2, 2, 3 ];{}
4281;[ 2, 2, 2, 3 ];{}
4282;[ 2, 2, 2, 3 ];{}
4284;[ 2, 2, 2, 3 ];{}
4286;[ 2, 2, 2, 3 ];{}
4288;[ 2, 2, 2, 3 ];{}
4289;[ 2, 2, 2, 3 ];{}
429;[ 2, 3, 12 ];{}
429;[ 2, 3, 48 ];{}
4290;[ 2, 2, 2, 3 ];{}
4291;[ 2, 2, 2, 3 ];{}
4292;[ 2, 2, 2, 3 ];{}
4293;[ 2, 2, 2, 3 ];{}
4294;[ 2, 2, 2, 3 ];{}
4295;[ 2, 2, 2, 3 ];{}
4296;[ 2, 2, 2, 3 ];{}
4297;[ 2, 2, 2, 3 ];{}
4298;[ 2, 2, 2, 3 ];{}
4299;[ 2, 2, 2, 3 ];{}
430;[ 2, 3, 12 ];{}
430;[ 2, 3, 48 ];{}
4300;[ 2, 2, 2, 3 ];{}
4301;[ 2, 2, 2, 3 ];{}
4302;[ 2, 2, 2, 3 ];{}
4303;[ 2, 2, 2, 3 ];{}
4304;[ 2, 2, 2, 3 ];{}
4305;[ 2, 2, 2, 3 ];{}
4306;[ 2, 2, 2, 3 ];{}
4307;[ 2, 2, 2, 3 ];{}
4308;[ 2, 2, 2, 3 ];{}
431;[ 2, 3, 12 ];{}
431;[ 2, 3, 48 ];{}
4310;[ 2, 2, 2, 3 ];{}
4311;[ 2, 2, 2, 3 ];{}
4313;[ 2, 2, 2, 3 ];{}
4315;[ 2, 2, 2, 3 ];{}
4316;[ 2, 2, 2, 3 ];{}
4317;[ 2, 2, 2, 3 ];{}
4318;[ 2, 2, 2, 3 ];{}
4319;[ 2, 2, 2, 3 ];{}
432;[ 2, 3, 12 ];{}
432;[ 2, 3, 48 ];{}
4320;[ 2, 2, 2, 3 ];{}
4321;[ 2, 2, 2, 3 ];{}
4322;[ 2, 2, 2, 3 ];{}
4328;[ 2, 2, 2, 3 ];{}
4329;[ 2, 2, 2, 3 ];{}
433;[ 2, 3, 12 ];{}
433;[ 2, 3, 48 ];{}
4331;[ 2, 2, 2, 3 ];{}
4332;[ 2, 2, 2, 3 ];{}
4335;[ 2, 2, 2, 3 ];{}
4336;[ 2, 2, 2, 3 ];{}
436;[ 2, 3, 12 ];{}
436;[ 2, 3, 48 ];{}
437;[ 2, 3, 12 ];{}
437;[ 2, 3, 48 ];{}
438;[ 2, 3, 12 ];{}
438;[ 2, 3, 48 ];{}
439;[ 2, 3, 12 ];{}
439;[ 2, 3, 48 ];{}
4408;[ 2, 3, 12 ];{}
4410;[ 2, 3, 12 ];{}
4411;[ 2, 3, 12 ];{}
4412;[ 2, 3, 12 ];{}
4413;[ 2, 3, 12 ];{}
4414;[ 2, 3, 12 ];{}
4415;[ 2, 3, 12 ];{}
4416;[ 2, 3, 12 ];{}
4418;[ 2, 3, 12 ];{}
4419;[ 2, 3, 12 ];{}
4421;[ 2, 3, 12 ];{}
4422;[ 2, 3, 12 ];{}
4423;[ 2, 3, 12 ];{}
4424;[ 2, 3, 12 ];{}
4425;[ 2, 3, 12 ];{}
4426;[ 2, 3, 12 ];{}
4427;[ 2, 3, 12 ];{}
4429;[ 2, 3, 12 ];{}
4430;[ 2, 2, 2, 3 ];{}
4430;[ 2, 3, 12 ];{}
4430;[ 2, 4, 6 ];{}
4432;[ 2, 2, 2, 3 ];{}
4432;[ 2, 3, 12 ];{}
4432;[ 2, 4, 6 ];{}
4433;[ 2, 2, 2, 3 ];{}
4433;[ 2, 3, 12 ];{}
4433;[ 2, 4, 6 ];{}
4434;[ 2, 2, 2, 3 ];{}
4434;[ 2, 3, 12 ];{}
4434;[ 2, 4, 6 ];{}
4435;[ 2, 2, 2, 3 ];{}
4435;[ 2, 3, 12 ];{}
4435;[ 2, 4, 6 ];{}
4436;[ 2, 2, 2, 3 ];{}
4436;[ 2, 3, 12 ];{}
4436;[ 2, 4, 6 ];{}
4437;[ 2, 2, 2, 3 ];{}
4437;[ 2, 3, 12 ];{}
4437;[ 2, 4, 6 ];{}
4438;[ 2, 2, 2, 3 ];{}
4438;[ 2, 3, 12 ];{}
4438;[ 2, 4, 6 ];{}
4440;[ 2, 2, 2, 3 ];{}
4440;[ 2, 4, 6 ];{}
4441;[ 2, 3, 12 ];{}
4443;[ 2, 3, 12 ];{}
4444;[ 2, 3, 12 ];{}
4445;[ 2, 3, 12 ];{}
4446;[ 2, 3, 12 ];{}
4447;[ 2, 3, 12 ];{}
4448;[ 2, 3, 12 ];{}
4449;[ 2, 3, 12 ];{}
4451;[ 2, 3, 12 ];{}
4452;[ 2, 3, 12 ];{}
4454;[ 2, 3, 12 ];{}
4455;[ 2, 3, 12 ];{}
4456;[ 2, 3, 12 ];{}
4457;[ 2, 3, 12 ];{}
4458;[ 2, 3, 12 ];{}
4459;[ 2, 3, 12 ];{}
4460;[ 2, 3, 12 ];{}
4462;[ 2, 3, 12 ];{}
4661;[ 2, 2, 2, 3 ];{}
4661;[ 2, 4, 6 ];{}
4662;[ 2, 2, 2, 3 ];{}
4666;[ 3, 3, 4 ];{}
4667;[ 2, 2, 2, 3 ];{}
4667;[ 2, 3, 12 ];{}
4667;[ 2, 4, 6 ];{}
4669;[ 2, 2, 2, 3 ];{}
4669;[ 2, 3, 12 ];{}
4669;[ 2, 4, 6 ];{}
4670;[ 2, 2, 2, 3 ];{}
4670;[ 2, 3, 12 ];{}
4670;[ 2, 4, 6 ];{[ $.2 * $.3 * $.4^2 * $.5 * $.6 * $.8, $.1 * $.4^2, $.1 * $.2 * $.3 * $.5^2 * $.6 * $.7 ]}
4671;[ 2, 3, 12 ];{}
4672;[ 2, 3, 12 ];{}
4673;[ 2, 2, 2, 3 ];{}
4674;[ 2, 3, 12 ];{}
4675;[ 2, 3, 12 ];{}
4676;[ 2, 3, 12 ];{}
4678;[ 2, 3, 12 ];{}
4679;[ 2, 2, 2, 3 ];{}
4679;[ 2, 4, 6 ];{}
4683;[ 2, 2, 2, 3 ];{}
4684;[ 2, 2, 2, 3 ];{}
4685;[ 2, 2, 2, 3 ];{}
4691;[ 2, 2, 2, 3 ];{}
4692;[ 2, 2, 2, 3 ];{}
4693;[ 2, 2, 2, 3 ];{}
4707;[ 2, 2, 2, 3 ];{}
4708;[ 2, 3, 12 ];{}
4709;[ 2, 3, 12 ];{}
4710;[ 2, 2, 2, 3 ];{}
4710;[ 2, 4, 6 ];{}
474;[ 2, 2, 2, 3 ];{}
474;[ 2, 3, 12 ];{}
474;[ 2, 3, 48 ];{}
474;[ 2, 4, 6 ];{}
475;[ 2, 2, 2, 3 ];{}
475;[ 2, 3, 12 ];{}
475;[ 2, 3, 48 ];{}
475;[ 2, 4, 6 ];{}
476;[ 2, 2, 2, 3 ];{}
476;[ 2, 3, 12 ];{}
476;[ 2, 3, 48 ];{}
476;[ 2, 4, 6 ];{}
479;[ 2, 2, 2, 3 ];{}
479;[ 2, 3, 12 ];{}
479;[ 2, 3, 48 ];{}
479;[ 2, 4, 6 ];{}
480;[ 2, 2, 2, 3 ];{}
480;[ 2, 3, 12 ];{}
480;[ 2, 3, 48 ];{}
480;[ 2, 4, 6 ];{}
481;[ 2, 2, 2, 3 ];{}
481;[ 2, 3, 12 ];{}
481;[ 2, 3, 48 ];{}
481;[ 2, 4, 6 ];{}
530;[ 2, 2, 2, 3 ];{}
530;[ 2, 3, 12 ];{}
530;[ 2, 4, 6 ];{}
531;[ 2, 2, 2, 3 ];{}
531;[ 2, 3, 12 ];{}
531;[ 2, 4, 6 ];{}
532;[ 2, 2, 2, 3 ];{}
532;[ 2, 3, 12 ];{}
532;[ 2, 3, 48 ];{}
532;[ 2, 4, 6 ];{}
533;[ 2, 2, 2, 3 ];{}
533;[ 2, 3, 12 ];{}
533;[ 2, 3, 48 ];{}
533;[ 2, 4, 6 ];{}
534;[ 2, 2, 2, 3 ];{}
534;[ 2, 3, 12 ];{}
534;[ 2, 4, 6 ];{}
535;[ 2, 2, 2, 3 ];{}
535;[ 2, 3, 12 ];{}
535;[ 2, 4, 6 ];{}
536;[ 2, 2, 2, 3 ];{}
536;[ 2, 3, 12 ];{}
536;[ 2, 3, 48 ];{}
536;[ 2, 4, 6 ];{}
537;[ 2, 2, 2, 3 ];{}
537;[ 2, 3, 12 ];{}
537;[ 2, 3, 48 ];{}
537;[ 2, 4, 6 ];{}
603;[ 2, 3, 12 ];{}
603;[ 2, 3, 48 ];{}
604;[ 2, 3, 12 ];{}
604;[ 2, 3, 48 ];{}
606;[ 2, 3, 12 ];{}
606;[ 2, 3, 48 ];{}
607;[ 2, 3, 12 ];{}
607;[ 2, 3, 48 ];{}
609;[ 2, 3, 12 ];{}
609;[ 2, 3, 48 ];{}
610;[ 2, 3, 12 ];{}
610;[ 2, 3, 48 ];{}
611;[ 2, 2, 2, 3 ];{}
611;[ 2, 3, 12 ];{}
611;[ 2, 4, 6 ];{}
613;[ 2, 2, 2, 3 ];{}
613;[ 2, 3, 12 ];{}
613;[ 2, 4, 6 ];{}
614;[ 2, 2, 2, 3 ];{}
614;[ 2, 3, 12 ];{}
614;[ 2, 4, 6 ];{}
615;[ 2, 2, 2, 3 ];{}
615;[ 2, 3, 12 ];{}
615;[ 2, 4, 6 ];{}
616;[ 2, 2, 2, 3 ];{}
616;[ 2, 3, 12 ];{}
616;[ 2, 4, 6 ];{}
617;[ 2, 2, 2, 3 ];{}
617;[ 2, 3, 12 ];{}
617;[ 2, 4, 6 ];{}
618;[ 2, 2, 2, 3 ];{}
618;[ 2, 3, 12 ];{}
618;[ 2, 4, 6 ];{}
619;[ 2, 2, 2, 3 ];{}
619;[ 2, 3, 12 ];{}
619;[ 2, 4, 6 ];{}
621;[ 2, 2, 2, 3 ];{}
621;[ 2, 4, 6 ];{}
657;[ 2, 2, 2, 3 ];{}
657;[ 2, 3, 12 ];{}
657;[ 2, 3, 48 ];{}
657;[ 2, 4, 6 ];{}
658;[ 2, 2, 2, 3 ];{}
658;[ 2, 3, 12 ];{}
658;[ 2, 3, 48 ];{}
658;[ 2, 4, 6 ];{}
659;[ 2, 2, 2, 3 ];{}
659;[ 2, 3, 12 ];{}
659;[ 2, 3, 48 ];{}
659;[ 2, 4, 6 ];{}
684;[ 2, 3, 12 ];{}
685;[ 2, 3, 12 ];{}
686;[ 2, 3, 12 ];{}
696;[ 2, 2, 2, 3 ];{}
696;[ 2, 3, 12 ];{}
696;[ 2, 4, 6 ];{}
700;[ 2, 2, 2, 3 ];{}
700;[ 2, 3, 12 ];{}
700;[ 2, 4, 6 ];{}
701;[ 2, 2, 2, 3 ];{}
701;[ 2, 3, 12 ];{}
701;[ 2, 4, 6 ];{}
708;[ 2, 3, 12 ];{}
709;[ 2, 3, 12 ];{}
710;[ 2, 3, 12 ];{}
711;[ 2, 3, 12 ];{}
712;[ 2, 3, 12 ];{}
713;[ 2, 3, 12 ];{}
714;[ 2, 3, 12 ];{}
724;[ 2, 3, 12 ];{}
725;[ 2, 3, 12 ];{}
726;[ 2, 3, 12 ];{}
73;[ 2, 2, 2, 3 ];{}
73;[ 2, 3, 12 ];{}
73;[ 2, 4, 6 ];{}
762;[ 2, 2, 2, 3 ];{}
763;[ 2, 2, 2, 3 ];{}
764;[ 2, 2, 2, 3 ];{}
769;[ 2, 2, 2, 3 ];{}
770;[ 2, 2, 2, 3 ];{}
771;[ 2, 2, 2, 3 ];{}
772;[ 2, 2, 2, 3 ];{}
777;[ 2, 2, 2, 3 ];{}
778;[ 2, 2, 2, 3 ];{}
779;[ 2, 2, 2, 3 ];{}
780;[ 2, 2, 2, 3 ];{}
781;[ 2, 2, 2, 3 ];{}
782;[ 2, 2, 2, 3 ];{}
783;[ 2, 2, 2, 3 ];{}
784;[ 2, 2, 2, 3 ];{}
785;[ 2, 2, 2, 3 ];{}
786;[ 2, 2, 2, 3 ];{}
787;[ 2, 2, 2, 3 ];{}
788;[ 2, 2, 2, 3 ];{}
789;[ 2, 2, 2, 3 ];{}
790;[ 2, 2, 2, 3 ];{}
791;[ 2, 2, 2, 3 ];{}
792;[ 2, 2, 2, 3 ];{}
793;[ 2, 2, 2, 3 ];{}
794;[ 2, 2, 2, 3 ];{}
795;[ 2, 2, 2, 3 ];{}
796;[ 2, 2, 2, 3 ];{}
797;[ 2, 2, 2, 3 ];{}
798;[ 2, 2, 2, 3 ];{}
799;[ 2, 2, 2, 3 ];{}
800;[ 2, 2, 2, 3 ];{}
804;[ 2, 2, 2, 3 ];{}
805;[ 2, 2, 2, 3 ];{}
806;[ 2, 2, 2, 3 ];{}
810;[ 2, 2, 2, 3 ];{}
811;[ 2, 2, 2, 3 ];{}
812;[ 2, 2, 2, 3 ];{}
813;[ 2, 2, 2, 3 ];{}
814;[ 2, 2, 2, 3 ];{}
815;[ 2, 2, 2, 3 ];{}
816;[ 2, 2, 2, 3 ];{}
817;[ 2, 2, 2, 3 ];{}
818;[ 2, 2, 2, 3 ];{}
819;[ 2, 2, 2, 3 ];{}
820;[ 2, 2, 2, 3 ];{}
821;[ 2, 2, 2, 3 ];{}
822;[ 2, 2, 2, 3 ];{}
833;[ 2, 2, 2, 3 ];{}
834;[ 2, 2, 2, 3 ];{}
835;[ 2, 2, 2, 3 ];{}
836;[ 2, 2, 2, 3 ];{}
837;[ 2, 2, 2, 3 ];{}
838;[ 2, 2, 2, 3 ];{}
839;[ 2, 2, 2, 3 ];{}
840;[ 2, 2, 2, 3 ];{}
841;[ 2, 2, 2, 3 ];{}
847;[ 2, 2, 2, 3 ];{}
848;[ 2, 2, 2, 3 ];{}
849;[ 2, 2, 2, 3 ];{}
85;[ 2, 2, 2, 3 ];{}
850;[ 2, 2, 2, 3 ];{}
851;[ 2, 2, 2, 3 ];{}
852;[ 2, 2, 2, 3 ];{}
853;[ 2, 2, 2, 3 ];{}
854;[ 2, 2, 2, 3 ];{}
855;[ 2, 2, 2, 3 ];{}
856;[ 2, 2, 2, 3 ];{}
857;[ 2, 2, 2, 3 ];{}
858;[ 2, 2, 2, 3 ];{}
859;[ 2, 2, 2, 3 ];{}
86;[ 2, 2, 2, 3 ];{}
860;[ 2, 2, 2, 3 ];{}
861;[ 2, 2, 2, 3 ];{}
862;[ 2, 2, 2, 3 ];{}
863;[ 2, 2, 2, 3 ];{}
864;[ 2, 2, 2, 3 ];{}
870;[ 2, 2, 2, 3 ];{}
871;[ 2, 2, 2, 3 ];{}
872;[ 2, 2, 2, 3 ];{}
881;[ 2, 2, 2, 3 ];{}
882;[ 2, 2, 2, 3 ];{}
883;[ 2, 2, 2, 3 ];{}
884;[ 2, 2, 2, 3 ];{}
885;[ 2, 2, 2, 3 ];{}
886;[ 2, 2, 2, 3 ];{}
887;[ 2, 2, 2, 3 ];{}
888;[ 2, 2, 2, 3 ];{}
890;[ 2, 2, 2, 3 ];{}
891;[ 2, 2, 2, 3 ];{}
892;[ 2, 2, 2, 3 ];{}
893;[ 2, 2, 2, 3 ];{}
894;[ 2, 2, 2, 3 ];{}
895;[ 2, 2, 2, 3 ];{}
896;[ 2, 2, 2, 3 ];{}
897;[ 2, 2, 2, 3 ];{}
899;[ 2, 2, 2, 3 ];{}
90;[ 2, 2, 2, 3 ];{}
900;[ 2, 2, 2, 3 ];{}
901;[ 2, 2, 2, 3 ];{}
902;[ 2, 2, 2, 3 ];{}
903;[ 2, 2, 2, 3 ];{}
904;[ 2, 2, 2, 3 ];{}
905;[ 2, 2, 2, 3 ];{}
906;[ 2, 2, 2, 3 ];{}
907;[ 2, 2, 2, 3 ];{}
908;[ 2, 2, 2, 3 ];{}
909;[ 2, 2, 2, 3 ];{}
91;[ 2, 2, 2, 3 ];{}
911;[ 2, 2, 2, 3 ];{}
912;[ 2, 2, 2, 3 ];{}
913;[ 2, 2, 2, 3 ];{}
914;[ 2, 2, 2, 3 ];{}
915;[ 2, 2, 2, 3 ];{}
916;[ 2, 2, 2, 3 ];{}
917;[ 2, 2, 2, 3 ];{}
918;[ 2, 2, 2, 3 ];{}
919;[ 2, 2, 2, 3 ];{}
92;[ 2, 2, 2, 3 ];{}
920;[ 2, 2, 2, 3 ];{}
921;[ 2, 2, 2, 3 ];{}
922;[ 2, 2, 2, 3 ];{}
923;[ 2, 2, 2, 3 ];{}
924;[ 2, 2, 2, 3 ];{}
925;[ 2, 2, 2, 3 ];{}
927;[ 2, 2, 2, 3 ];{}
928;[ 2, 2, 2, 3 ];{}
929;[ 2, 2, 2, 3 ];{}
930;[ 2, 2, 2, 3 ];{}
931;[ 2, 2, 2, 3 ];{}
932;[ 2, 2, 2, 3 ];{}
933;[ 2, 2, 2, 3 ];{}
934;[ 2, 2, 2, 3 ];{}
936;[ 2, 2, 2, 3 ];{}
937;[ 2, 2, 2, 3 ];{}
938;[ 2, 2, 2, 3 ];{}
94;[ 2, 2, 2, 3 ];{}
948;[ 2, 2, 2, 3 ];{}
949;[ 2, 2, 2, 3 ];{}
95;[ 2, 2, 2, 3 ];{}
950;[ 2, 2, 2, 3 ];{}
951;[ 2, 2, 2, 3 ];{}
952;[ 2, 2, 2, 3 ];{}
953;[ 2, 2, 2, 3 ];{}
955;[ 2, 2, 2, 3 ];{}
956;[ 2, 2, 2, 3 ];{}
958;[ 2, 2, 2, 3 ];{}
961;[ 2, 2, 2, 3 ];{}
962;[ 2, 2, 2, 3 ];{}
963;[ 2, 2, 2, 3 ];{}
964;[ 2, 2, 2, 3 ];{}
966;[ 2, 2, 2, 3 ];{}
970;[ 2, 2, 2, 3 ];{}
971;[ 2, 2, 2, 3 ];{}
972;[ 2, 2, 2, 3 ];{}
973;[ 2, 2, 2, 3 ];{}
974;[ 2, 2, 2, 3 ];{}
98;[ 2, 2, 2, 3 ];{}
982;[ 2, 2, 2, 3 ];{}
983;[ 2, 2, 2, 3 ];{}
984;[ 2, 2, 2, 3 ];{}
985;[ 2, 2, 2, 3 ];{}
987;[ 2, 2, 2, 3 ];{}
988;[ 2, 2, 2, 3 ];{}
99;[ 2, 2, 2, 3 ];{}
990;[ 2, 2, 2, 3 ];{}
991;[ 2, 2, 2, 3 ];{}
993;[ 2, 2, 2, 3 ];{}
998;[ 2, 2, 2, 3 ];{}
999;[ 2, 2, 2, 3 ];{}
