100;[ 2, 4, 8 ];{}
101;[ 2, 4, 8 ];{}
106;[ 2, 4, 8 ];{}
107;[ 2, 4, 8 ];{}
108;[ 2, 4, 8 ];{}
109;[ 2, 4, 8 ];{}
110;[ 2, 4, 8 ];{}
111;[ 2, 4, 8 ];{}
112;[ 2, 4, 8 ];{}
113;[ 2, 4, 8 ];{}
114;[ 2, 4, 8 ];{}
115;[ 2, 4, 8 ];{}
116;[ 2, 4, 8 ];{}
117;[ 2, 4, 8 ];{}
118;[ 2, 4, 8 ];{}
119;[ 2, 4, 8 ];{}
120;[ 2, 4, 8 ];{}
121;[ 2, 4, 8 ];{}
122;[ 2, 4, 8 ];{}
123;[ 2, 4, 8 ];{}
124;[ 2, 4, 8 ];{}
125;[ 2, 4, 8 ];{}
132;[ 2, 4, 8 ];{}
133;[ 2, 4, 8 ];{}
134;[ 2, 4, 8 ];{}
135;[ 2, 4, 8 ];{}
136;[ 2, 4, 8 ];{}
137;[ 2, 4, 8 ];{}
142;[ 2, 4, 8 ];{}
143;[ 2, 4, 8 ];{}
144;[ 2, 4, 8 ];{}
145;[ 2, 4, 8 ];{}
146;[ 2, 4, 8 ];{}
147;[ 2, 4, 8 ];{}
148;[ 2, 4, 8 ];{}
149;[ 2, 4, 8 ];{}
150;[ 2, 4, 8 ];{}
151;[ 2, 4, 8 ];{}
152;[ 2, 4, 8 ];{}
153;[ 2, 4, 8 ];{}
154;[ 2, 4, 8 ];{}
155;[ 2, 4, 8 ];{}
156;[ 2, 4, 8 ];{}
157;[ 2, 4, 8 ];{}
163;[ 2, 4, 8 ];{}
164;[ 2, 4, 8 ];{}
165;[ 2, 4, 8 ];{}
168;[ 2, 4, 8 ];{}
169;[ 2, 4, 8 ];{}
170;[ 2, 4, 8 ];{}
173;[ 2, 4, 8 ];{}
176;[ 2, 4, 8 ];{}
177;[ 2, 4, 8 ];{}
178;[ 2, 4, 8 ];{}
179;[ 2, 4, 8 ];{}
180;[ 2, 4, 8 ];{}
181;[ 2, 4, 8 ];{}
182;[ 2, 4, 8 ];{}
184;[ 2, 4, 8 ];{}
187;[ 2, 4, 8 ];{}
188;[ 2, 4, 8 ];{}
190;[ 2, 4, 8 ];{}
192;[ 2, 4, 8 ];{}
193;[ 2, 4, 8 ];{}
196;[ 2, 4, 8 ];{}
197;[ 2, 4, 8 ];{}
198;[ 2, 4, 8 ];{}
20;[ 2, 4, 8 ];{}
200;[ 2, 4, 8 ];{}
201;[ 2, 4, 8 ];{}
202;[ 2, 4, 8 ];{}
203;[ 2, 4, 8 ];{}
205;[ 2, 4, 8 ];{}
206;[ 2, 4, 8 ];{}
209;[ 2, 4, 8 ];{}
21;[ 2, 4, 8 ];{}
216;[ 2, 4, 8 ];{}
217;[ 2, 4, 8 ];{}
218;[ 2, 4, 8 ];{}
219;[ 2, 4, 8 ];{}
22;[ 2, 4, 8 ];{}
220;[ 2, 4, 8 ];{}
221;[ 2, 4, 8 ];{}
222;[ 2, 4, 8 ];{}
223;[ 2, 4, 8 ];{}
224;[ 2, 4, 8 ];{}
23;[ 2, 4, 8 ];{}
231;[ 2, 4, 8 ];{}
234;[ 2, 4, 8 ];{}
237;[ 2, 4, 8 ];{}
238;[ 2, 4, 8 ];{}
241;[ 2, 4, 8 ];{}
242;[ 2, 4, 8 ];{}
247;[ 2, 4, 8 ];{}
248;[ 2, 4, 8 ];{}
251;[ 2, 4, 8 ];{}
252;[ 2, 4, 8 ];{}
254;[ 2, 4, 8 ];{}
255;[ 2, 4, 8 ];{}
256;[ 2, 4, 8 ];{}
257;[ 2, 4, 8 ];{}
258;[ 2, 4, 8 ];{}
259;[ 2, 4, 8 ];{}
260;[ 2, 4, 8 ];{}
263;[ 2, 4, 8 ];{}
264;[ 2, 4, 8 ];{}
265;[ 2, 4, 8 ];{}
266;[ 2, 4, 8 ];{}
268;[ 2, 4, 8 ];{}
269;[ 2, 4, 8 ];{}
270;[ 2, 4, 8 ];{}
271;[ 2, 4, 8 ];{}
272;[ 2, 4, 8 ];{}
273;[ 2, 4, 8 ];{}
274;[ 2, 4, 8 ];{}
277;[ 2, 4, 8 ];{}
279;[ 2, 4, 8 ];{}
28;[ 2, 4, 8 ];{}
280;[ 2, 4, 8 ];{}
282;[ 2, 4, 8 ];{}
283;[ 2, 4, 8 ];{}
284;[ 2, 4, 8 ];{}
285;[ 2, 4, 8 ];{}
286;[ 2, 4, 8 ];{}
287;[ 2, 4, 8 ];{}
288;[ 2, 4, 8 ];{}
29;[ 2, 4, 8 ];{}
292;[ 2, 4, 8 ];{}
293;[ 2, 4, 8 ];{}
294;[ 2, 4, 8 ];{}
295;[ 2, 4, 8 ];{}
296;[ 2, 4, 8 ];{}
297;[ 2, 4, 8 ];{}
298;[ 2, 4, 8 ];{}
299;[ 2, 4, 8 ];{}
30;[ 2, 4, 8 ];{}
300;[ 2, 4, 8 ];{}
301;[ 2, 4, 8 ];{}
302;[ 2, 4, 8 ];{}
303;[ 2, 4, 8 ];{}
304;[ 2, 4, 8 ];{}
305;[ 2, 4, 8 ];{}
306;[ 2, 4, 8 ];{}
307;[ 2, 4, 8 ];{}
31;[ 2, 4, 8 ];{}
310;[ 2, 4, 8 ];{}
314;[ 2, 4, 8 ];{}
315;[ 2, 4, 8 ];{}
317;[ 2, 4, 8 ];{}
318;[ 2, 4, 8 ];{}
319;[ 2, 4, 8 ];{}
32;[ 2, 4, 8 ];{}
320;[ 2, 4, 8 ];{}
321;[ 2, 4, 8 ];{}
322;[ 2, 4, 8 ];{}
323;[ 2, 4, 8 ];{}
324;[ 2, 4, 8 ];{}
325;[ 2, 4, 8 ];{}
326;[ 2, 4, 8 ];{}
327;[ 2, 4, 8 ];{}
328;[ 2, 4, 8 ];{}
329;[ 2, 4, 8 ];{}
33;[ 2, 4, 8 ];{}
330;[ 2, 4, 8 ];{}
331;[ 2, 4, 8 ];{}
34;[ 2, 4, 8 ];{}
342;[ 2, 4, 8 ];{}
343;[ 2, 4, 8 ];{}
344;[ 2, 4, 8 ];{}
345;[ 2, 4, 8 ];{}
346;[ 2, 4, 8 ];{}
347;[ 2, 4, 8 ];{}
348;[ 2, 4, 8 ];{}
349;[ 2, 4, 8 ];{}
35;[ 2, 4, 8 ];{}
350;[ 2, 4, 8 ];{}
351;[ 2, 4, 8 ];{}
352;[ 2, 4, 8 ];{}
353;[ 2, 4, 8 ];{}
354;[ 2, 4, 8 ];{}
355;[ 2, 4, 8 ];{}
356;[ 2, 4, 8 ];{}
357;[ 2, 4, 8 ];{}
358;[ 2, 4, 8 ];{}
359;[ 2, 4, 8 ];{}
360;[ 2, 4, 8 ];{}
361;[ 2, 4, 8 ];{}
362;[ 2, 4, 8 ];{}
363;[ 2, 4, 8 ];{}
364;[ 2, 4, 8 ];{}
365;[ 2, 4, 8 ];{}
366;[ 2, 4, 8 ];{}
367;[ 2, 4, 8 ];{}
368;[ 2, 4, 8 ];{}
369;[ 2, 4, 8 ];{}
370;[ 2, 4, 8 ];{}
371;[ 2, 4, 8 ];{}
372;[ 2, 4, 8 ];{}
373;[ 2, 4, 8 ];{}
374;[ 2, 4, 8 ];{}
378;[ 2, 4, 8 ];{}
379;[ 2, 4, 8 ];{}
380;[ 2, 4, 8 ];{}
388;[ 2, 4, 8 ];{}
389;[ 2, 4, 8 ];{}
39;[ 2, 4, 8 ];{}
390;[ 2, 4, 8 ];{}
391;[ 2, 4, 8 ];{}
392;[ 2, 4, 8 ];{}
393;[ 2, 4, 8 ];{}
394;[ 2, 4, 8 ];{}
396;[ 2, 4, 8 ];{}
397;[ 2, 4, 8 ];{}
398;[ 2, 4, 8 ];{}
399;[ 2, 4, 8 ];{}
40;[ 2, 4, 8 ];{}
400;[ 2, 4, 8 ];{}
401;[ 2, 4, 8 ];{}
45;[ 2, 4, 8 ];{}
46;[ 2, 4, 8 ];{}
47;[ 2, 4, 8 ];{}
48;[ 2, 4, 8 ];{}
53;[ 2, 4, 8 ];{}
54;[ 2, 4, 8 ];{}
55;[ 2, 4, 8 ];{}
56;[ 2, 4, 8 ];{}
57;[ 2, 4, 8 ];{}
58;[ 2, 4, 8 ];{}
59;[ 2, 4, 8 ];{}
60;[ 2, 4, 8 ];{}
61;[ 2, 4, 8 ];{}
62;[ 2, 4, 8 ];{}
63;[ 2, 4, 8 ];{}
64;[ 2, 4, 8 ];{}
65;[ 2, 4, 8 ];{}
66;[ 2, 4, 8 ];{}
67;[ 2, 4, 8 ];{}
68;[ 2, 4, 8 ];{}
92;[ 2, 4, 8 ];{}
93;[ 2, 4, 8 ];{}
98;[ 2, 4, 8 ];{}
99;[ 2, 4, 8 ];{}
