100;[ 2, 2, 2, 3 ];{}
129;[ 2, 2, 2, 3 ];{}
130;[ 2, 2, 2, 3 ];{}
131;[ 2, 2, 2, 3 ];{}
135;[ 2, 2, 2, 3 ];{}
136;[ 2, 2, 2, 3 ];{}
137;[ 2, 2, 2, 3 ];{}
138;[ 2, 2, 2, 3 ];{}
149;[ 2, 2, 2, 3 ];{}
35;[ 2, 2, 2, 3 ];{}
37;[ 2, 2, 2, 3 ];{}
38;[ 2, 2, 2, 3 ];{}
44;[ 2, 2, 2, 3 ];{}
48;[ 2, 2, 2, 3 ];{}
49;[ 2, 2, 2, 3 ];{}
61;[ 2, 2, 2, 3 ];{}
62;[ 2, 2, 2, 3 ];{}
63;[ 2, 2, 2, 3 ];{}
7;[ 2, 2, 2, 3 ];{}
71;[ 2, 2, 2, 3 ];{}
94;[ 2, 2, 2, 3 ];{}
95;[ 2, 2, 2, 3 ];{[ $.2, $.1 * $.3 * $.4^2 * $.6^4, $.1 * $.2, $.3^2 * $.4^2 * $.5 * $.6^2 ]}
96;[ 2, 2, 2, 3 ];{}
