10;[ 2, 3, 12 ];{}
101;[ 2, 2, 2, 3 ];{}
102;[ 2, 2, 2, 3 ];{}
103;[ 2, 2, 2, 3 ];{}
104;[ 2, 2, 2, 3 ];{}
11;[ 2, 3, 12 ];{}
117;[ 2, 2, 2, 3 ];{}
117;[ 2, 4, 6 ];{}
118;[ 2, 2, 2, 3 ];{}
118;[ 2, 4, 6 ];{}
130;[ 2, 3, 12 ];{}
133;[ 2, 3, 12 ];{[ $.1 * $.2 * $.4 * $.5^9, $.2^2 * $.4 * $.5^13, $.1 * $.3 * $.4 * $.5^17 ]:[ $.1 * $.2^2 * $.3 * $.5, $.2 * $.3 * $.5^5 * $.6, $.1 * $.3 * $.4 * $.5^12 ]}
136;[ 2, 2, 2, 3 ];{}
137;[ 2, 2, 2, 3 ];{}
138;[ 2, 2, 2, 3 ];{}
139;[ 2, 2, 2, 3 ];{}
140;[ 2, 2, 2, 3 ];{}
141;[ 2, 2, 2, 3 ];{}
142;[ 2, 2, 2, 3 ];{}
143;[ 2, 2, 2, 3 ];{}
144;[ 2, 2, 2, 3 ];{}
145;[ 2, 2, 2, 3 ];{}
147;[ 2, 2, 2, 3 ];{}
148;[ 2, 2, 2, 3 ];{}
149;[ 2, 2, 2, 3 ];{}
151;[ 2, 2, 2, 3 ];{}
152;[ 2, 2, 2, 3 ];{}
154;[ 2, 2, 2, 3 ];{}
156;[ 2, 2, 2, 3 ];{}
157;[ 2, 2, 2, 3 ];{}
158;[ 2, 2, 2, 3 ];{}
159;[ 2, 2, 2, 3 ];{}
160;[ 2, 2, 2, 3 ];{}
161;[ 2, 2, 2, 3 ];{}
162;[ 2, 2, 2, 3 ];{}
172;[ 2, 3, 12 ];{}
18;[ 2, 3, 12 ];{}
19;[ 2, 3, 12 ];{}
193;[ 2, 2, 2, 3 ];{}
195;[ 2, 2, 2, 3 ];{}
196;[ 2, 2, 2, 3 ];{}
197;[ 2, 2, 2, 3 ];{}
198;[ 2, 2, 2, 3 ];{}
199;[ 2, 2, 2, 3 ];{}
20;[ 2, 3, 12 ];{}
200;[ 2, 2, 2, 3 ];{}
202;[ 2, 2, 2, 3 ];{}
207;[ 2, 2, 2, 3 ];{}
207;[ 2, 4, 6 ];{}
209;[ 2, 2, 2, 3 ];{}
209;[ 2, 4, 6 ];{}
21;[ 2, 3, 12 ];{}
29;[ 2, 2, 2, 3 ];{}
30;[ 2, 2, 2, 3 ];{}
31;[ 2, 2, 2, 3 ];{}
32;[ 2, 2, 2, 3 ];{}
33;[ 2, 2, 2, 3 ];{}
34;[ 2, 2, 2, 3 ];{}
35;[ 2, 2, 2, 3 ];{}
36;[ 2, 2, 2, 3 ];{}
37;[ 2, 2, 2, 3 ];{}
38;[ 2, 2, 2, 3 ];{}
39;[ 2, 2, 2, 3 ];{}
40;[ 2, 2, 2, 3 ];{}
53;[ 2, 3, 12 ];{}
54;[ 2, 3, 12 ];{}
55;[ 2, 3, 12 ];{}
57;[ 3, 3, 4 ];{}
9;[ 2, 3, 12 ];{}
