106;[ 2, 3, 12 ];{}
107;[ 2, 3, 12 ];{}
108;[ 2, 3, 12 ];{}
109;[ 2, 3, 12 ];{}
113;[ 2, 2, 2, 3 ];{}
113;[ 2, 4, 6 ];{}
114;[ 2, 2, 2, 3 ];{}
114;[ 2, 4, 6 ];{}
115;[ 2, 2, 2, 3 ];{}
115;[ 2, 3, 12 ];{}
115;[ 2, 4, 6 ];{}
116;[ 2, 2, 2, 3 ];{}
116;[ 2, 3, 12 ];{}
116;[ 2, 4, 6 ];{}
125;[ 2, 2, 2, 3 ];{}
125;[ 2, 4, 6 ];{}
126;[ 2, 2, 2, 3 ];{}
126;[ 2, 3, 12 ];{}
126;[ 2, 4, 6 ];{}
127;[ 2, 2, 2, 3 ];{}
127;[ 2, 3, 12 ];{}
127;[ 2, 4, 6 ];{}
128;[ 2, 2, 2, 3 ];{}
128;[ 2, 3, 12 ];{}
128;[ 2, 4, 6 ];{}
131;[ 2, 2, 2, 3 ];{}
131;[ 2, 3, 12 ];{}
131;[ 2, 4, 6 ];{}
132;[ 2, 2, 2, 3 ];{}
132;[ 2, 4, 6 ];{}
133;[ 2, 2, 2, 3 ];{}
133;[ 2, 3, 12 ];{}
133;[ 2, 4, 6 ];{}
135;[ 2, 3, 12 ];{}
136;[ 2, 3, 12 ];{}
138;[ 2, 3, 12 ];{}
138;[ 3, 3, 4 ];{}
139;[ 2, 3, 12 ];{}
141;[ 2, 3, 12 ];{}
143;[ 2, 3, 12 ];{}
149;[ 2, 3, 12 ];{}
15;[ 2, 2, 2, 3 ];{}
15;[ 2, 3, 36 ];{}
15;[ 2, 4, 9 ];{}
151;[ 2, 3, 12 ];{}
153;[ 2, 3, 12 ];{}
159;[ 2, 2, 2, 3 ];{}
159;[ 2, 3, 12 ];{}
159;[ 2, 4, 6 ];{}
161;[ 2, 2, 2, 3 ];{}
161;[ 2, 3, 12 ];{}
161;[ 2, 4, 6 ];{}
163;[ 2, 2, 2, 3 ];{}
163;[ 2, 4, 6 ];{}
168;[ 2, 3, 12 ];{}
169;[ 2, 3, 12 ];{[ $.1 * $.2 * $.5, $.1 * $.3^2 * $.4^12 * $.5, $.2^2 * $.3 * $.4^9 ]:[ $.1 * $.4^4, $.1 * $.2^2 * $.3^2 * $.4^8 * $.5 * $.6, $.2 * $.3 * $.4^6 * $.5 ]}
18;[ 2, 2, 2, 3 ];{}
18;[ 2, 3, 36 ];{}
18;[ 2, 4, 9 ];{}
185;[ 2, 2, 2, 3 ];{}
185;[ 2, 4, 6 ];{}
186;[ 2, 2, 2, 3 ];{}
186;[ 2, 4, 6 ];{}
188;[ 2, 2, 2, 3 ];{}
189;[ 2, 2, 2, 3 ];{}
191;[ 2, 3, 12 ];{}
193;[ 2, 2, 2, 3 ];{}
193;[ 2, 4, 6 ];{}
20;[ 2, 2, 2, 3 ];{}
20;[ 2, 4, 9 ];{}
21;[ 2, 2, 2, 3 ];{}
21;[ 2, 4, 9 ];{}
210;[ 2, 2, 2, 3 ];{}
212;[ 2, 2, 2, 3 ];{}
213;[ 2, 2, 2, 3 ];{}
221;[ 2, 2, 2, 3 ];{}
41;[ 2, 2, 2, 3 ];{}
41;[ 2, 4, 9 ];{}
58;[ 2, 2, 2, 3 ];{}
58;[ 2, 4, 6 ];{}
58;[ 2, 4, 9 ];{}
64;[ 2, 2, 2, 3 ];{}
70;[ 2, 2, 2, 3 ];{}
77;[ 2, 3, 12 ];{}
78;[ 2, 3, 12 ];{}
79;[ 2, 3, 12 ];{}
80;[ 2, 3, 12 ];{}
81;[ 2, 3, 12 ];{}
81;[ 3, 3, 4 ];{}
82;[ 2, 3, 12 ];{}
84;[ 2, 3, 12 ];{}
86;[ 2, 3, 12 ];{}
87;[ 2, 3, 12 ];{}
89;[ 2, 3, 12 ];{}
91;[ 2, 3, 12 ];{}
92;[ 2, 3, 12 ];{}
94;[ 2, 3, 12 ];{}
96;[ 2, 3, 12 ];{}
