1009;[ 2, 2, 2, 3 ];{}
1010;[ 2, 2, 2, 3 ];{}
1011;[ 2, 2, 2, 3 ];{}
1012;[ 2, 2, 2, 3 ];{}
1013;[ 2, 2, 2, 3 ];{}
1014;[ 2, 2, 2, 3 ];{}
1015;[ 2, 2, 2, 3 ];{}
1016;[ 2, 2, 2, 3 ];{}
1017;[ 2, 2, 2, 3 ];{}
1018;[ 2, 2, 2, 3 ];{}
1019;[ 2, 2, 2, 3 ];{}
1020;[ 2, 2, 2, 3 ];{}
1021;[ 2, 2, 2, 3 ];{}
1022;[ 2, 2, 2, 3 ];{}
1023;[ 2, 2, 2, 3 ];{}
1024;[ 2, 2, 2, 3 ];{}
1025;[ 2, 2, 2, 3 ];{}
1026;[ 2, 2, 2, 3 ];{}
1027;[ 2, 2, 2, 3 ];{}
1028;[ 2, 2, 2, 3 ];{}
1029;[ 2, 2, 2, 3 ];{}
1030;[ 2, 2, 2, 3 ];{}
1031;[ 2, 2, 2, 3 ];{}
1032;[ 2, 2, 2, 3 ];{}
1033;[ 2, 2, 2, 3 ];{}
1034;[ 2, 2, 2, 3 ];{}
1035;[ 2, 2, 2, 3 ];{}
1036;[ 2, 2, 2, 3 ];{}
1037;[ 2, 2, 2, 3 ];{}
1038;[ 2, 2, 2, 3 ];{}
1075;[ 2, 2, 2, 3 ];{}
1076;[ 2, 2, 2, 3 ];{}
1077;[ 2, 2, 2, 3 ];{}
1078;[ 2, 2, 2, 3 ];{}
1079;[ 2, 2, 2, 3 ];{}
1080;[ 2, 2, 2, 3 ];{}
1081;[ 2, 2, 2, 3 ];{}
1082;[ 2, 2, 2, 3 ];{}
1083;[ 2, 2, 2, 3 ];{}
1084;[ 2, 2, 2, 3 ];{}
1085;[ 2, 2, 2, 3 ];{}
1086;[ 2, 2, 2, 3 ];{}
10864;[ 2, 2, 2, 3 ];{}
10865;[ 2, 2, 2, 3 ];{}
10866;[ 2, 2, 2, 3 ];{}
10867;[ 2, 2, 2, 3 ];{}
10868;[ 2, 2, 2, 3 ];{}
10869;[ 2, 2, 2, 3 ];{}
1087;[ 2, 2, 2, 3 ];{}
10870;[ 2, 2, 2, 3 ];{}
10871;[ 2, 2, 2, 3 ];{}
10872;[ 2, 2, 2, 3 ];{}
10873;[ 2, 2, 2, 3 ];{}
10874;[ 2, 2, 2, 3 ];{}
10875;[ 2, 2, 2, 3 ];{}
10876;[ 2, 2, 2, 3 ];{}
10877;[ 2, 2, 2, 3 ];{}
10878;[ 2, 2, 2, 3 ];{}
10879;[ 2, 2, 2, 3 ];{}
1088;[ 2, 2, 2, 3 ];{}
10880;[ 2, 2, 2, 3 ];{}
10882;[ 2, 2, 2, 3 ];{}
10883;[ 2, 2, 2, 3 ];{}
10885;[ 2, 2, 2, 3 ];{}
10886;[ 2, 2, 2, 3 ];{}
10887;[ 2, 2, 2, 3 ];{}
10888;[ 2, 2, 2, 3 ];{}
10889;[ 2, 2, 2, 3 ];{}
1089;[ 2, 2, 2, 3 ];{}
10890;[ 2, 2, 2, 3 ];{}
10891;[ 2, 2, 2, 3 ];{}
10892;[ 2, 2, 2, 3 ];{}
1090;[ 2, 2, 2, 3 ];{}
1091;[ 2, 2, 2, 3 ];{}
1092;[ 2, 2, 2, 3 ];{}
1093;[ 2, 2, 2, 3 ];{}
1094;[ 2, 2, 2, 3 ];{}
10940;[ 2, 2, 2, 3 ];{}
10941;[ 2, 2, 2, 3 ];{}
10942;[ 2, 2, 2, 3 ];{}
10943;[ 2, 2, 2, 3 ];{}
10944;[ 2, 2, 2, 3 ];{}
10945;[ 2, 2, 2, 3 ];{}
10946;[ 2, 2, 2, 3 ];{}
10947;[ 2, 2, 2, 3 ];{}
10948;[ 2, 2, 2, 3 ];{}
10949;[ 2, 2, 2, 3 ];{}
1095;[ 2, 2, 2, 3 ];{}
10951;[ 2, 2, 2, 3 ];{}
10952;[ 2, 2, 2, 3 ];{}
10953;[ 2, 2, 2, 3 ];{}
10954;[ 2, 2, 2, 3 ];{}
10955;[ 2, 2, 2, 3 ];{}
10956;[ 2, 2, 2, 3 ];{}
10957;[ 2, 2, 2, 3 ];{}
10958;[ 2, 2, 2, 3 ];{}
10959;[ 2, 2, 2, 3 ];{}
1096;[ 2, 2, 2, 3 ];{}
10960;[ 2, 2, 2, 3 ];{}
10961;[ 2, 2, 2, 3 ];{}
10962;[ 2, 2, 2, 3 ];{}
10963;[ 2, 2, 2, 3 ];{}
10964;[ 2, 2, 2, 3 ];{}
10965;[ 2, 2, 2, 3 ];{}
10966;[ 2, 2, 2, 3 ];{}
10967;[ 2, 2, 2, 3 ];{}
10968;[ 2, 2, 2, 3 ];{}
10969;[ 2, 2, 2, 3 ];{}
1097;[ 2, 2, 2, 3 ];{}
10970;[ 2, 2, 2, 3 ];{}
10971;[ 2, 2, 2, 3 ];{}
10972;[ 2, 2, 2, 3 ];{}
10973;[ 2, 2, 2, 3 ];{}
10974;[ 2, 2, 2, 3 ];{}
10975;[ 2, 2, 2, 3 ];{}
10976;[ 2, 2, 2, 3 ];{}
10977;[ 2, 2, 2, 3 ];{}
10978;[ 2, 2, 2, 3 ];{}
10979;[ 2, 2, 2, 3 ];{}
1098;[ 2, 2, 2, 3 ];{}
10980;[ 2, 2, 2, 3 ];{}
10981;[ 2, 2, 2, 3 ];{}
10982;[ 2, 2, 2, 3 ];{}
10984;[ 2, 2, 2, 3 ];{}
10986;[ 2, 2, 2, 3 ];{}
10988;[ 2, 2, 2, 3 ];{}
10989;[ 2, 2, 2, 3 ];{}
1099;[ 2, 2, 2, 3 ];{}
10990;[ 2, 2, 2, 3 ];{}
10991;[ 2, 2, 2, 3 ];{}
10992;[ 2, 2, 2, 3 ];{}
10993;[ 2, 2, 2, 3 ];{}
10994;[ 2, 2, 2, 3 ];{}
10995;[ 2, 3, 12 ];{}
10996;[ 2, 3, 12 ];{}
10998;[ 2, 2, 2, 3 ];{}
10998;[ 2, 3, 10 ];{}
10998;[ 2, 3, 12 ];{}
10998;[ 2, 4, 6 ];{}
10999;[ 2, 2, 2, 3 ];{}
10999;[ 2, 3, 10 ];{}
10999;[ 2, 3, 12 ];{}
10999;[ 2, 4, 6 ];{}
1100;[ 2, 2, 2, 3 ];{}
1101;[ 2, 2, 2, 3 ];{}
1102;[ 2, 2, 2, 3 ];{}
1103;[ 2, 2, 2, 3 ];{}
1104;[ 2, 2, 2, 3 ];{}
1105;[ 2, 2, 2, 3 ];{}
1106;[ 2, 2, 2, 3 ];{}
1107;[ 2, 2, 2, 3 ];{}
1108;[ 2, 2, 2, 3 ];{}
11088;[ 2, 2, 2, 3 ];{}
1109;[ 2, 2, 2, 3 ];{}
11090;[ 2, 2, 2, 3 ];{}
11091;[ 2, 2, 2, 3 ];{}
11092;[ 2, 2, 2, 3 ];{}
11093;[ 2, 2, 2, 3 ];{}
11094;[ 2, 2, 2, 3 ];{}
11095;[ 2, 2, 2, 3 ];{}
11096;[ 2, 2, 2, 3 ];{}
11097;[ 2, 2, 2, 3 ];{}
11098;[ 2, 2, 2, 3 ];{}
11099;[ 2, 2, 2, 3 ];{}
1110;[ 2, 2, 2, 3 ];{}
11100;[ 2, 2, 2, 3 ];{}
11101;[ 2, 2, 2, 3 ];{}
11102;[ 2, 2, 2, 3 ];{}
11103;[ 2, 2, 2, 3 ];{}
11104;[ 2, 2, 2, 3 ];{}
11105;[ 2, 2, 2, 3 ];{}
11106;[ 2, 2, 2, 3 ];{}
11108;[ 2, 2, 2, 3 ];{}
1111;[ 2, 2, 2, 3 ];{}
11116;[ 2, 2, 2, 3 ];{}
11116;[ 2, 3, 10 ];{}
11116;[ 2, 3, 20 ];{}
11116;[ 2, 4, 6 ];{}
11117;[ 2, 2, 2, 3 ];{}
11117;[ 2, 3, 10 ];{}
11117;[ 2, 3, 20 ];{}
11117;[ 2, 4, 6 ];{}
11118;[ 2, 2, 2, 3 ];{}
11118;[ 2, 3, 10 ];{}
11118;[ 2, 3, 20 ];{}
11118;[ 2, 4, 6 ];{}
11119;[ 2, 2, 2, 3 ];{}
11119;[ 2, 3, 10 ];{}
11119;[ 2, 3, 20 ];{}
11119;[ 2, 4, 6 ];{}
1112;[ 2, 2, 2, 3 ];{}
11120;[ 2, 2, 2, 3 ];{}
11120;[ 2, 3, 10 ];{}
11120;[ 2, 3, 20 ];{}
11120;[ 2, 4, 6 ];{}
11121;[ 2, 2, 2, 3 ];{}
11121;[ 2, 3, 10 ];{}
11121;[ 2, 3, 20 ];{}
11121;[ 2, 4, 6 ];{}
1113;[ 2, 2, 2, 3 ];{}
1114;[ 2, 2, 2, 3 ];{}
11144;[ 2, 3, 12 ];{}
11146;[ 2, 3, 12 ];{}
1115;[ 2, 2, 2, 3 ];{}
1116;[ 2, 2, 2, 3 ];{}
1117;[ 2, 2, 2, 3 ];{}
1118;[ 2, 2, 2, 3 ];{}
1119;[ 2, 2, 2, 3 ];{}
1120;[ 2, 2, 2, 3 ];{}
1121;[ 2, 2, 2, 3 ];{}
1122;[ 2, 2, 2, 3 ];{}
1123;[ 2, 2, 2, 3 ];{}
1124;[ 2, 2, 2, 3 ];{}
1125;[ 2, 2, 2, 3 ];{}
1126;[ 2, 2, 2, 3 ];{}
1127;[ 2, 2, 2, 3 ];{}
1128;[ 2, 2, 2, 3 ];{}
1129;[ 2, 2, 2, 3 ];{}
1130;[ 2, 2, 2, 3 ];{}
1131;[ 2, 2, 2, 3 ];{}
11357;[ 2, 2, 2, 3 ];{}
11357;[ 3, 3, 4 ];{}
11358;[ 2, 2, 2, 3 ];{}
11358;[ 2, 4, 6 ];{}
11358;[ 3, 3, 4 ];{}
1136;[ 2, 2, 2, 3 ];{}
11364;[ 2, 2, 2, 3 ];{}
11364;[ 2, 3, 10 ];{}
11364;[ 2, 3, 12 ];{}
11364;[ 2, 4, 6 ];{}
1137;[ 2, 2, 2, 3 ];{}
11373;[ 2, 2, 2, 3 ];{}
11373;[ 2, 3, 10 ];{}
11373;[ 2, 3, 20 ];{}
11373;[ 2, 4, 6 ];{}
11374;[ 2, 3, 12 ];{}
11375;[ 2, 2, 2, 3 ];{}
11375;[ 2, 3, 10 ];{}
11375;[ 2, 4, 6 ];{}
1138;[ 2, 2, 2, 3 ];{}
11381;[ 2, 2, 2, 3 ];{}
11381;[ 2, 3, 10 ];{}
11381;[ 2, 4, 6 ];{}
1139;[ 2, 2, 2, 3 ];{}
1140;[ 2, 2, 2, 3 ];{}
1141;[ 2, 2, 2, 3 ];{}
1142;[ 2, 2, 2, 3 ];{}
1143;[ 2, 2, 2, 3 ];{}
1144;[ 2, 2, 2, 3 ];{}
1145;[ 2, 2, 2, 3 ];{}
1146;[ 2, 2, 2, 3 ];{}
1147;[ 2, 2, 2, 3 ];{}
1148;[ 2, 2, 2, 3 ];{}
1149;[ 2, 2, 2, 3 ];{}
1150;[ 2, 2, 2, 3 ];{}
1151;[ 2, 2, 2, 3 ];{}
1152;[ 2, 2, 2, 3 ];{}
1153;[ 2, 2, 2, 3 ];{}
1154;[ 2, 2, 2, 3 ];{}
1155;[ 2, 2, 2, 3 ];{}
1156;[ 2, 2, 2, 3 ];{}
1157;[ 2, 2, 2, 3 ];{}
1158;[ 2, 2, 2, 3 ];{}
1159;[ 2, 2, 2, 3 ];{}
1160;[ 2, 2, 2, 3 ];{}
1161;[ 2, 2, 2, 3 ];{}
1162;[ 2, 2, 2, 3 ];{}
1163;[ 2, 2, 2, 3 ];{}
1164;[ 2, 2, 2, 3 ];{}
1165;[ 2, 2, 2, 3 ];{}
1166;[ 2, 2, 2, 3 ];{}
1221;[ 2, 2, 2, 3 ];{}
1222;[ 2, 2, 2, 3 ];{}
1223;[ 2, 2, 2, 3 ];{}
1224;[ 2, 2, 2, 3 ];{}
1225;[ 2, 2, 2, 3 ];{}
1226;[ 2, 2, 2, 3 ];{}
1227;[ 2, 2, 2, 3 ];{}
1228;[ 2, 2, 2, 3 ];{}
1229;[ 2, 2, 2, 3 ];{}
1230;[ 2, 2, 2, 3 ];{}
1231;[ 2, 2, 2, 3 ];{}
1232;[ 2, 2, 2, 3 ];{}
1233;[ 2, 2, 2, 3 ];{}
1234;[ 2, 2, 2, 3 ];{}
1235;[ 2, 2, 2, 3 ];{}
1236;[ 2, 2, 2, 3 ];{}
1237;[ 2, 2, 2, 3 ];{}
1238;[ 2, 2, 2, 3 ];{}
1239;[ 2, 2, 2, 3 ];{}
1240;[ 2, 2, 2, 3 ];{}
1241;[ 2, 2, 2, 3 ];{}
1254;[ 2, 2, 2, 3 ];{}
1255;[ 2, 2, 2, 3 ];{}
1256;[ 2, 2, 2, 3 ];{}
1257;[ 2, 2, 2, 3 ];{}
1258;[ 2, 2, 2, 3 ];{}
1259;[ 2, 2, 2, 3 ];{}
1260;[ 2, 2, 2, 3 ];{}
1261;[ 2, 2, 2, 3 ];{}
1262;[ 2, 2, 2, 3 ];{}
1263;[ 2, 2, 2, 3 ];{}
1264;[ 2, 2, 2, 3 ];{}
1265;[ 2, 2, 2, 3 ];{}
1266;[ 2, 2, 2, 3 ];{}
1267;[ 2, 2, 2, 3 ];{}
1268;[ 2, 2, 2, 3 ];{}
1269;[ 2, 2, 2, 3 ];{}
1270;[ 2, 2, 2, 3 ];{}
1271;[ 2, 2, 2, 3 ];{}
1272;[ 2, 2, 2, 3 ];{}
1273;[ 2, 2, 2, 3 ];{}
1274;[ 2, 2, 2, 3 ];{}
1275;[ 2, 2, 2, 3 ];{}
1276;[ 2, 2, 2, 3 ];{}
1277;[ 2, 2, 2, 3 ];{}
1278;[ 2, 2, 2, 3 ];{}
1279;[ 2, 2, 2, 3 ];{}
1280;[ 2, 2, 2, 3 ];{}
1281;[ 2, 2, 2, 3 ];{}
1282;[ 2, 2, 2, 3 ];{}
1289;[ 2, 2, 2, 3 ];{}
1290;[ 2, 2, 2, 3 ];{}
1291;[ 2, 2, 2, 3 ];{}
1292;[ 2, 2, 2, 3 ];{}
1293;[ 2, 2, 2, 3 ];{}
1294;[ 2, 2, 2, 3 ];{}
1295;[ 2, 2, 2, 3 ];{}
1296;[ 2, 2, 2, 3 ];{}
1297;[ 2, 2, 2, 3 ];{}
1298;[ 2, 2, 2, 3 ];{}
1299;[ 2, 2, 2, 3 ];{}
13;[ 2, 2, 2, 3 ];{}
13;[ 2, 3, 32 ];{}
1300;[ 2, 2, 2, 3 ];{}
1309;[ 2, 2, 2, 3 ];{}
1310;[ 2, 2, 2, 3 ];{}
1311;[ 2, 2, 2, 3 ];{}
1312;[ 2, 2, 2, 3 ];{}
1313;[ 2, 2, 2, 3 ];{}
1314;[ 2, 2, 2, 3 ];{}
1315;[ 2, 2, 2, 3 ];{}
1316;[ 2, 2, 2, 3 ];{}
1317;[ 2, 2, 2, 3 ];{}
1318;[ 2, 2, 2, 3 ];{}
1319;[ 2, 2, 2, 3 ];{}
1320;[ 2, 2, 2, 3 ];{}
1327;[ 2, 2, 2, 3 ];{}
1328;[ 2, 2, 2, 3 ];{}
1329;[ 2, 2, 2, 3 ];{}
1330;[ 2, 2, 2, 3 ];{}
1331;[ 2, 2, 2, 3 ];{}
1332;[ 2, 2, 2, 3 ];{}
1333;[ 2, 2, 2, 3 ];{}
1334;[ 2, 2, 2, 3 ];{}
1335;[ 2, 2, 2, 3 ];{}
1336;[ 2, 2, 2, 3 ];{}
1337;[ 2, 2, 2, 3 ];{}
1338;[ 2, 2, 2, 3 ];{}
1339;[ 2, 2, 2, 3 ];{}
1340;[ 2, 2, 2, 3 ];{}
1341;[ 2, 2, 2, 3 ];{}
1342;[ 2, 2, 2, 3 ];{}
1343;[ 2, 2, 2, 3 ];{}
1344;[ 2, 2, 2, 3 ];{}
1345;[ 2, 2, 2, 3 ];{}
1346;[ 2, 2, 2, 3 ];{}
1347;[ 2, 2, 2, 3 ];{}
1348;[ 2, 2, 2, 3 ];{}
1349;[ 2, 2, 2, 3 ];{}
1350;[ 2, 2, 2, 3 ];{}
1351;[ 2, 2, 2, 3 ];{}
1352;[ 2, 2, 2, 3 ];{}
1353;[ 2, 2, 2, 3 ];{}
1354;[ 2, 2, 2, 3 ];{}
1355;[ 2, 2, 2, 3 ];{}
1356;[ 2, 2, 2, 3 ];{}
1357;[ 2, 2, 2, 3 ];{}
1358;[ 2, 2, 2, 3 ];{}
1359;[ 2, 2, 2, 3 ];{}
1360;[ 2, 2, 2, 3 ];{}
1361;[ 2, 2, 2, 3 ];{}
1362;[ 2, 2, 2, 3 ];{}
1363;[ 2, 2, 2, 3 ];{}
1364;[ 2, 2, 2, 3 ];{}
1365;[ 2, 2, 2, 3 ];{}
1366;[ 2, 2, 2, 3 ];{}
1367;[ 2, 2, 2, 3 ];{}
1368;[ 2, 2, 2, 3 ];{}
1369;[ 2, 2, 2, 3 ];{}
1370;[ 2, 2, 2, 3 ];{}
1371;[ 2, 2, 2, 3 ];{}
1372;[ 2, 2, 2, 3 ];{}
1373;[ 2, 2, 2, 3 ];{}
1374;[ 2, 2, 2, 3 ];{}
1375;[ 2, 2, 2, 3 ];{}
1376;[ 2, 2, 2, 3 ];{}
1377;[ 2, 2, 2, 3 ];{}
1378;[ 2, 2, 2, 3 ];{}
1379;[ 2, 2, 2, 3 ];{}
1380;[ 2, 2, 2, 3 ];{}
1381;[ 2, 2, 2, 3 ];{}
1382;[ 2, 2, 2, 3 ];{}
1387;[ 2, 2, 2, 3 ];{}
1388;[ 2, 2, 2, 3 ];{}
1389;[ 2, 2, 2, 3 ];{}
1390;[ 2, 2, 2, 3 ];{}
1391;[ 2, 2, 2, 3 ];{}
1392;[ 2, 2, 2, 3 ];{}
1393;[ 2, 2, 2, 3 ];{}
1394;[ 2, 2, 2, 3 ];{}
1395;[ 2, 2, 2, 3 ];{}
1396;[ 2, 2, 2, 3 ];{}
1397;[ 2, 2, 2, 3 ];{}
1398;[ 2, 2, 2, 3 ];{}
1399;[ 2, 2, 2, 3 ];{}
14;[ 2, 2, 2, 3 ];{}
14;[ 2, 3, 32 ];{}
1400;[ 2, 2, 2, 3 ];{}
1401;[ 2, 2, 2, 3 ];{}
1402;[ 2, 2, 2, 3 ];{}
1403;[ 2, 2, 2, 3 ];{}
1404;[ 2, 2, 2, 3 ];{}
1405;[ 2, 2, 2, 3 ];{}
1406;[ 2, 2, 2, 3 ];{}
1407;[ 2, 2, 2, 3 ];{}
1408;[ 2, 2, 2, 3 ];{}
1409;[ 2, 2, 2, 3 ];{}
1410;[ 2, 2, 2, 3 ];{}
1432;[ 2, 2, 2, 3 ];{}
1433;[ 2, 2, 2, 3 ];{}
1434;[ 2, 2, 2, 3 ];{}
1435;[ 2, 2, 2, 3 ];{}
1436;[ 2, 2, 2, 3 ];{}
1437;[ 2, 2, 2, 3 ];{}
1438;[ 2, 2, 2, 3 ];{}
1439;[ 2, 2, 2, 3 ];{}
1440;[ 2, 2, 2, 3 ];{}
1441;[ 2, 2, 2, 3 ];{}
1442;[ 2, 2, 2, 3 ];{}
1443;[ 2, 2, 2, 3 ];{}
1444;[ 2, 2, 2, 3 ];{}
1445;[ 2, 2, 2, 3 ];{}
1446;[ 2, 2, 2, 3 ];{}
1447;[ 2, 2, 2, 3 ];{}
1448;[ 2, 2, 2, 3 ];{}
1449;[ 2, 2, 2, 3 ];{}
1450;[ 2, 2, 2, 3 ];{}
1451;[ 2, 2, 2, 3 ];{}
1452;[ 2, 2, 2, 3 ];{}
1453;[ 2, 2, 2, 3 ];{}
1454;[ 2, 2, 2, 3 ];{}
1455;[ 2, 2, 2, 3 ];{}
1477;[ 2, 2, 2, 3 ];{}
1478;[ 2, 2, 2, 3 ];{}
1479;[ 2, 2, 2, 3 ];{}
1480;[ 2, 2, 2, 3 ];{}
1481;[ 2, 2, 2, 3 ];{}
1482;[ 2, 2, 2, 3 ];{}
1483;[ 2, 2, 2, 3 ];{}
1484;[ 2, 2, 2, 3 ];{}
1485;[ 2, 2, 2, 3 ];{}
1486;[ 2, 2, 2, 3 ];{}
1487;[ 2, 2, 2, 3 ];{}
1488;[ 2, 2, 2, 3 ];{}
1489;[ 2, 2, 2, 3 ];{}
1490;[ 2, 2, 2, 3 ];{}
1491;[ 2, 2, 2, 3 ];{}
1492;[ 2, 2, 2, 3 ];{}
1493;[ 2, 2, 2, 3 ];{}
1494;[ 2, 2, 2, 3 ];{}
1495;[ 2, 2, 2, 3 ];{}
1496;[ 2, 2, 2, 3 ];{}
1497;[ 2, 2, 2, 3 ];{}
1498;[ 2, 2, 2, 3 ];{}
1499;[ 2, 2, 2, 3 ];{}
15;[ 2, 2, 2, 3 ];{}
15;[ 2, 3, 32 ];{}
1500;[ 2, 2, 2, 3 ];{}
1501;[ 2, 2, 2, 3 ];{}
1502;[ 2, 2, 2, 3 ];{}
1503;[ 2, 2, 2, 3 ];{}
1504;[ 2, 2, 2, 3 ];{}
1505;[ 2, 2, 2, 3 ];{}
1506;[ 2, 2, 2, 3 ];{}
1507;[ 2, 2, 2, 3 ];{}
1508;[ 2, 2, 2, 3 ];{}
1509;[ 2, 2, 2, 3 ];{}
1510;[ 2, 2, 2, 3 ];{}
1511;[ 2, 2, 2, 3 ];{}
1512;[ 2, 2, 2, 3 ];{}
1513;[ 2, 2, 2, 3 ];{}
1514;[ 2, 2, 2, 3 ];{}
1515;[ 2, 2, 2, 3 ];{}
1516;[ 2, 2, 2, 3 ];{}
1517;[ 2, 2, 2, 3 ];{}
1518;[ 2, 2, 2, 3 ];{}
1519;[ 2, 2, 2, 3 ];{}
1520;[ 2, 2, 2, 3 ];{}
1521;[ 2, 2, 2, 3 ];{}
1522;[ 2, 2, 2, 3 ];{}
1523;[ 2, 2, 2, 3 ];{}
1524;[ 2, 2, 2, 3 ];{}
1525;[ 2, 2, 2, 3 ];{}
1526;[ 2, 2, 2, 3 ];{}
1527;[ 2, 2, 2, 3 ];{}
1528;[ 2, 2, 2, 3 ];{}
1529;[ 2, 2, 2, 3 ];{}
1530;[ 2, 2, 2, 3 ];{}
1531;[ 2, 2, 2, 3 ];{}
1532;[ 2, 2, 2, 3 ];{}
1533;[ 2, 2, 2, 3 ];{}
1534;[ 2, 2, 2, 3 ];{}
1535;[ 2, 2, 2, 3 ];{}
1536;[ 2, 2, 2, 3 ];{}
1537;[ 2, 2, 2, 3 ];{}
1538;[ 2, 2, 2, 3 ];{}
1539;[ 2, 2, 2, 3 ];{}
1540;[ 2, 2, 2, 3 ];{}
1541;[ 2, 2, 2, 3 ];{}
1542;[ 2, 2, 2, 3 ];{}
1543;[ 2, 2, 2, 3 ];{}
1544;[ 2, 2, 2, 3 ];{}
1545;[ 2, 2, 2, 3 ];{}
1546;[ 2, 2, 2, 3 ];{}
1547;[ 2, 2, 2, 3 ];{}
1548;[ 2, 2, 2, 3 ];{}
1549;[ 2, 2, 2, 3 ];{}
1550;[ 2, 2, 2, 3 ];{}
1551;[ 2, 2, 2, 3 ];{}
1552;[ 2, 2, 2, 3 ];{}
1553;[ 2, 2, 2, 3 ];{}
1554;[ 2, 2, 2, 3 ];{}
1555;[ 2, 2, 2, 3 ];{}
1556;[ 2, 2, 2, 3 ];{}
1557;[ 2, 2, 2, 3 ];{}
1558;[ 2, 2, 2, 3 ];{}
1559;[ 2, 2, 2, 3 ];{}
1560;[ 2, 2, 2, 3 ];{}
1561;[ 2, 2, 2, 3 ];{}
1562;[ 2, 2, 2, 3 ];{}
1563;[ 2, 2, 2, 3 ];{}
1564;[ 2, 2, 2, 3 ];{}
1565;[ 2, 2, 2, 3 ];{}
1566;[ 2, 2, 2, 3 ];{}
1567;[ 2, 2, 2, 3 ];{}
1568;[ 2, 2, 2, 3 ];{}
1569;[ 2, 2, 2, 3 ];{}
1570;[ 2, 2, 2, 3 ];{}
1571;[ 2, 2, 2, 3 ];{}
1572;[ 2, 2, 2, 3 ];{}
1573;[ 2, 2, 2, 3 ];{}
1574;[ 2, 2, 2, 3 ];{}
1575;[ 2, 2, 2, 3 ];{}
1576;[ 2, 2, 2, 3 ];{}
1577;[ 2, 2, 2, 3 ];{}
1578;[ 2, 2, 2, 3 ];{}
1579;[ 2, 2, 2, 3 ];{}
1580;[ 2, 2, 2, 3 ];{}
1581;[ 2, 2, 2, 3 ];{}
1582;[ 2, 2, 2, 3 ];{}
1583;[ 2, 2, 2, 3 ];{}
1584;[ 2, 2, 2, 3 ];{}
1585;[ 2, 2, 2, 3 ];{}
1586;[ 2, 2, 2, 3 ];{}
1587;[ 2, 2, 2, 3 ];{}
1588;[ 2, 2, 2, 3 ];{}
1589;[ 2, 2, 2, 3 ];{}
1590;[ 2, 2, 2, 3 ];{}
1591;[ 2, 2, 2, 3 ];{}
1592;[ 2, 2, 2, 3 ];{}
1593;[ 2, 2, 2, 3 ];{}
1594;[ 2, 2, 2, 3 ];{}
1595;[ 2, 2, 2, 3 ];{}
1596;[ 2, 2, 2, 3 ];{}
1597;[ 2, 2, 2, 3 ];{}
1598;[ 2, 2, 2, 3 ];{}
1599;[ 2, 2, 2, 3 ];{}
16;[ 2, 2, 2, 3 ];{}
16;[ 2, 3, 32 ];{}
1600;[ 2, 2, 2, 3 ];{}
1601;[ 2, 2, 2, 3 ];{}
1602;[ 2, 2, 2, 3 ];{}
1603;[ 2, 2, 2, 3 ];{}
1604;[ 2, 2, 2, 3 ];{}
1605;[ 2, 2, 2, 3 ];{}
1606;[ 2, 2, 2, 3 ];{}
1607;[ 2, 2, 2, 3 ];{}
1608;[ 2, 2, 2, 3 ];{}
1609;[ 2, 2, 2, 3 ];{}
1610;[ 2, 2, 2, 3 ];{}
1611;[ 2, 2, 2, 3 ];{}
1612;[ 2, 2, 2, 3 ];{}
1613;[ 2, 2, 2, 3 ];{}
1614;[ 2, 2, 2, 3 ];{}
1615;[ 2, 2, 2, 3 ];{}
1616;[ 2, 2, 2, 3 ];{}
1617;[ 2, 2, 2, 3 ];{}
1618;[ 2, 2, 2, 3 ];{}
1619;[ 2, 2, 2, 3 ];{}
1620;[ 2, 2, 2, 3 ];{}
1621;[ 2, 2, 2, 3 ];{}
1622;[ 2, 2, 2, 3 ];{}
1623;[ 2, 2, 2, 3 ];{}
1624;[ 2, 2, 2, 3 ];{}
1637;[ 2, 2, 2, 3 ];{}
1638;[ 2, 2, 2, 3 ];{}
1639;[ 2, 2, 2, 3 ];{}
1640;[ 2, 2, 2, 3 ];{}
1641;[ 2, 2, 2, 3 ];{}
1642;[ 2, 2, 2, 3 ];{}
1643;[ 2, 2, 2, 3 ];{}
1644;[ 2, 2, 2, 3 ];{}
1645;[ 2, 2, 2, 3 ];{}
1646;[ 2, 2, 2, 3 ];{}
1655;[ 2, 2, 2, 3 ];{}
1656;[ 2, 2, 2, 3 ];{}
1657;[ 2, 2, 2, 3 ];{}
1658;[ 2, 2, 2, 3 ];{}
1659;[ 2, 2, 2, 3 ];{}
1660;[ 2, 2, 2, 3 ];{}
1661;[ 2, 2, 2, 3 ];{}
1662;[ 2, 2, 2, 3 ];{}
1675;[ 2, 2, 2, 3 ];{}
1676;[ 2, 2, 2, 3 ];{}
1677;[ 2, 2, 2, 3 ];{}
1678;[ 2, 2, 2, 3 ];{}
1679;[ 2, 2, 2, 3 ];{}
1680;[ 2, 2, 2, 3 ];{}
1687;[ 2, 2, 2, 3 ];{}
1688;[ 2, 2, 2, 3 ];{}
1689;[ 2, 2, 2, 3 ];{}
1690;[ 2, 2, 2, 3 ];{}
1691;[ 2, 2, 2, 3 ];{}
1692;[ 2, 2, 2, 3 ];{}
17;[ 2, 2, 2, 3 ];{}
17;[ 2, 3, 32 ];{}
1705;[ 2, 2, 2, 3 ];{}
1706;[ 2, 2, 2, 3 ];{}
1707;[ 2, 2, 2, 3 ];{}
1708;[ 2, 2, 2, 3 ];{}
1709;[ 2, 2, 2, 3 ];{}
1710;[ 2, 2, 2, 3 ];{}
1711;[ 2, 2, 2, 3 ];{}
1712;[ 2, 2, 2, 3 ];{}
1713;[ 2, 2, 2, 3 ];{}
1714;[ 2, 2, 2, 3 ];{}
1715;[ 2, 2, 2, 3 ];{}
1716;[ 2, 2, 2, 3 ];{}
1732;[ 2, 2, 2, 3 ];{}
1733;[ 2, 2, 2, 3 ];{}
1734;[ 2, 2, 2, 3 ];{}
1735;[ 2, 2, 2, 3 ];{}
1736;[ 2, 2, 2, 3 ];{}
1737;[ 2, 2, 2, 3 ];{}
1738;[ 2, 2, 2, 3 ];{}
1739;[ 2, 2, 2, 3 ];{}
1740;[ 2, 2, 2, 3 ];{}
1741;[ 2, 2, 2, 3 ];{}
1742;[ 2, 2, 2, 3 ];{}
1743;[ 2, 2, 2, 3 ];{}
1744;[ 2, 2, 2, 3 ];{}
1745;[ 2, 2, 2, 3 ];{}
1746;[ 2, 2, 2, 3 ];{}
1747;[ 2, 2, 2, 3 ];{}
1748;[ 2, 2, 2, 3 ];{}
1749;[ 2, 2, 2, 3 ];{}
1750;[ 2, 2, 2, 3 ];{}
1751;[ 2, 2, 2, 3 ];{}
1752;[ 2, 2, 2, 3 ];{}
1753;[ 2, 2, 2, 3 ];{}
1754;[ 2, 2, 2, 3 ];{}
1755;[ 2, 2, 2, 3 ];{}
1756;[ 2, 2, 2, 3 ];{}
1757;[ 2, 2, 2, 3 ];{}
1758;[ 2, 2, 2, 3 ];{}
1765;[ 2, 2, 2, 3 ];{}
1766;[ 2, 2, 2, 3 ];{}
1767;[ 2, 2, 2, 3 ];{}
1768;[ 2, 2, 2, 3 ];{}
18;[ 2, 2, 2, 3 ];{}
18;[ 2, 3, 32 ];{}
1806;[ 2, 2, 2, 3 ];{}
1807;[ 2, 2, 2, 3 ];{}
1808;[ 2, 2, 2, 3 ];{}
1809;[ 2, 2, 2, 3 ];{}
1811;[ 2, 2, 2, 3 ];{}
1812;[ 2, 2, 2, 3 ];{}
1815;[ 2, 2, 2, 3 ];{}
1816;[ 2, 2, 2, 3 ];{}
1818;[ 2, 2, 2, 3 ];{}
1819;[ 2, 2, 2, 3 ];{}
1820;[ 2, 2, 2, 3 ];{}
1822;[ 2, 2, 2, 3 ];{}
1824;[ 2, 2, 2, 3 ];{}
1826;[ 2, 2, 2, 3 ];{}
1828;[ 2, 2, 2, 3 ];{}
1829;[ 2, 2, 2, 3 ];{}
1830;[ 2, 2, 2, 3 ];{}
1832;[ 2, 2, 2, 3 ];{}
1834;[ 2, 2, 2, 3 ];{}
1836;[ 2, 2, 2, 3 ];{}
1864;[ 2, 2, 2, 3 ];{}
1865;[ 2, 2, 2, 3 ];{}
1868;[ 2, 2, 2, 3 ];{}
1869;[ 2, 2, 2, 3 ];{}
1870;[ 2, 2, 2, 3 ];{}
1871;[ 2, 2, 2, 3 ];{}
1872;[ 2, 2, 2, 3 ];{}
1873;[ 2, 2, 2, 3 ];{}
1875;[ 2, 2, 2, 3 ];{}
1876;[ 2, 2, 2, 3 ];{}
1878;[ 2, 2, 2, 3 ];{}
1879;[ 2, 2, 2, 3 ];{}
1880;[ 2, 2, 2, 3 ];{}
1881;[ 2, 2, 2, 3 ];{}
1883;[ 2, 2, 2, 3 ];{}
1884;[ 2, 2, 2, 3 ];{}
1886;[ 2, 2, 2, 3 ];{}
1887;[ 2, 2, 2, 3 ];{}
19;[ 2, 2, 2, 3 ];{}
19;[ 2, 3, 32 ];{}
1944;[ 2, 2, 2, 3 ];{}
1945;[ 2, 2, 2, 3 ];{}
1946;[ 2, 2, 2, 3 ];{}
1947;[ 2, 2, 2, 3 ];{}
1948;[ 2, 2, 2, 3 ];{}
1949;[ 2, 2, 2, 3 ];{}
1950;[ 2, 2, 2, 3 ];{}
1951;[ 2, 2, 2, 3 ];{}
1953;[ 2, 2, 2, 3 ];{}
1954;[ 2, 2, 2, 3 ];{}
1956;[ 2, 2, 2, 3 ];{}
1957;[ 2, 2, 2, 3 ];{}
1959;[ 2, 2, 2, 3 ];{}
1960;[ 2, 2, 2, 3 ];{}
1962;[ 2, 2, 2, 3 ];{}
1963;[ 2, 2, 2, 3 ];{}
1965;[ 2, 2, 2, 3 ];{}
1966;[ 2, 2, 2, 3 ];{}
1968;[ 2, 2, 2, 3 ];{}
1969;[ 2, 2, 2, 3 ];{}
1971;[ 2, 2, 2, 3 ];{}
1972;[ 2, 2, 2, 3 ];{}
1974;[ 2, 2, 2, 3 ];{}
1975;[ 2, 2, 2, 3 ];{}
1976;[ 2, 2, 2, 3 ];{}
1977;[ 2, 2, 2, 3 ];{}
1978;[ 2, 2, 2, 3 ];{}
1979;[ 2, 2, 2, 3 ];{}
1980;[ 2, 2, 2, 3 ];{}
1981;[ 2, 2, 2, 3 ];{}
1982;[ 2, 2, 2, 3 ];{}
1985;[ 2, 2, 2, 3 ];{}
1986;[ 2, 2, 2, 3 ];{}
1989;[ 2, 2, 2, 3 ];{}
1992;[ 2, 2, 2, 3 ];{}
1993;[ 2, 2, 2, 3 ];{}
1996;[ 2, 2, 2, 3 ];{}
1997;[ 2, 2, 2, 3 ];{}
1998;[ 2, 2, 2, 3 ];{}
1999;[ 2, 2, 2, 3 ];{}
20;[ 2, 2, 2, 3 ];{}
20;[ 2, 3, 32 ];{}
2000;[ 2, 2, 2, 3 ];{}
2003;[ 2, 2, 2, 3 ];{}
2006;[ 2, 2, 2, 3 ];{}
2009;[ 2, 2, 2, 3 ];{}
2012;[ 2, 2, 2, 3 ];{}
2031;[ 2, 2, 2, 3 ];{}
2032;[ 2, 2, 2, 3 ];{}
2033;[ 2, 2, 2, 3 ];{}
2034;[ 2, 2, 2, 3 ];{}
2035;[ 2, 2, 2, 3 ];{}
2036;[ 2, 2, 2, 3 ];{}
2037;[ 2, 2, 2, 3 ];{}
2038;[ 2, 2, 2, 3 ];{}
2039;[ 2, 2, 2, 3 ];{}
2040;[ 2, 2, 2, 3 ];{}
2041;[ 2, 2, 2, 3 ];{}
2042;[ 2, 2, 2, 3 ];{}
2043;[ 2, 2, 2, 3 ];{}
2044;[ 2, 2, 2, 3 ];{}
2047;[ 2, 2, 2, 3 ];{}
2048;[ 2, 2, 2, 3 ];{}
2050;[ 2, 2, 2, 3 ];{}
2052;[ 2, 2, 2, 3 ];{}
2053;[ 2, 2, 2, 3 ];{}
2054;[ 2, 2, 2, 3 ];{}
2055;[ 2, 2, 2, 3 ];{}
2056;[ 2, 2, 2, 3 ];{}
2057;[ 2, 2, 2, 3 ];{}
2058;[ 2, 2, 2, 3 ];{}
2059;[ 2, 2, 2, 3 ];{}
2060;[ 2, 2, 2, 3 ];{}
2061;[ 2, 2, 2, 3 ];{}
2062;[ 2, 2, 2, 3 ];{}
2063;[ 2, 2, 2, 3 ];{}
2066;[ 2, 2, 2, 3 ];{}
2067;[ 2, 2, 2, 3 ];{}
2069;[ 2, 2, 2, 3 ];{}
2070;[ 2, 2, 2, 3 ];{}
2072;[ 2, 2, 2, 3 ];{}
2073;[ 2, 2, 2, 3 ];{}
2074;[ 2, 2, 2, 3 ];{}
2075;[ 2, 2, 2, 3 ];{}
2076;[ 2, 2, 2, 3 ];{}
2077;[ 2, 2, 2, 3 ];{}
2080;[ 2, 2, 2, 3 ];{}
2082;[ 2, 2, 2, 3 ];{}
2084;[ 2, 2, 2, 3 ];{}
2085;[ 2, 2, 2, 3 ];{}
2086;[ 2, 2, 2, 3 ];{}
2087;[ 2, 2, 2, 3 ];{}
2088;[ 2, 2, 2, 3 ];{}
2089;[ 2, 2, 2, 3 ];{}
2090;[ 2, 2, 2, 3 ];{}
2091;[ 2, 2, 2, 3 ];{}
2092;[ 2, 2, 2, 3 ];{}
2093;[ 2, 2, 2, 3 ];{}
2094;[ 2, 2, 2, 3 ];{}
2095;[ 2, 2, 2, 3 ];{}
2096;[ 2, 2, 2, 3 ];{}
2097;[ 2, 2, 2, 3 ];{}
2098;[ 2, 2, 2, 3 ];{}
2099;[ 2, 2, 2, 3 ];{}
21;[ 2, 2, 2, 3 ];{}
21;[ 2, 3, 32 ];{}
2100;[ 2, 2, 2, 3 ];{}
2101;[ 2, 2, 2, 3 ];{}
2102;[ 2, 2, 2, 3 ];{}
2103;[ 2, 2, 2, 3 ];{}
2104;[ 2, 2, 2, 3 ];{}
2105;[ 2, 2, 2, 3 ];{}
2106;[ 2, 2, 2, 3 ];{}
2107;[ 2, 2, 2, 3 ];{}
2108;[ 2, 2, 2, 3 ];{}
2109;[ 2, 2, 2, 3 ];{}
2110;[ 2, 2, 2, 3 ];{}
2111;[ 2, 2, 2, 3 ];{}
2112;[ 2, 2, 2, 3 ];{}
2113;[ 2, 2, 2, 3 ];{}
2114;[ 2, 2, 2, 3 ];{}
2115;[ 2, 2, 2, 3 ];{}
2116;[ 2, 2, 2, 3 ];{}
2117;[ 2, 2, 2, 3 ];{}
2118;[ 2, 2, 2, 3 ];{}
2119;[ 2, 2, 2, 3 ];{}
2120;[ 2, 2, 2, 3 ];{}
2121;[ 2, 2, 2, 3 ];{}
2122;[ 2, 2, 2, 3 ];{}
2123;[ 2, 2, 2, 3 ];{}
2124;[ 2, 2, 2, 3 ];{}
2125;[ 2, 2, 2, 3 ];{}
2126;[ 2, 2, 2, 3 ];{}
2127;[ 2, 2, 2, 3 ];{}
2128;[ 2, 2, 2, 3 ];{}
2129;[ 2, 2, 2, 3 ];{}
2130;[ 2, 2, 2, 3 ];{}
2131;[ 2, 2, 2, 3 ];{}
2132;[ 2, 2, 2, 3 ];{}
2133;[ 2, 2, 2, 3 ];{}
2134;[ 2, 2, 2, 3 ];{}
2135;[ 2, 2, 2, 3 ];{}
2136;[ 2, 2, 2, 3 ];{}
2137;[ 2, 2, 2, 3 ];{}
2138;[ 2, 2, 2, 3 ];{}
2139;[ 2, 2, 2, 3 ];{}
2140;[ 2, 2, 2, 3 ];{}
2141;[ 2, 2, 2, 3 ];{}
2142;[ 2, 2, 2, 3 ];{}
2143;[ 2, 2, 2, 3 ];{}
2144;[ 2, 2, 2, 3 ];{}
2145;[ 2, 2, 2, 3 ];{}
2146;[ 2, 2, 2, 3 ];{}
2147;[ 2, 2, 2, 3 ];{}
2148;[ 2, 2, 2, 3 ];{}
2149;[ 2, 2, 2, 3 ];{}
2150;[ 2, 2, 2, 3 ];{}
2151;[ 2, 2, 2, 3 ];{}
2152;[ 2, 2, 2, 3 ];{}
2153;[ 2, 2, 2, 3 ];{}
2154;[ 2, 2, 2, 3 ];{}
2155;[ 2, 2, 2, 3 ];{}
2156;[ 2, 2, 2, 3 ];{}
2157;[ 2, 2, 2, 3 ];{}
2158;[ 2, 2, 2, 3 ];{}
2159;[ 2, 2, 2, 3 ];{}
2160;[ 2, 2, 2, 3 ];{}
2161;[ 2, 2, 2, 3 ];{}
2162;[ 2, 2, 2, 3 ];{}
2163;[ 2, 2, 2, 3 ];{}
2164;[ 2, 2, 2, 3 ];{}
2165;[ 2, 2, 2, 3 ];{}
2166;[ 2, 2, 2, 3 ];{}
2167;[ 2, 2, 2, 3 ];{}
2168;[ 2, 2, 2, 3 ];{}
2169;[ 2, 2, 2, 3 ];{}
2170;[ 2, 2, 2, 3 ];{}
2171;[ 2, 2, 2, 3 ];{}
2172;[ 2, 2, 2, 3 ];{}
2173;[ 2, 2, 2, 3 ];{}
2174;[ 2, 2, 2, 3 ];{}
2175;[ 2, 2, 2, 3 ];{}
2176;[ 2, 2, 2, 3 ];{}
2177;[ 2, 2, 2, 3 ];{}
2178;[ 2, 2, 2, 3 ];{}
2179;[ 2, 2, 2, 3 ];{}
2180;[ 2, 2, 2, 3 ];{}
2181;[ 2, 2, 2, 3 ];{}
2182;[ 2, 2, 2, 3 ];{}
2183;[ 2, 2, 2, 3 ];{}
2184;[ 2, 2, 2, 3 ];{}
2185;[ 2, 2, 2, 3 ];{}
2186;[ 2, 2, 2, 3 ];{}
2187;[ 2, 2, 2, 3 ];{}
2188;[ 2, 2, 2, 3 ];{}
2189;[ 2, 2, 2, 3 ];{}
2190;[ 2, 2, 2, 3 ];{}
2191;[ 2, 2, 2, 3 ];{}
2192;[ 2, 2, 2, 3 ];{}
2193;[ 2, 2, 2, 3 ];{}
2194;[ 2, 2, 2, 3 ];{}
2195;[ 2, 2, 2, 3 ];{}
2196;[ 2, 2, 2, 3 ];{}
2197;[ 2, 2, 2, 3 ];{}
2198;[ 2, 2, 2, 3 ];{}
2199;[ 2, 2, 2, 3 ];{}
22;[ 2, 2, 2, 3 ];{}
22;[ 2, 3, 32 ];{}
2200;[ 2, 2, 2, 3 ];{}
2201;[ 2, 2, 2, 3 ];{}
2202;[ 2, 2, 2, 3 ];{}
2203;[ 2, 2, 2, 3 ];{}
2204;[ 2, 2, 2, 3 ];{}
2205;[ 2, 2, 2, 3 ];{}
2206;[ 2, 2, 2, 3 ];{}
2207;[ 2, 2, 2, 3 ];{}
2208;[ 2, 2, 2, 3 ];{}
2209;[ 2, 2, 2, 3 ];{}
2210;[ 2, 2, 2, 3 ];{}
2211;[ 2, 2, 2, 3 ];{}
2212;[ 2, 2, 2, 3 ];{}
2213;[ 2, 2, 2, 3 ];{}
2214;[ 2, 2, 2, 3 ];{}
2215;[ 2, 2, 2, 3 ];{}
2216;[ 2, 2, 2, 3 ];{}
2217;[ 2, 2, 2, 3 ];{}
2218;[ 2, 2, 2, 3 ];{}
2219;[ 2, 2, 2, 3 ];{}
2220;[ 2, 2, 2, 3 ];{}
2221;[ 2, 2, 2, 3 ];{}
2222;[ 2, 2, 2, 3 ];{}
2223;[ 2, 2, 2, 3 ];{}
2224;[ 2, 2, 2, 3 ];{}
2225;[ 2, 2, 2, 3 ];{}
2226;[ 2, 2, 2, 3 ];{}
2227;[ 2, 2, 2, 3 ];{}
2228;[ 2, 2, 2, 3 ];{}
2229;[ 2, 2, 2, 3 ];{}
2230;[ 2, 2, 2, 3 ];{}
2231;[ 2, 2, 2, 3 ];{}
2232;[ 2, 2, 2, 3 ];{}
2233;[ 2, 2, 2, 3 ];{}
2234;[ 2, 2, 2, 3 ];{}
2235;[ 2, 2, 2, 3 ];{}
2236;[ 2, 2, 2, 3 ];{}
2275;[ 2, 2, 2, 3 ];{}
2276;[ 2, 2, 2, 3 ];{}
2277;[ 2, 2, 2, 3 ];{}
2278;[ 2, 2, 2, 3 ];{}
2279;[ 2, 2, 2, 3 ];{}
2280;[ 2, 2, 2, 3 ];{}
2281;[ 2, 2, 2, 3 ];{}
2282;[ 2, 2, 2, 3 ];{}
2283;[ 2, 2, 2, 3 ];{}
2284;[ 2, 2, 2, 3 ];{}
2285;[ 2, 2, 2, 3 ];{}
2286;[ 2, 2, 2, 3 ];{}
2287;[ 2, 2, 2, 3 ];{}
2288;[ 2, 2, 2, 3 ];{}
2289;[ 2, 2, 2, 3 ];{}
2290;[ 2, 2, 2, 3 ];{}
2291;[ 2, 2, 2, 3 ];{}
2292;[ 2, 2, 2, 3 ];{}
23;[ 2, 2, 2, 3 ];{}
23;[ 2, 3, 32 ];{}
2305;[ 2, 2, 2, 3 ];{}
2306;[ 2, 2, 2, 3 ];{}
2307;[ 2, 2, 2, 3 ];{}
2308;[ 2, 2, 2, 3 ];{}
2309;[ 2, 2, 2, 3 ];{}
2310;[ 2, 2, 2, 3 ];{}
2311;[ 2, 2, 2, 3 ];{}
2312;[ 2, 2, 2, 3 ];{}
2313;[ 2, 2, 2, 3 ];{}
2314;[ 2, 2, 2, 3 ];{}
2315;[ 2, 2, 2, 3 ];{}
2316;[ 2, 2, 2, 3 ];{}
2319;[ 2, 2, 2, 3 ];{}
2320;[ 2, 2, 2, 3 ];{}
2321;[ 2, 2, 2, 3 ];{}
2322;[ 2, 2, 2, 3 ];{}
2323;[ 2, 2, 2, 3 ];{}
2324;[ 2, 2, 2, 3 ];{}
2325;[ 2, 2, 2, 3 ];{}
2326;[ 2, 2, 2, 3 ];{}
2327;[ 2, 2, 2, 3 ];{}
2328;[ 2, 2, 2, 3 ];{}
2342;[ 2, 2, 2, 3 ];{}
2343;[ 2, 2, 2, 3 ];{}
2344;[ 2, 2, 2, 3 ];{}
2345;[ 2, 2, 2, 3 ];{}
2346;[ 2, 2, 2, 3 ];{}
2347;[ 2, 2, 2, 3 ];{}
2348;[ 2, 2, 2, 3 ];{}
2349;[ 2, 2, 2, 3 ];{}
2350;[ 2, 2, 2, 3 ];{}
2351;[ 2, 2, 2, 3 ];{}
2352;[ 2, 2, 2, 3 ];{}
2353;[ 2, 2, 2, 3 ];{}
2354;[ 2, 2, 2, 3 ];{}
2355;[ 2, 2, 2, 3 ];{}
2356;[ 2, 2, 2, 3 ];{}
2357;[ 2, 2, 2, 3 ];{}
2358;[ 2, 2, 2, 3 ];{}
2359;[ 2, 2, 2, 3 ];{}
2360;[ 2, 2, 2, 3 ];{}
2361;[ 2, 2, 2, 3 ];{}
2362;[ 2, 2, 2, 3 ];{}
2373;[ 2, 2, 2, 3 ];{}
2374;[ 2, 2, 2, 3 ];{}
2375;[ 2, 2, 2, 3 ];{}
2376;[ 2, 2, 2, 3 ];{}
2377;[ 2, 2, 2, 3 ];{}
2378;[ 2, 2, 2, 3 ];{}
2379;[ 2, 2, 2, 3 ];{}
2380;[ 2, 2, 2, 3 ];{}
2381;[ 2, 2, 2, 3 ];{}
2382;[ 2, 2, 2, 3 ];{}
2383;[ 2, 2, 2, 3 ];{}
2384;[ 2, 2, 2, 3 ];{}
2385;[ 2, 2, 2, 3 ];{}
2386;[ 2, 2, 2, 3 ];{}
2387;[ 2, 2, 2, 3 ];{}
2388;[ 2, 2, 2, 3 ];{}
2389;[ 2, 2, 2, 3 ];{}
2390;[ 2, 2, 2, 3 ];{}
2391;[ 2, 2, 2, 3 ];{}
2392;[ 2, 2, 2, 3 ];{}
2393;[ 2, 2, 2, 3 ];{}
2394;[ 2, 2, 2, 3 ];{}
2395;[ 2, 2, 2, 3 ];{}
2396;[ 2, 2, 2, 3 ];{}
24;[ 2, 2, 2, 3 ];{}
24;[ 2, 3, 32 ];{}
2405;[ 2, 2, 2, 3 ];{}
2406;[ 2, 2, 2, 3 ];{}
2407;[ 2, 2, 2, 3 ];{}
2408;[ 2, 2, 2, 3 ];{}
2409;[ 2, 2, 2, 3 ];{}
2410;[ 2, 2, 2, 3 ];{}
2411;[ 2, 2, 2, 3 ];{}
2412;[ 2, 2, 2, 3 ];{}
2413;[ 2, 2, 2, 3 ];{}
2414;[ 2, 2, 2, 3 ];{}
2415;[ 2, 2, 2, 3 ];{}
2416;[ 2, 2, 2, 3 ];{}
2435;[ 2, 2, 2, 3 ];{}
2436;[ 2, 2, 2, 3 ];{}
2437;[ 2, 2, 2, 3 ];{}
2438;[ 2, 2, 2, 3 ];{}
2439;[ 2, 2, 2, 3 ];{}
2440;[ 2, 2, 2, 3 ];{}
2441;[ 2, 2, 2, 3 ];{}
2442;[ 2, 2, 2, 3 ];{}
2443;[ 2, 2, 2, 3 ];{}
2444;[ 2, 2, 2, 3 ];{}
2445;[ 2, 2, 2, 3 ];{}
2446;[ 2, 2, 2, 3 ];{}
2447;[ 2, 2, 2, 3 ];{}
2448;[ 2, 2, 2, 3 ];{}
2449;[ 2, 2, 2, 3 ];{}
2450;[ 2, 2, 2, 3 ];{}
2451;[ 2, 2, 2, 3 ];{}
2452;[ 2, 2, 2, 3 ];{}
2453;[ 2, 2, 2, 3 ];{}
2454;[ 2, 2, 2, 3 ];{}
2455;[ 2, 2, 2, 3 ];{}
2456;[ 2, 2, 2, 3 ];{}
2457;[ 2, 2, 2, 3 ];{}
2458;[ 2, 2, 2, 3 ];{}
2459;[ 2, 2, 2, 3 ];{}
2460;[ 2, 2, 2, 3 ];{}
2461;[ 2, 2, 2, 3 ];{}
2462;[ 2, 2, 2, 3 ];{}
2463;[ 2, 2, 2, 3 ];{}
2464;[ 2, 2, 2, 3 ];{}
2465;[ 2, 2, 2, 3 ];{}
2466;[ 2, 2, 2, 3 ];{}
2467;[ 2, 2, 2, 3 ];{}
2468;[ 2, 2, 2, 3 ];{}
2469;[ 2, 2, 2, 3 ];{}
2470;[ 2, 2, 2, 3 ];{}
2471;[ 2, 2, 2, 3 ];{}
2472;[ 2, 2, 2, 3 ];{}
2473;[ 2, 2, 2, 3 ];{}
2474;[ 2, 2, 2, 3 ];{}
2475;[ 2, 2, 2, 3 ];{}
2476;[ 2, 2, 2, 3 ];{}
2477;[ 2, 2, 2, 3 ];{}
2478;[ 2, 2, 2, 3 ];{}
2479;[ 2, 2, 2, 3 ];{}
2480;[ 2, 2, 2, 3 ];{}
2481;[ 2, 2, 2, 3 ];{}
2482;[ 2, 2, 2, 3 ];{}
2483;[ 2, 2, 2, 3 ];{}
2484;[ 2, 2, 2, 3 ];{}
2485;[ 2, 2, 2, 3 ];{}
2486;[ 2, 2, 2, 3 ];{}
2487;[ 2, 2, 2, 3 ];{}
2488;[ 2, 2, 2, 3 ];{}
2489;[ 2, 2, 2, 3 ];{}
2490;[ 2, 2, 2, 3 ];{}
2491;[ 2, 2, 2, 3 ];{}
2492;[ 2, 2, 2, 3 ];{}
2493;[ 2, 2, 2, 3 ];{}
2494;[ 2, 2, 2, 3 ];{}
2495;[ 2, 2, 2, 3 ];{}
2496;[ 2, 2, 2, 3 ];{}
2497;[ 2, 2, 2, 3 ];{}
2498;[ 2, 2, 2, 3 ];{}
2499;[ 2, 2, 2, 3 ];{}
2500;[ 2, 2, 2, 3 ];{}
2501;[ 2, 2, 2, 3 ];{}
2502;[ 2, 2, 2, 3 ];{}
2503;[ 2, 2, 2, 3 ];{}
2504;[ 2, 2, 2, 3 ];{}
2505;[ 2, 2, 2, 3 ];{}
2506;[ 2, 2, 2, 3 ];{}
2556;[ 2, 2, 2, 3 ];{}
2565;[ 2, 2, 2, 3 ];{}
2566;[ 2, 2, 2, 3 ];{}
2567;[ 2, 2, 2, 3 ];{}
2568;[ 2, 2, 2, 3 ];{}
2569;[ 2, 2, 2, 3 ];{}
2570;[ 2, 2, 2, 3 ];{}
2571;[ 2, 2, 2, 3 ];{}
2572;[ 2, 2, 2, 3 ];{}
2573;[ 2, 2, 2, 3 ];{}
2574;[ 2, 2, 2, 3 ];{}
2576;[ 2, 2, 2, 3 ];{}
2578;[ 2, 2, 2, 3 ];{}
2580;[ 2, 2, 2, 3 ];{}
2596;[ 2, 2, 2, 3 ];{}
2597;[ 2, 2, 2, 3 ];{}
2598;[ 2, 2, 2, 3 ];{}
2599;[ 2, 2, 2, 3 ];{}
2601;[ 2, 2, 2, 3 ];{}
2607;[ 2, 2, 2, 3 ];{}
2609;[ 2, 2, 2, 3 ];{}
2637;[ 2, 2, 2, 3 ];{}
2639;[ 2, 2, 2, 3 ];{}
2640;[ 2, 2, 2, 3 ];{}
2641;[ 2, 2, 2, 3 ];{}
2642;[ 2, 2, 2, 3 ];{}
2645;[ 2, 2, 2, 3 ];{}
2647;[ 2, 2, 2, 3 ];{}
2649;[ 2, 2, 2, 3 ];{}
2651;[ 2, 2, 2, 3 ];{}
2656;[ 2, 2, 2, 3 ];{}
2657;[ 2, 2, 2, 3 ];{}
2658;[ 2, 2, 2, 3 ];{}
2659;[ 2, 2, 2, 3 ];{}
2660;[ 2, 2, 2, 3 ];{}
2661;[ 2, 2, 2, 3 ];{}
2662;[ 2, 2, 2, 3 ];{}
2666;[ 2, 2, 2, 3 ];{}
2669;[ 2, 2, 2, 3 ];{}
2705;[ 2, 2, 2, 3 ];{}
2706;[ 2, 2, 2, 3 ];{}
2707;[ 2, 2, 2, 3 ];{}
2708;[ 2, 2, 2, 3 ];{}
2709;[ 2, 2, 2, 3 ];{}
2710;[ 2, 2, 2, 3 ];{}
2711;[ 2, 2, 2, 3 ];{}
2712;[ 2, 2, 2, 3 ];{}
2713;[ 2, 2, 2, 3 ];{}
2714;[ 2, 2, 2, 3 ];{}
2715;[ 2, 2, 2, 3 ];{}
2716;[ 2, 2, 2, 3 ];{}
2717;[ 2, 2, 2, 3 ];{}
2718;[ 2, 2, 2, 3 ];{}
2719;[ 2, 2, 2, 3 ];{}
2720;[ 2, 2, 2, 3 ];{}
2721;[ 2, 2, 2, 3 ];{}
2722;[ 2, 2, 2, 3 ];{}
2723;[ 2, 2, 2, 3 ];{}
2724;[ 2, 2, 2, 3 ];{}
2725;[ 2, 2, 2, 3 ];{}
2726;[ 2, 2, 2, 3 ];{}
2727;[ 2, 2, 2, 3 ];{}
2728;[ 2, 2, 2, 3 ];{}
2729;[ 2, 2, 2, 3 ];{}
2730;[ 2, 2, 2, 3 ];{}
2731;[ 2, 2, 2, 3 ];{}
2732;[ 2, 2, 2, 3 ];{}
2733;[ 2, 2, 2, 3 ];{}
2734;[ 2, 2, 2, 3 ];{}
2735;[ 2, 2, 2, 3 ];{}
2736;[ 2, 2, 2, 3 ];{}
2737;[ 2, 2, 2, 3 ];{}
2738;[ 2, 2, 2, 3 ];{}
2739;[ 2, 2, 2, 3 ];{}
2740;[ 2, 2, 2, 3 ];{}
2741;[ 2, 2, 2, 3 ];{}
2742;[ 2, 2, 2, 3 ];{}
2743;[ 2, 2, 2, 3 ];{}
2744;[ 2, 2, 2, 3 ];{}
2745;[ 2, 2, 2, 3 ];{}
2746;[ 2, 2, 2, 3 ];{}
2747;[ 2, 2, 2, 3 ];{}
2748;[ 2, 2, 2, 3 ];{}
2749;[ 2, 2, 2, 3 ];{}
2750;[ 2, 2, 2, 3 ];{}
2751;[ 2, 2, 2, 3 ];{}
2752;[ 2, 2, 2, 3 ];{}
2753;[ 2, 2, 2, 3 ];{}
2754;[ 2, 2, 2, 3 ];{}
2755;[ 2, 2, 2, 3 ];{}
2756;[ 2, 2, 2, 3 ];{}
2757;[ 2, 2, 2, 3 ];{}
2758;[ 2, 2, 2, 3 ];{}
2759;[ 2, 2, 2, 3 ];{}
2760;[ 2, 2, 2, 3 ];{}
2761;[ 2, 2, 2, 3 ];{}
2762;[ 2, 2, 2, 3 ];{}
2763;[ 2, 2, 2, 3 ];{}
2764;[ 2, 2, 2, 3 ];{}
2765;[ 2, 2, 2, 3 ];{}
2766;[ 2, 2, 2, 3 ];{}
2767;[ 2, 2, 2, 3 ];{}
2769;[ 2, 2, 2, 3 ];{}
2770;[ 2, 2, 2, 3 ];{}
2771;[ 2, 2, 2, 3 ];{}
2772;[ 2, 2, 2, 3 ];{}
2773;[ 2, 2, 2, 3 ];{}
2774;[ 2, 2, 2, 3 ];{}
2776;[ 2, 2, 2, 3 ];{}
2777;[ 2, 2, 2, 3 ];{}
2778;[ 2, 2, 2, 3 ];{}
2779;[ 2, 2, 2, 3 ];{}
2780;[ 2, 2, 2, 3 ];{}
2781;[ 2, 2, 2, 3 ];{}
2783;[ 2, 2, 2, 3 ];{}
2786;[ 2, 2, 2, 3 ];{}
2787;[ 2, 2, 2, 3 ];{}
2788;[ 2, 2, 2, 3 ];{}
2789;[ 2, 2, 2, 3 ];{}
2790;[ 2, 2, 2, 3 ];{}
2791;[ 2, 2, 2, 3 ];{}
2792;[ 2, 2, 2, 3 ];{}
2793;[ 2, 2, 2, 3 ];{}
2797;[ 2, 2, 2, 3 ];{}
2798;[ 2, 2, 2, 3 ];{}
2799;[ 2, 2, 2, 3 ];{}
2803;[ 2, 2, 2, 3 ];{}
2809;[ 2, 2, 2, 3 ];{}
2810;[ 2, 2, 2, 3 ];{}
2811;[ 2, 2, 2, 3 ];{}
2812;[ 2, 2, 2, 3 ];{}
2815;[ 2, 2, 2, 3 ];{}
2817;[ 2, 2, 2, 3 ];{}
2927;[ 2, 2, 2, 3 ];{}
2928;[ 2, 2, 2, 3 ];{}
2929;[ 2, 2, 2, 3 ];{}
2930;[ 2, 2, 2, 3 ];{}
2931;[ 2, 2, 2, 3 ];{}
2934;[ 2, 2, 2, 3 ];{}
2935;[ 2, 2, 2, 3 ];{}
2936;[ 2, 2, 2, 3 ];{}
2937;[ 2, 2, 2, 3 ];{}
2938;[ 2, 2, 2, 3 ];{}
2939;[ 2, 2, 2, 3 ];{}
2940;[ 2, 2, 2, 3 ];{}
2941;[ 2, 2, 2, 3 ];{}
2943;[ 2, 2, 2, 3 ];{}
2944;[ 2, 2, 2, 3 ];{}
2945;[ 2, 2, 2, 3 ];{}
2946;[ 2, 2, 2, 3 ];{}
2947;[ 2, 2, 2, 3 ];{}
2948;[ 2, 2, 2, 3 ];{}
2949;[ 2, 2, 2, 3 ];{}
2950;[ 2, 2, 2, 3 ];{}
2951;[ 2, 2, 2, 3 ];{}
2952;[ 2, 2, 2, 3 ];{}
2953;[ 2, 2, 2, 3 ];{}
2955;[ 2, 2, 2, 3 ];{}
2956;[ 2, 2, 2, 3 ];{}
2957;[ 2, 2, 2, 3 ];{}
2958;[ 2, 2, 2, 3 ];{}
2960;[ 2, 2, 2, 3 ];{}
2961;[ 2, 2, 2, 3 ];{}
2962;[ 2, 2, 2, 3 ];{}
2964;[ 2, 2, 2, 3 ];{}
2968;[ 2, 2, 2, 3 ];{}
2969;[ 2, 2, 2, 3 ];{}
2970;[ 2, 2, 2, 3 ];{}
2971;[ 2, 2, 2, 3 ];{}
2973;[ 2, 2, 2, 3 ];{}
2974;[ 2, 2, 2, 3 ];{}
2975;[ 2, 2, 2, 3 ];{}
2976;[ 2, 2, 2, 3 ];{}
2978;[ 2, 2, 2, 3 ];{}
2979;[ 2, 2, 2, 3 ];{}
2982;[ 2, 2, 2, 3 ];{}
2983;[ 2, 2, 2, 3 ];{}
2985;[ 2, 2, 2, 3 ];{}
2987;[ 2, 2, 2, 3 ];{}
2988;[ 2, 2, 2, 3 ];{}
2990;[ 2, 2, 2, 3 ];{}
2993;[ 2, 2, 2, 3 ];{}
2995;[ 2, 2, 2, 3 ];{}
3017;[ 2, 2, 2, 3 ];{}
3018;[ 2, 2, 2, 3 ];{}
3020;[ 2, 2, 2, 3 ];{}
3021;[ 2, 2, 2, 3 ];{}
3022;[ 2, 2, 2, 3 ];{}
3023;[ 2, 2, 2, 3 ];{}
3025;[ 2, 2, 2, 3 ];{}
3026;[ 2, 2, 2, 3 ];{}
3027;[ 2, 2, 2, 3 ];{}
3028;[ 2, 2, 2, 3 ];{}
3030;[ 2, 2, 2, 3 ];{}
3031;[ 2, 2, 2, 3 ];{}
3032;[ 2, 2, 2, 3 ];{}
3033;[ 2, 2, 2, 3 ];{}
3034;[ 2, 2, 2, 3 ];{}
3035;[ 2, 2, 2, 3 ];{}
3038;[ 2, 2, 2, 3 ];{}
3039;[ 2, 2, 2, 3 ];{}
3040;[ 2, 2, 2, 3 ];{}
3041;[ 2, 2, 2, 3 ];{}
3043;[ 2, 2, 2, 3 ];{}
3044;[ 2, 2, 2, 3 ];{}
3045;[ 2, 2, 2, 3 ];{}
3046;[ 2, 2, 2, 3 ];{}
3047;[ 2, 2, 2, 3 ];{}
3048;[ 2, 2, 2, 3 ];{}
3050;[ 2, 2, 2, 3 ];{}
3051;[ 2, 2, 2, 3 ];{}
3054;[ 2, 2, 2, 3 ];{}
3055;[ 2, 2, 2, 3 ];{}
3057;[ 2, 2, 2, 3 ];{}
3059;[ 2, 2, 2, 3 ];{}
3064;[ 2, 2, 2, 3 ];{}
3115;[ 2, 2, 2, 3 ];{}
3116;[ 2, 2, 2, 3 ];{}
3117;[ 2, 2, 2, 3 ];{}
3118;[ 2, 2, 2, 3 ];{}
3119;[ 2, 2, 2, 3 ];{}
3120;[ 2, 2, 2, 3 ];{}
3121;[ 2, 2, 2, 3 ];{}
3122;[ 2, 2, 2, 3 ];{}
3123;[ 2, 2, 2, 3 ];{}
3124;[ 2, 2, 2, 3 ];{}
3125;[ 2, 2, 2, 3 ];{}
3126;[ 2, 2, 2, 3 ];{}
3127;[ 2, 2, 2, 3 ];{}
3131;[ 2, 2, 2, 3 ];{}
3132;[ 2, 2, 2, 3 ];{}
3133;[ 2, 2, 2, 3 ];{}
3134;[ 2, 2, 2, 3 ];{}
3136;[ 2, 2, 2, 3 ];{}
3137;[ 2, 2, 2, 3 ];{}
3138;[ 2, 2, 2, 3 ];{}
3139;[ 2, 2, 2, 3 ];{}
3140;[ 2, 2, 2, 3 ];{}
3141;[ 2, 2, 2, 3 ];{}
3142;[ 2, 2, 2, 3 ];{}
3143;[ 2, 2, 2, 3 ];{}
3145;[ 2, 2, 2, 3 ];{}
3147;[ 2, 2, 2, 3 ];{}
3149;[ 2, 2, 2, 3 ];{}
3151;[ 2, 2, 2, 3 ];{}
3153;[ 2, 2, 2, 3 ];{}
3155;[ 2, 2, 2, 3 ];{}
3158;[ 2, 2, 2, 3 ];{}
3159;[ 2, 2, 2, 3 ];{}
3161;[ 2, 2, 2, 3 ];{}
3163;[ 2, 2, 2, 3 ];{}
3165;[ 2, 2, 2, 3 ];{}
3166;[ 2, 2, 2, 3 ];{}
3169;[ 2, 2, 2, 3 ];{}
3171;[ 2, 2, 2, 3 ];{}
3173;[ 2, 2, 2, 3 ];{}
3175;[ 2, 2, 2, 3 ];{}
3176;[ 2, 2, 2, 3 ];{}
3177;[ 2, 2, 2, 3 ];{}
3178;[ 2, 2, 2, 3 ];{}
3179;[ 2, 2, 2, 3 ];{}
3182;[ 2, 2, 2, 3 ];{}
3185;[ 2, 2, 2, 3 ];{}
3186;[ 2, 2, 2, 3 ];{}
3187;[ 2, 2, 2, 3 ];{}
3194;[ 2, 2, 2, 3 ];{}
3195;[ 2, 2, 2, 3 ];{}
3197;[ 2, 2, 2, 3 ];{}
3198;[ 2, 2, 2, 3 ];{}
3200;[ 2, 2, 2, 3 ];{}
3201;[ 2, 2, 2, 3 ];{}
3202;[ 2, 2, 2, 3 ];{}
3203;[ 2, 2, 2, 3 ];{}
3207;[ 2, 2, 2, 3 ];{}
3208;[ 2, 2, 2, 3 ];{}
3210;[ 2, 2, 2, 3 ];{}
3211;[ 2, 2, 2, 3 ];{}
3216;[ 2, 2, 2, 3 ];{}
3217;[ 2, 2, 2, 3 ];{}
3218;[ 2, 2, 2, 3 ];{}
3219;[ 2, 2, 2, 3 ];{}
3220;[ 2, 2, 2, 3 ];{}
3221;[ 2, 2, 2, 3 ];{}
3222;[ 2, 2, 2, 3 ];{}
3223;[ 2, 2, 2, 3 ];{}
3224;[ 2, 2, 2, 3 ];{}
3225;[ 2, 2, 2, 3 ];{}
3226;[ 2, 2, 2, 3 ];{}
3227;[ 2, 2, 2, 3 ];{}
3228;[ 2, 2, 2, 3 ];{}
3229;[ 2, 2, 2, 3 ];{}
3230;[ 2, 2, 2, 3 ];{}
3231;[ 2, 2, 2, 3 ];{}
3232;[ 2, 2, 2, 3 ];{}
3233;[ 2, 2, 2, 3 ];{}
3234;[ 2, 2, 2, 3 ];{}
3235;[ 2, 2, 2, 3 ];{}
3236;[ 2, 2, 2, 3 ];{}
3237;[ 2, 2, 2, 3 ];{}
3238;[ 2, 2, 2, 3 ];{}
3239;[ 2, 2, 2, 3 ];{}
3240;[ 2, 2, 2, 3 ];{}
3241;[ 2, 2, 2, 3 ];{}
3242;[ 2, 2, 2, 3 ];{}
3243;[ 2, 2, 2, 3 ];{}
3244;[ 2, 2, 2, 3 ];{}
3245;[ 2, 2, 2, 3 ];{}
3246;[ 2, 2, 2, 3 ];{}
3247;[ 2, 2, 2, 3 ];{}
3248;[ 2, 2, 2, 3 ];{}
3249;[ 2, 2, 2, 3 ];{}
3250;[ 2, 2, 2, 3 ];{}
3251;[ 2, 2, 2, 3 ];{}
3252;[ 2, 2, 2, 3 ];{}
3253;[ 2, 2, 2, 3 ];{}
3254;[ 2, 2, 2, 3 ];{}
3255;[ 2, 2, 2, 3 ];{}
3256;[ 2, 2, 2, 3 ];{}
3257;[ 2, 2, 2, 3 ];{}
3258;[ 2, 2, 2, 3 ];{}
3259;[ 2, 2, 2, 3 ];{}
3260;[ 2, 2, 2, 3 ];{}
3261;[ 2, 2, 2, 3 ];{}
3262;[ 2, 2, 2, 3 ];{}
3263;[ 2, 2, 2, 3 ];{}
3264;[ 2, 2, 2, 3 ];{}
3265;[ 2, 2, 2, 3 ];{}
3266;[ 2, 2, 2, 3 ];{}
3267;[ 2, 2, 2, 3 ];{}
3268;[ 2, 2, 2, 3 ];{}
3269;[ 2, 2, 2, 3 ];{}
3270;[ 2, 2, 2, 3 ];{}
3271;[ 2, 2, 2, 3 ];{}
3272;[ 2, 2, 2, 3 ];{}
3273;[ 2, 2, 2, 3 ];{}
3274;[ 2, 2, 2, 3 ];{}
3275;[ 2, 2, 2, 3 ];{}
3276;[ 2, 2, 2, 3 ];{}
3277;[ 2, 2, 2, 3 ];{}
3278;[ 2, 2, 2, 3 ];{}
3279;[ 2, 2, 2, 3 ];{}
3280;[ 2, 2, 2, 3 ];{}
3281;[ 2, 2, 2, 3 ];{}
3282;[ 2, 2, 2, 3 ];{}
3283;[ 2, 2, 2, 3 ];{}
3284;[ 2, 2, 2, 3 ];{}
3285;[ 2, 2, 2, 3 ];{}
3286;[ 2, 2, 2, 3 ];{}
3287;[ 2, 2, 2, 3 ];{}
3288;[ 2, 2, 2, 3 ];{}
3289;[ 2, 2, 2, 3 ];{}
3290;[ 2, 2, 2, 3 ];{}
3291;[ 2, 2, 2, 3 ];{}
3292;[ 2, 2, 2, 3 ];{}
3293;[ 2, 2, 2, 3 ];{}
3294;[ 2, 2, 2, 3 ];{}
3295;[ 2, 2, 2, 3 ];{}
3296;[ 2, 2, 2, 3 ];{}
3297;[ 2, 2, 2, 3 ];{}
3298;[ 2, 2, 2, 3 ];{}
3299;[ 2, 2, 2, 3 ];{}
3300;[ 2, 2, 2, 3 ];{}
3301;[ 2, 2, 2, 3 ];{}
3302;[ 2, 2, 2, 3 ];{}
3303;[ 2, 2, 2, 3 ];{}
3304;[ 2, 2, 2, 3 ];{}
3305;[ 2, 2, 2, 3 ];{}
3306;[ 2, 2, 2, 3 ];{}
3307;[ 2, 2, 2, 3 ];{}
3308;[ 2, 2, 2, 3 ];{}
3309;[ 2, 2, 2, 3 ];{}
3310;[ 2, 2, 2, 3 ];{}
3311;[ 2, 2, 2, 3 ];{}
3312;[ 2, 2, 2, 3 ];{}
3313;[ 2, 2, 2, 3 ];{}
3314;[ 2, 2, 2, 3 ];{}
3315;[ 2, 2, 2, 3 ];{}
3316;[ 2, 2, 2, 3 ];{}
3319;[ 2, 2, 2, 3 ];{}
3324;[ 2, 2, 2, 3 ];{}
3325;[ 2, 2, 2, 3 ];{}
3326;[ 2, 2, 2, 3 ];{}
3327;[ 2, 2, 2, 3 ];{}
3328;[ 2, 2, 2, 3 ];{}
3329;[ 2, 2, 2, 3 ];{}
3330;[ 2, 2, 2, 3 ];{}
3331;[ 2, 2, 2, 3 ];{}
3332;[ 2, 2, 2, 3 ];{}
3333;[ 2, 2, 2, 3 ];{}
3334;[ 2, 2, 2, 3 ];{}
3335;[ 2, 2, 2, 3 ];{}
3336;[ 2, 2, 2, 3 ];{}
3337;[ 2, 2, 2, 3 ];{}
3338;[ 2, 2, 2, 3 ];{}
3339;[ 2, 2, 2, 3 ];{}
3340;[ 2, 2, 2, 3 ];{}
3341;[ 2, 2, 2, 3 ];{}
3342;[ 2, 2, 2, 3 ];{}
3343;[ 2, 2, 2, 3 ];{}
3344;[ 2, 2, 2, 3 ];{}
3345;[ 2, 2, 2, 3 ];{}
3346;[ 2, 2, 2, 3 ];{}
3347;[ 2, 2, 2, 3 ];{}
3348;[ 2, 2, 2, 3 ];{}
3349;[ 2, 2, 2, 3 ];{}
3350;[ 2, 2, 2, 3 ];{}
3351;[ 2, 2, 2, 3 ];{}
3352;[ 2, 2, 2, 3 ];{}
3353;[ 2, 2, 2, 3 ];{}
3354;[ 2, 2, 2, 3 ];{}
3355;[ 2, 2, 2, 3 ];{}
3356;[ 2, 2, 2, 3 ];{}
3357;[ 2, 2, 2, 3 ];{}
3358;[ 2, 2, 2, 3 ];{}
3359;[ 2, 2, 2, 3 ];{}
3360;[ 2, 2, 2, 3 ];{}
3361;[ 2, 2, 2, 3 ];{}
3362;[ 2, 2, 2, 3 ];{}
3363;[ 2, 2, 2, 3 ];{}
3370;[ 2, 2, 2, 3 ];{}
3371;[ 2, 2, 2, 3 ];{}
3372;[ 2, 2, 2, 3 ];{}
3373;[ 2, 2, 2, 3 ];{}
3374;[ 2, 2, 2, 3 ];{}
3375;[ 2, 2, 2, 3 ];{}
3376;[ 2, 2, 2, 3 ];{}
3377;[ 2, 2, 2, 3 ];{}
3378;[ 2, 2, 2, 3 ];{}
3379;[ 2, 2, 2, 3 ];{}
3380;[ 2, 2, 2, 3 ];{}
3381;[ 2, 2, 2, 3 ];{}
3382;[ 2, 2, 2, 3 ];{}
3383;[ 2, 2, 2, 3 ];{}
3384;[ 2, 2, 2, 3 ];{}
3385;[ 2, 2, 2, 3 ];{}
3386;[ 2, 2, 2, 3 ];{}
3387;[ 2, 2, 2, 3 ];{}
3388;[ 2, 2, 2, 3 ];{}
3389;[ 2, 2, 2, 3 ];{}
3391;[ 2, 2, 2, 3 ];{}
3392;[ 2, 2, 2, 3 ];{}
3395;[ 2, 2, 2, 3 ];{}
3397;[ 2, 2, 2, 3 ];{}
3399;[ 2, 2, 2, 3 ];{}
3401;[ 2, 2, 2, 3 ];{}
3404;[ 2, 2, 2, 3 ];{}
3405;[ 2, 2, 2, 3 ];{}
3407;[ 2, 2, 2, 3 ];{}
3409;[ 2, 2, 2, 3 ];{}
3411;[ 2, 2, 2, 3 ];{}
3412;[ 2, 2, 2, 3 ];{}
3415;[ 2, 2, 2, 3 ];{}
3417;[ 2, 2, 2, 3 ];{}
3419;[ 2, 2, 2, 3 ];{}
3421;[ 2, 2, 2, 3 ];{}
3422;[ 2, 2, 2, 3 ];{}
3423;[ 2, 2, 2, 3 ];{}
3424;[ 2, 2, 2, 3 ];{}
3425;[ 2, 2, 2, 3 ];{}
3428;[ 2, 2, 2, 3 ];{}
3431;[ 2, 2, 2, 3 ];{}
3432;[ 2, 2, 2, 3 ];{}
3433;[ 2, 2, 2, 3 ];{}
3440;[ 2, 2, 2, 3 ];{}
3441;[ 2, 2, 2, 3 ];{}
3443;[ 2, 2, 2, 3 ];{}
3444;[ 2, 2, 2, 3 ];{}
3446;[ 2, 2, 2, 3 ];{}
3447;[ 2, 2, 2, 3 ];{}
3448;[ 2, 2, 2, 3 ];{}
3449;[ 2, 2, 2, 3 ];{}
3453;[ 2, 2, 2, 3 ];{}
3454;[ 2, 2, 2, 3 ];{}
3456;[ 2, 2, 2, 3 ];{}
3457;[ 2, 2, 2, 3 ];{}
3462;[ 2, 2, 2, 3 ];{}
3463;[ 2, 2, 2, 3 ];{}
3464;[ 2, 2, 2, 3 ];{}
3465;[ 2, 2, 2, 3 ];{}
3466;[ 2, 2, 2, 3 ];{}
3467;[ 2, 2, 2, 3 ];{}
3468;[ 2, 2, 2, 3 ];{}
3469;[ 2, 2, 2, 3 ];{}
3470;[ 2, 2, 2, 3 ];{}
3471;[ 2, 2, 2, 3 ];{}
3472;[ 2, 2, 2, 3 ];{}
3473;[ 2, 2, 2, 3 ];{}
3474;[ 2, 2, 2, 3 ];{}
3475;[ 2, 2, 2, 3 ];{}
3476;[ 2, 2, 2, 3 ];{}
3477;[ 2, 2, 2, 3 ];{}
3478;[ 2, 2, 2, 3 ];{}
3479;[ 2, 2, 2, 3 ];{}
3480;[ 2, 2, 2, 3 ];{}
3481;[ 2, 2, 2, 3 ];{}
3482;[ 2, 2, 2, 3 ];{}
3483;[ 2, 2, 2, 3 ];{}
3484;[ 2, 2, 2, 3 ];{}
3485;[ 2, 2, 2, 3 ];{}
3486;[ 2, 2, 2, 3 ];{}
3487;[ 2, 2, 2, 3 ];{}
3488;[ 2, 2, 2, 3 ];{}
3489;[ 2, 2, 2, 3 ];{}
3490;[ 2, 2, 2, 3 ];{}
3491;[ 2, 2, 2, 3 ];{}
3492;[ 2, 2, 2, 3 ];{}
3493;[ 2, 2, 2, 3 ];{}
3494;[ 2, 2, 2, 3 ];{}
3495;[ 2, 2, 2, 3 ];{}
3496;[ 2, 2, 2, 3 ];{}
3497;[ 2, 2, 2, 3 ];{}
3498;[ 2, 2, 2, 3 ];{}
3499;[ 2, 2, 2, 3 ];{}
3500;[ 2, 2, 2, 3 ];{}
3501;[ 2, 2, 2, 3 ];{}
3502;[ 2, 2, 2, 3 ];{}
3503;[ 2, 2, 2, 3 ];{}
3504;[ 2, 2, 2, 3 ];{}
3505;[ 2, 2, 2, 3 ];{}
3506;[ 2, 2, 2, 3 ];{}
3507;[ 2, 2, 2, 3 ];{}
3508;[ 2, 2, 2, 3 ];{}
3509;[ 2, 2, 2, 3 ];{}
3510;[ 2, 2, 2, 3 ];{}
3511;[ 2, 2, 2, 3 ];{}
3512;[ 2, 2, 2, 3 ];{}
3513;[ 2, 2, 2, 3 ];{}
3514;[ 2, 2, 2, 3 ];{}
3515;[ 2, 2, 2, 3 ];{}
3516;[ 2, 2, 2, 3 ];{}
3517;[ 2, 2, 2, 3 ];{}
3518;[ 2, 2, 2, 3 ];{}
3519;[ 2, 2, 2, 3 ];{}
3520;[ 2, 2, 2, 3 ];{}
3521;[ 2, 2, 2, 3 ];{}
3522;[ 2, 2, 2, 3 ];{}
3523;[ 2, 2, 2, 3 ];{}
3524;[ 2, 2, 2, 3 ];{}
3525;[ 2, 2, 2, 3 ];{}
3526;[ 2, 2, 2, 3 ];{}
3527;[ 2, 2, 2, 3 ];{}
3528;[ 2, 2, 2, 3 ];{}
3529;[ 2, 2, 2, 3 ];{}
3530;[ 2, 2, 2, 3 ];{}
3531;[ 2, 2, 2, 3 ];{}
3532;[ 2, 2, 2, 3 ];{}
3533;[ 2, 2, 2, 3 ];{}
3534;[ 2, 2, 2, 3 ];{}
3535;[ 2, 2, 2, 3 ];{}
3536;[ 2, 2, 2, 3 ];{}
3537;[ 2, 2, 2, 3 ];{}
3538;[ 2, 2, 2, 3 ];{}
3539;[ 2, 2, 2, 3 ];{}
3540;[ 2, 2, 2, 3 ];{}
3541;[ 2, 2, 2, 3 ];{}
3542;[ 2, 2, 2, 3 ];{}
3543;[ 2, 2, 2, 3 ];{}
3544;[ 2, 2, 2, 3 ];{}
3545;[ 2, 2, 2, 3 ];{}
3546;[ 2, 2, 2, 3 ];{}
3547;[ 2, 2, 2, 3 ];{}
3548;[ 2, 2, 2, 3 ];{}
3549;[ 2, 2, 2, 3 ];{}
3550;[ 2, 2, 2, 3 ];{}
3551;[ 2, 2, 2, 3 ];{}
3552;[ 2, 2, 2, 3 ];{}
3553;[ 2, 2, 2, 3 ];{}
3554;[ 2, 2, 2, 3 ];{}
3555;[ 2, 2, 2, 3 ];{}
3556;[ 2, 2, 2, 3 ];{}
3557;[ 2, 2, 2, 3 ];{}
3558;[ 2, 2, 2, 3 ];{}
3559;[ 2, 2, 2, 3 ];{}
3560;[ 2, 2, 2, 3 ];{}
3561;[ 2, 2, 2, 3 ];{}
3562;[ 2, 2, 2, 3 ];{}
3565;[ 2, 2, 2, 3 ];{}
3570;[ 2, 2, 2, 3 ];{}
3571;[ 2, 2, 2, 3 ];{}
3572;[ 2, 2, 2, 3 ];{}
3573;[ 2, 2, 2, 3 ];{}
3574;[ 2, 2, 2, 3 ];{}
3575;[ 2, 2, 2, 3 ];{}
3576;[ 2, 2, 2, 3 ];{}
3577;[ 2, 2, 2, 3 ];{}
3578;[ 2, 2, 2, 3 ];{}
3579;[ 2, 2, 2, 3 ];{}
3580;[ 2, 2, 2, 3 ];{}
3581;[ 2, 2, 2, 3 ];{}
3582;[ 2, 2, 2, 3 ];{}
3583;[ 2, 2, 2, 3 ];{}
3584;[ 2, 2, 2, 3 ];{}
3585;[ 2, 2, 2, 3 ];{}
3586;[ 2, 2, 2, 3 ];{}
3587;[ 2, 2, 2, 3 ];{}
3588;[ 2, 2, 2, 3 ];{}
3589;[ 2, 2, 2, 3 ];{}
3590;[ 2, 2, 2, 3 ];{}
3591;[ 2, 2, 2, 3 ];{}
3592;[ 2, 2, 2, 3 ];{}
3593;[ 2, 2, 2, 3 ];{}
3594;[ 2, 2, 2, 3 ];{}
3595;[ 2, 2, 2, 3 ];{}
3596;[ 2, 2, 2, 3 ];{}
3597;[ 2, 2, 2, 3 ];{}
3598;[ 2, 2, 2, 3 ];{}
3599;[ 2, 2, 2, 3 ];{}
3600;[ 2, 2, 2, 3 ];{}
3601;[ 2, 2, 2, 3 ];{}
3602;[ 2, 2, 2, 3 ];{}
3603;[ 2, 2, 2, 3 ];{}
3604;[ 2, 2, 2, 3 ];{}
3605;[ 2, 2, 2, 3 ];{}
3606;[ 2, 2, 2, 3 ];{}
3607;[ 2, 2, 2, 3 ];{}
3608;[ 2, 2, 2, 3 ];{}
3609;[ 2, 2, 2, 3 ];{}
3610;[ 2, 2, 2, 3 ];{}
3611;[ 2, 2, 2, 3 ];{}
3612;[ 2, 2, 2, 3 ];{}
3613;[ 2, 2, 2, 3 ];{}
3614;[ 2, 2, 2, 3 ];{}
3615;[ 2, 2, 2, 3 ];{}
3616;[ 2, 2, 2, 3 ];{}
3617;[ 2, 2, 2, 3 ];{}
3618;[ 2, 2, 2, 3 ];{}
3619;[ 2, 2, 2, 3 ];{}
3620;[ 2, 2, 2, 3 ];{}
3639;[ 2, 2, 2, 3 ];{}
3640;[ 2, 2, 2, 3 ];{}
3641;[ 2, 2, 2, 3 ];{}
3642;[ 2, 2, 2, 3 ];{}
3643;[ 2, 2, 2, 3 ];{}
3644;[ 2, 2, 2, 3 ];{}
3645;[ 2, 2, 2, 3 ];{}
3646;[ 2, 2, 2, 3 ];{}
3647;[ 2, 2, 2, 3 ];{}
3648;[ 2, 2, 2, 3 ];{}
3649;[ 2, 2, 2, 3 ];{}
3650;[ 2, 2, 2, 3 ];{}
3651;[ 2, 2, 2, 3 ];{}
3652;[ 2, 2, 2, 3 ];{}
3653;[ 2, 2, 2, 3 ];{}
3654;[ 2, 2, 2, 3 ];{}
3655;[ 2, 2, 2, 3 ];{}
3656;[ 2, 2, 2, 3 ];{}
3657;[ 2, 2, 2, 3 ];{}
3658;[ 2, 2, 2, 3 ];{}
3659;[ 2, 2, 2, 3 ];{}
3660;[ 2, 2, 2, 3 ];{}
3661;[ 2, 2, 2, 3 ];{}
3662;[ 2, 2, 2, 3 ];{}
3663;[ 2, 2, 2, 3 ];{}
3664;[ 2, 2, 2, 3 ];{}
3685;[ 2, 2, 2, 3 ];{}
3686;[ 2, 2, 2, 3 ];{}
3688;[ 2, 2, 2, 3 ];{}
3692;[ 2, 2, 2, 3 ];{}
3694;[ 2, 2, 2, 3 ];{}
3698;[ 2, 2, 2, 3 ];{}
3699;[ 2, 2, 2, 3 ];{}
3700;[ 2, 2, 2, 3 ];{}
3702;[ 2, 2, 2, 3 ];{}
3705;[ 2, 2, 2, 3 ];{}
3709;[ 2, 2, 2, 3 ];{}
3716;[ 2, 2, 2, 3 ];{}
3717;[ 2, 2, 2, 3 ];{}
3718;[ 2, 2, 2, 3 ];{}
3719;[ 2, 2, 2, 3 ];{}
3720;[ 2, 2, 2, 3 ];{}
4952;[ 2, 2, 2, 3 ];{}
4953;[ 2, 2, 2, 3 ];{}
4954;[ 2, 2, 2, 3 ];{}
4955;[ 2, 2, 2, 3 ];{}
4956;[ 2, 2, 2, 3 ];{}
4957;[ 2, 2, 2, 3 ];{}
4958;[ 2, 2, 2, 3 ];{}
4967;[ 2, 2, 2, 3 ];{}
4968;[ 2, 2, 2, 3 ];{}
4969;[ 2, 2, 2, 3 ];{}
4970;[ 2, 2, 2, 3 ];{}
4971;[ 2, 2, 2, 3 ];{}
4972;[ 2, 2, 2, 3 ];{}
4973;[ 2, 2, 2, 3 ];{}
4976;[ 2, 2, 2, 3 ];{}
4977;[ 2, 2, 2, 3 ];{}
4978;[ 2, 2, 2, 3 ];{}
4979;[ 2, 2, 2, 3 ];{}
4989;[ 2, 2, 2, 3 ];{}
4990;[ 2, 2, 2, 3 ];{}
4991;[ 2, 2, 2, 3 ];{}
4992;[ 2, 2, 2, 3 ];{}
4993;[ 2, 2, 2, 3 ];{}
4995;[ 2, 2, 2, 3 ];{}
4998;[ 2, 2, 2, 3 ];{}
4999;[ 2, 2, 2, 3 ];{}
5008;[ 2, 2, 2, 3 ];{}
5009;[ 2, 2, 2, 3 ];{}
5010;[ 2, 2, 2, 3 ];{}
5011;[ 2, 2, 2, 3 ];{}
5017;[ 2, 2, 2, 3 ];{}
5018;[ 2, 2, 2, 3 ];{}
5019;[ 2, 2, 2, 3 ];{}
5027;[ 2, 2, 2, 3 ];{}
5028;[ 2, 2, 2, 3 ];{}
5029;[ 2, 2, 2, 3 ];{}
5030;[ 2, 2, 2, 3 ];{}
5031;[ 2, 2, 2, 3 ];{}
5032;[ 2, 2, 2, 3 ];{}
5033;[ 2, 2, 2, 3 ];{}
5034;[ 2, 2, 2, 3 ];{}
5035;[ 2, 2, 2, 3 ];{}
5037;[ 2, 2, 2, 3 ];{}
5038;[ 2, 2, 2, 3 ];{}
5042;[ 2, 2, 2, 3 ];{}
5043;[ 2, 2, 2, 3 ];{}
5044;[ 2, 2, 2, 3 ];{}
5045;[ 2, 2, 2, 3 ];{}
5048;[ 2, 2, 2, 3 ];{}
5049;[ 2, 2, 2, 3 ];{}
5050;[ 2, 2, 2, 3 ];{}
5051;[ 2, 2, 2, 3 ];{}
5055;[ 2, 2, 2, 3 ];{}
5056;[ 2, 2, 2, 3 ];{}
5057;[ 2, 2, 2, 3 ];{}
5058;[ 2, 2, 2, 3 ];{}
5059;[ 2, 2, 2, 3 ];{}
5060;[ 2, 2, 2, 3 ];{}
5061;[ 2, 2, 2, 3 ];{}
5062;[ 2, 2, 2, 3 ];{}
5063;[ 2, 2, 2, 3 ];{}
5064;[ 2, 2, 2, 3 ];{}
5069;[ 2, 2, 2, 3 ];{}
5070;[ 2, 2, 2, 3 ];{}
5071;[ 2, 2, 2, 3 ];{}
5072;[ 2, 2, 2, 3 ];{}
5073;[ 2, 2, 2, 3 ];{}
5074;[ 2, 2, 2, 3 ];{}
5075;[ 2, 2, 2, 3 ];{}
5076;[ 2, 2, 2, 3 ];{}
5077;[ 2, 2, 2, 3 ];{}
5078;[ 2, 2, 2, 3 ];{}
5079;[ 2, 2, 2, 3 ];{}
5080;[ 2, 2, 2, 3 ];{}
5082;[ 2, 2, 2, 3 ];{}
5083;[ 2, 2, 2, 3 ];{}
5087;[ 2, 2, 2, 3 ];{}
5088;[ 2, 2, 2, 3 ];{}
5089;[ 2, 2, 2, 3 ];{}
5090;[ 2, 2, 2, 3 ];{}
5091;[ 2, 2, 2, 3 ];{}
5092;[ 2, 2, 2, 3 ];{}
5093;[ 2, 2, 2, 3 ];{}
5094;[ 2, 2, 2, 3 ];{}
5095;[ 2, 2, 2, 3 ];{}
5096;[ 2, 2, 2, 3 ];{}
5101;[ 2, 2, 2, 3 ];{}
5102;[ 2, 2, 2, 3 ];{}
5103;[ 2, 2, 2, 3 ];{}
5104;[ 2, 2, 2, 3 ];{}
5105;[ 2, 2, 2, 3 ];{}
5106;[ 2, 2, 2, 3 ];{}
5107;[ 2, 2, 2, 3 ];{}
5108;[ 2, 2, 2, 3 ];{}
5109;[ 2, 2, 2, 3 ];{}
5110;[ 2, 2, 2, 3 ];{}
5111;[ 2, 2, 2, 3 ];{}
5112;[ 2, 2, 2, 3 ];{}
5114;[ 2, 2, 2, 3 ];{}
5115;[ 2, 2, 2, 3 ];{}
5118;[ 2, 2, 2, 3 ];{}
5121;[ 2, 2, 2, 3 ];{}
5122;[ 2, 2, 2, 3 ];{}
5123;[ 2, 2, 2, 3 ];{}
5125;[ 2, 2, 2, 3 ];{}
5137;[ 2, 2, 2, 3 ];{}
5138;[ 2, 2, 2, 3 ];{}
5139;[ 2, 2, 2, 3 ];{}
5140;[ 2, 2, 2, 3 ];{}
5141;[ 2, 2, 2, 3 ];{}
5142;[ 2, 2, 2, 3 ];{}
5143;[ 2, 2, 2, 3 ];{}
5144;[ 2, 2, 2, 3 ];{}
5145;[ 2, 2, 2, 3 ];{}
5146;[ 2, 2, 2, 3 ];{}
5147;[ 2, 2, 2, 3 ];{}
5150;[ 2, 2, 2, 3 ];{}
5151;[ 2, 2, 2, 3 ];{}
5152;[ 2, 2, 2, 3 ];{}
5153;[ 2, 2, 2, 3 ];{}
5154;[ 2, 2, 2, 3 ];{}
5158;[ 2, 2, 2, 3 ];{}
5159;[ 2, 2, 2, 3 ];{}
5160;[ 2, 2, 2, 3 ];{}
5161;[ 2, 2, 2, 3 ];{}
5162;[ 2, 2, 2, 3 ];{}
5163;[ 2, 2, 2, 3 ];{}
5164;[ 2, 2, 2, 3 ];{}
5166;[ 2, 2, 2, 3 ];{}
5167;[ 2, 2, 2, 3 ];{}
5170;[ 2, 2, 2, 3 ];{}
5171;[ 2, 2, 2, 3 ];{}
5172;[ 2, 2, 2, 3 ];{}
5173;[ 2, 2, 2, 3 ];{}
5174;[ 2, 2, 2, 3 ];{}
5178;[ 2, 2, 2, 3 ];{}
5179;[ 2, 2, 2, 3 ];{}
5180;[ 2, 2, 2, 3 ];{}
5181;[ 2, 2, 2, 3 ];{}
5182;[ 2, 2, 2, 3 ];{}
5183;[ 2, 2, 2, 3 ];{}
5184;[ 2, 2, 2, 3 ];{}
5186;[ 2, 2, 2, 3 ];{}
5187;[ 2, 2, 2, 3 ];{}
5192;[ 2, 2, 2, 3 ];{}
5193;[ 2, 2, 2, 3 ];{}
5194;[ 2, 2, 2, 3 ];{}
5198;[ 2, 2, 2, 3 ];{}
5199;[ 2, 2, 2, 3 ];{}
5200;[ 2, 2, 2, 3 ];{}
5201;[ 2, 2, 2, 3 ];{}
5204;[ 2, 2, 2, 3 ];{}
5205;[ 2, 2, 2, 3 ];{}
5206;[ 2, 2, 2, 3 ];{}
5207;[ 2, 2, 2, 3 ];{}
5208;[ 2, 2, 2, 3 ];{}
5209;[ 2, 2, 2, 3 ];{}
5210;[ 2, 2, 2, 3 ];{}
5211;[ 2, 2, 2, 3 ];{}
5212;[ 2, 2, 2, 3 ];{}
5213;[ 2, 2, 2, 3 ];{}
5214;[ 2, 2, 2, 3 ];{}
5215;[ 2, 2, 2, 3 ];{}
5243;[ 2, 2, 2, 3 ];{}
5244;[ 2, 2, 2, 3 ];{}
5245;[ 2, 2, 2, 3 ];{}
5248;[ 2, 2, 2, 3 ];{}
5249;[ 2, 2, 2, 3 ];{}
5255;[ 2, 2, 2, 3 ];{}
5256;[ 2, 2, 2, 3 ];{}
5257;[ 2, 2, 2, 3 ];{}
5263;[ 2, 2, 2, 3 ];{}
5264;[ 2, 2, 2, 3 ];{}
5266;[ 2, 2, 2, 3 ];{}
5267;[ 2, 2, 2, 3 ];{}
5275;[ 2, 2, 2, 3 ];{}
5277;[ 2, 2, 2, 3 ];{}
5278;[ 2, 2, 2, 3 ];{}
5279;[ 2, 2, 2, 3 ];{}
5281;[ 2, 2, 2, 3 ];{}
5282;[ 2, 2, 2, 3 ];{}
5287;[ 2, 2, 2, 3 ];{}
5288;[ 2, 2, 2, 3 ];{}
5289;[ 2, 2, 2, 3 ];{}
5290;[ 2, 2, 2, 3 ];{}
5292;[ 2, 2, 2, 3 ];{}
5299;[ 2, 2, 2, 3 ];{}
5303;[ 2, 2, 2, 3 ];{}
5304;[ 2, 2, 2, 3 ];{}
5305;[ 2, 2, 2, 3 ];{}
5311;[ 2, 2, 2, 3 ];{}
5312;[ 2, 2, 2, 3 ];{}
5315;[ 2, 2, 2, 3 ];{}
5316;[ 2, 2, 2, 3 ];{}
5317;[ 2, 2, 2, 3 ];{}
5318;[ 2, 2, 2, 3 ];{}
5323;[ 2, 2, 2, 3 ];{}
5324;[ 2, 2, 2, 3 ];{}
5327;[ 2, 2, 2, 3 ];{}
5328;[ 2, 2, 2, 3 ];{}
5329;[ 2, 2, 2, 3 ];{}
5330;[ 2, 2, 2, 3 ];{}
5331;[ 2, 2, 2, 3 ];{}
5332;[ 2, 2, 2, 3 ];{}
5333;[ 2, 2, 2, 3 ];{}
5334;[ 2, 2, 2, 3 ];{}
5335;[ 2, 2, 2, 3 ];{}
5336;[ 2, 2, 2, 3 ];{}
5337;[ 2, 2, 2, 3 ];{}
5338;[ 2, 2, 2, 3 ];{}
5339;[ 2, 2, 2, 3 ];{}
5340;[ 2, 2, 2, 3 ];{}
5341;[ 2, 2, 2, 3 ];{}
5342;[ 2, 2, 2, 3 ];{}
5343;[ 2, 2, 2, 3 ];{}
5344;[ 2, 2, 2, 3 ];{}
5345;[ 2, 2, 2, 3 ];{}
5346;[ 2, 2, 2, 3 ];{}
5347;[ 2, 2, 2, 3 ];{}
5348;[ 2, 2, 2, 3 ];{}
5349;[ 2, 2, 2, 3 ];{}
535;[ 2, 2, 2, 3 ];{}
535;[ 2, 3, 32 ];{}
5350;[ 2, 2, 2, 3 ];{}
5351;[ 2, 2, 2, 3 ];{}
5352;[ 2, 2, 2, 3 ];{}
5353;[ 2, 2, 2, 3 ];{}
5354;[ 2, 2, 2, 3 ];{}
5355;[ 2, 2, 2, 3 ];{}
5356;[ 2, 2, 2, 3 ];{}
5357;[ 2, 2, 2, 3 ];{}
5358;[ 2, 2, 2, 3 ];{}
5359;[ 2, 2, 2, 3 ];{}
536;[ 2, 2, 2, 3 ];{}
536;[ 2, 3, 32 ];{}
5360;[ 2, 2, 2, 3 ];{}
5361;[ 2, 2, 2, 3 ];{}
5362;[ 2, 2, 2, 3 ];{}
5363;[ 2, 2, 2, 3 ];{}
5364;[ 2, 2, 2, 3 ];{}
5365;[ 2, 2, 2, 3 ];{}
5366;[ 2, 2, 2, 3 ];{}
5367;[ 2, 2, 2, 3 ];{}
5368;[ 2, 2, 2, 3 ];{}
5369;[ 2, 2, 2, 3 ];{}
537;[ 2, 2, 2, 3 ];{}
537;[ 2, 3, 32 ];{}
5370;[ 2, 2, 2, 3 ];{}
5371;[ 2, 2, 2, 3 ];{}
5372;[ 2, 2, 2, 3 ];{}
5373;[ 2, 2, 2, 3 ];{}
5374;[ 2, 2, 2, 3 ];{}
5375;[ 2, 2, 2, 3 ];{}
5376;[ 2, 2, 2, 3 ];{}
5377;[ 2, 2, 2, 3 ];{}
5378;[ 2, 2, 2, 3 ];{}
5379;[ 2, 2, 2, 3 ];{}
538;[ 2, 2, 2, 3 ];{}
538;[ 2, 3, 32 ];{}
5380;[ 2, 2, 2, 3 ];{}
5381;[ 2, 2, 2, 3 ];{}
5382;[ 2, 2, 2, 3 ];{}
5383;[ 2, 2, 2, 3 ];{}
5384;[ 2, 2, 2, 3 ];{}
5385;[ 2, 2, 2, 3 ];{}
5386;[ 2, 2, 2, 3 ];{}
5387;[ 2, 2, 2, 3 ];{}
5388;[ 2, 2, 2, 3 ];{}
5389;[ 2, 2, 2, 3 ];{}
5390;[ 2, 2, 2, 3 ];{}
5391;[ 2, 2, 2, 3 ];{}
5410;[ 2, 2, 2, 3 ];{}
5411;[ 2, 2, 2, 3 ];{}
5412;[ 2, 2, 2, 3 ];{}
5430;[ 2, 2, 2, 3 ];{}
5431;[ 2, 2, 2, 3 ];{}
5433;[ 2, 2, 2, 3 ];{}
5437;[ 2, 2, 2, 3 ];{}
5438;[ 2, 2, 2, 3 ];{}
5439;[ 2, 2, 2, 3 ];{}
5442;[ 2, 2, 2, 3 ];{}
5443;[ 2, 2, 2, 3 ];{}
5444;[ 2, 2, 2, 3 ];{}
5446;[ 2, 2, 2, 3 ];{}
5447;[ 2, 2, 2, 3 ];{}
5449;[ 2, 2, 2, 3 ];{}
5450;[ 2, 2, 2, 3 ];{}
5451;[ 2, 2, 2, 3 ];{}
5452;[ 2, 2, 2, 3 ];{}
5453;[ 2, 2, 2, 3 ];{}
5454;[ 2, 2, 2, 3 ];{}
5455;[ 2, 2, 2, 3 ];{}
5456;[ 2, 2, 2, 3 ];{}
5458;[ 2, 2, 2, 3 ];{}
5459;[ 2, 2, 2, 3 ];{}
5461;[ 2, 2, 2, 3 ];{}
5462;[ 2, 2, 2, 3 ];{}
5463;[ 2, 2, 2, 3 ];{}
5464;[ 2, 2, 2, 3 ];{}
5465;[ 2, 2, 2, 3 ];{}
5466;[ 2, 2, 2, 3 ];{}
5467;[ 2, 2, 2, 3 ];{}
5468;[ 2, 2, 2, 3 ];{}
5469;[ 2, 2, 2, 3 ];{}
5470;[ 2, 2, 2, 3 ];{}
5471;[ 2, 2, 2, 3 ];{}
5472;[ 2, 2, 2, 3 ];{}
5473;[ 2, 2, 2, 3 ];{}
5474;[ 2, 2, 2, 3 ];{}
5475;[ 2, 2, 2, 3 ];{}
5476;[ 2, 2, 2, 3 ];{}
5478;[ 2, 2, 2, 3 ];{}
5479;[ 2, 2, 2, 3 ];{}
5481;[ 2, 2, 2, 3 ];{}
5482;[ 2, 2, 2, 3 ];{}
5483;[ 2, 2, 2, 3 ];{}
5484;[ 2, 2, 2, 3 ];{}
5485;[ 2, 2, 2, 3 ];{}
5486;[ 2, 2, 2, 3 ];{}
5487;[ 2, 2, 2, 3 ];{}
5488;[ 2, 2, 2, 3 ];{}
5489;[ 2, 2, 2, 3 ];{}
5490;[ 2, 2, 2, 3 ];{}
5491;[ 2, 2, 2, 3 ];{}
5494;[ 2, 2, 2, 3 ];{}
5495;[ 2, 2, 2, 3 ];{}
5496;[ 2, 2, 2, 3 ];{}
5497;[ 2, 2, 2, 3 ];{}
5498;[ 2, 2, 2, 3 ];{}
5499;[ 2, 2, 2, 3 ];{}
5500;[ 2, 2, 2, 3 ];{}
5501;[ 2, 2, 2, 3 ];{}
5513;[ 2, 2, 2, 3 ];{}
5514;[ 2, 2, 2, 3 ];{}
5518;[ 2, 2, 2, 3 ];{}
5519;[ 2, 2, 2, 3 ];{}
5523;[ 2, 2, 2, 3 ];{}
5524;[ 2, 2, 2, 3 ];{}
5526;[ 2, 2, 2, 3 ];{}
5527;[ 2, 2, 2, 3 ];{}
5534;[ 2, 2, 2, 3 ];{}
5535;[ 2, 2, 2, 3 ];{}
5537;[ 2, 2, 2, 3 ];{}
5538;[ 2, 2, 2, 3 ];{}
5539;[ 2, 2, 2, 3 ];{}
5540;[ 2, 2, 2, 3 ];{}
5541;[ 2, 2, 2, 3 ];{}
5542;[ 2, 2, 2, 3 ];{}
5682;[ 2, 2, 2, 3 ];{}
5682;[ 2, 3, 10 ];{}
5682;[ 2, 3, 12 ];{}
5682;[ 2, 3, 20 ];{}
5682;[ 2, 4, 6 ];{}
5683;[ 2, 2, 2, 3 ];{}
5683;[ 2, 3, 10 ];{}
5683;[ 2, 3, 12 ];{}
5683;[ 2, 3, 20 ];{}
5683;[ 2, 4, 6 ];{}
5684;[ 2, 2, 2, 3 ];{}
5684;[ 2, 3, 10 ];{}
5684;[ 2, 3, 12 ];{}
5684;[ 2, 3, 20 ];{}
5684;[ 2, 4, 6 ];{}
5688;[ 2, 2, 2, 3 ];{}
5688;[ 2, 3, 10 ];{}
5688;[ 2, 3, 12 ];{}
5688;[ 2, 3, 20 ];{}
5688;[ 2, 4, 6 ];{}
5689;[ 2, 2, 2, 3 ];{}
5689;[ 2, 3, 10 ];{}
5689;[ 2, 3, 12 ];{}
5689;[ 2, 3, 20 ];{}
5689;[ 2, 4, 6 ];{}
5690;[ 2, 2, 2, 3 ];{}
5690;[ 2, 3, 10 ];{}
5690;[ 2, 3, 12 ];{}
5690;[ 2, 3, 20 ];{}
5690;[ 2, 4, 6 ];{}
5698;[ 2, 2, 2, 3 ];{}
5698;[ 2, 3, 10 ];{}
5698;[ 2, 3, 12 ];{}
5698;[ 2, 3, 20 ];{}
5698;[ 2, 4, 6 ];{}
5699;[ 2, 2, 2, 3 ];{}
5699;[ 2, 3, 10 ];{}
5699;[ 2, 3, 12 ];{}
5699;[ 2, 3, 20 ];{}
5699;[ 2, 4, 6 ];{}
5700;[ 2, 2, 2, 3 ];{}
5700;[ 2, 3, 10 ];{}
5700;[ 2, 3, 12 ];{}
5700;[ 2, 3, 20 ];{}
5700;[ 2, 4, 6 ];{}
5706;[ 2, 2, 2, 3 ];{}
5706;[ 2, 3, 10 ];{}
5706;[ 2, 3, 12 ];{}
5706;[ 2, 3, 20 ];{}
5706;[ 2, 4, 6 ];{}
5707;[ 2, 2, 2, 3 ];{}
5707;[ 2, 3, 10 ];{}
5707;[ 2, 3, 12 ];{}
5707;[ 2, 3, 20 ];{}
5707;[ 2, 4, 6 ];{}
5708;[ 2, 2, 2, 3 ];{}
5708;[ 2, 3, 10 ];{}
5708;[ 2, 3, 12 ];{}
5708;[ 2, 3, 20 ];{}
5708;[ 2, 4, 6 ];{}
5709;[ 2, 2, 2, 3 ];{}
5709;[ 2, 3, 10 ];{}
5709;[ 2, 3, 12 ];{}
5709;[ 2, 3, 20 ];{}
5709;[ 2, 4, 6 ];{}
5712;[ 2, 2, 2, 3 ];{}
5712;[ 2, 3, 10 ];{}
5712;[ 2, 3, 12 ];{}
5712;[ 2, 3, 20 ];{}
5712;[ 2, 4, 6 ];{}
5713;[ 2, 2, 2, 3 ];{}
5713;[ 2, 3, 10 ];{}
5713;[ 2, 3, 12 ];{}
5713;[ 2, 3, 20 ];{}
5713;[ 2, 4, 6 ];{}
5714;[ 2, 2, 2, 3 ];{}
5714;[ 2, 3, 10 ];{}
5714;[ 2, 3, 12 ];{}
5714;[ 2, 3, 20 ];{}
5714;[ 2, 4, 6 ];{}
5715;[ 2, 2, 2, 3 ];{}
5715;[ 2, 3, 10 ];{}
5715;[ 2, 3, 12 ];{}
5715;[ 2, 3, 20 ];{}
5715;[ 2, 4, 6 ];{}
5716;[ 2, 2, 2, 3 ];{}
5716;[ 2, 3, 10 ];{}
5716;[ 2, 3, 12 ];{}
5716;[ 2, 3, 20 ];{}
5716;[ 2, 4, 6 ];{}
5717;[ 2, 2, 2, 3 ];{}
5717;[ 2, 3, 10 ];{}
5717;[ 2, 3, 12 ];{}
5717;[ 2, 3, 20 ];{}
5717;[ 2, 4, 6 ];{}
5718;[ 2, 2, 2, 3 ];{}
5718;[ 2, 3, 10 ];{}
5718;[ 2, 3, 12 ];{}
5718;[ 2, 3, 20 ];{}
5718;[ 2, 4, 6 ];{}
5719;[ 2, 2, 2, 3 ];{}
5719;[ 2, 3, 10 ];{}
5719;[ 2, 3, 12 ];{}
5719;[ 2, 3, 20 ];{}
5719;[ 2, 4, 6 ];{[ (1, 25)(2, 48)(3, 38)(4, 33)(5, 6)(7, 23)(8, 18)(9, 10)(11, 14)(12, 19)(13, 47)(15, 35)(16, 41)(17, 32)(20, 21)(22, 28)(24, 31)(26, 27)(29, 46)(30, 45)(34, 39)(36, 37)(40, 44)(42, 43), (1, 9, 30, 46)(2, 19)(3, 32, 39, 33)(4, 20)(5, 43, 40, 38)(6, 47, 12, 25)(7, 35, 29, 44)(8, 17, 31, 23)(10, 28, 21, 14)(11, 36, 41, 15)(13, 22, 27, 34)(16, 42)(18, 37, 26, 48)(24, 45), (1, 29, 15, 16, 43, 6)(2, 12, 13, 39, 17, 18)(3, 4, 21, 22, 47, 5)(7, 40, 42, 41, 37, 8)(9, 25, 19, 48, 27, 28)(10, 11, 35, 23, 24, 30)(14, 20, 33, 34, 26, 36)(31, 32, 38, 44, 46, 45) ]}
5720;[ 2, 2, 2, 3 ];{}
5720;[ 2, 3, 10 ];{}
5720;[ 2, 3, 12 ];{}
5720;[ 2, 3, 20 ];{}
5720;[ 2, 4, 6 ];{}
5722;[ 2, 2, 2, 3 ];{}
5722;[ 2, 3, 10 ];{}
5722;[ 2, 3, 12 ];{}
5722;[ 2, 4, 6 ];{}
5723;[ 2, 2, 2, 3 ];{}
5723;[ 2, 3, 10 ];{}
5723;[ 2, 3, 12 ];{}
5723;[ 2, 4, 6 ];{}
5730;[ 2, 2, 2, 3 ];{}
5730;[ 2, 3, 10 ];{}
5730;[ 2, 3, 12 ];{}
5730;[ 2, 3, 20 ];{}
5730;[ 2, 4, 6 ];{}
5732;[ 2, 2, 2, 3 ];{}
5732;[ 2, 3, 10 ];{}
5732;[ 2, 3, 12 ];{}
5732;[ 2, 3, 20 ];{}
5732;[ 2, 4, 6 ];{}
5733;[ 2, 2, 2, 3 ];{}
5733;[ 2, 3, 10 ];{}
5733;[ 2, 3, 12 ];{}
5733;[ 2, 3, 20 ];{}
5733;[ 2, 4, 6 ];{}
5739;[ 2, 2, 2, 3 ];{}
5739;[ 2, 3, 10 ];{}
5739;[ 2, 3, 12 ];{}
5739;[ 2, 3, 20 ];{}
5739;[ 2, 4, 6 ];{}
5740;[ 2, 2, 2, 3 ];{}
5740;[ 2, 3, 10 ];{}
5740;[ 2, 3, 12 ];{}
5740;[ 2, 3, 20 ];{}
5740;[ 2, 4, 6 ];{}
5741;[ 2, 2, 2, 3 ];{}
5741;[ 2, 3, 10 ];{}
5741;[ 2, 3, 12 ];{}
5741;[ 2, 3, 20 ];{}
5741;[ 2, 4, 6 ];{}
5742;[ 2, 2, 2, 3 ];{}
5742;[ 2, 3, 10 ];{}
5742;[ 2, 3, 12 ];{}
5742;[ 2, 3, 20 ];{}
5742;[ 2, 4, 6 ];{}
5743;[ 2, 2, 2, 3 ];{}
5743;[ 2, 3, 10 ];{}
5743;[ 2, 3, 12 ];{}
5743;[ 2, 3, 20 ];{}
5743;[ 2, 4, 6 ];{}
5744;[ 2, 2, 2, 3 ];{}
5744;[ 2, 3, 10 ];{}
5744;[ 2, 3, 12 ];{}
5744;[ 2, 3, 20 ];{}
5744;[ 2, 4, 6 ];{}
5746;[ 2, 2, 2, 3 ];{}
5746;[ 2, 3, 10 ];{}
5746;[ 2, 3, 12 ];{}
5746;[ 2, 3, 20 ];{}
5746;[ 2, 4, 6 ];{}
5747;[ 2, 2, 2, 3 ];{}
5747;[ 2, 3, 10 ];{}
5747;[ 2, 3, 12 ];{}
5747;[ 2, 3, 20 ];{}
5747;[ 2, 4, 6 ];{}
5762;[ 2, 2, 2, 3 ];{}
5762;[ 2, 3, 10 ];{}
5762;[ 2, 3, 20 ];{}
5762;[ 2, 4, 6 ];{}
5763;[ 2, 2, 2, 3 ];{}
5763;[ 2, 3, 10 ];{}
5763;[ 2, 3, 20 ];{}
5763;[ 2, 4, 6 ];{}
5768;[ 2, 2, 2, 3 ];{}
5768;[ 2, 3, 10 ];{}
5768;[ 2, 3, 12 ];{}
5768;[ 2, 3, 20 ];{}
5768;[ 2, 4, 6 ];{}
5769;[ 2, 2, 2, 3 ];{}
5769;[ 2, 3, 10 ];{}
5769;[ 2, 3, 12 ];{}
5769;[ 2, 3, 20 ];{}
5769;[ 2, 4, 6 ];{}
5770;[ 2, 2, 2, 3 ];{}
5770;[ 2, 3, 10 ];{}
5770;[ 2, 3, 12 ];{}
5770;[ 2, 3, 20 ];{}
5770;[ 2, 4, 6 ];{}
5771;[ 2, 2, 2, 3 ];{}
5771;[ 2, 3, 10 ];{}
5771;[ 2, 3, 12 ];{}
5771;[ 2, 3, 20 ];{}
5771;[ 2, 4, 6 ];{}
5774;[ 2, 2, 2, 3 ];{}
5774;[ 2, 3, 10 ];{}
5774;[ 2, 3, 12 ];{}
5774;[ 2, 3, 20 ];{}
5774;[ 2, 4, 6 ];{}
5775;[ 2, 2, 2, 3 ];{}
5775;[ 2, 3, 10 ];{}
5775;[ 2, 3, 12 ];{}
5775;[ 2, 3, 20 ];{}
5775;[ 2, 4, 6 ];{}
5776;[ 2, 2, 2, 3 ];{}
5776;[ 2, 3, 10 ];{}
5776;[ 2, 3, 12 ];{}
5776;[ 2, 3, 20 ];{}
5776;[ 2, 4, 6 ];{}
5777;[ 2, 2, 2, 3 ];{}
5777;[ 2, 3, 10 ];{}
5777;[ 2, 3, 12 ];{}
5777;[ 2, 3, 20 ];{}
5777;[ 2, 4, 6 ];{}
5778;[ 2, 2, 2, 3 ];{}
5778;[ 2, 3, 10 ];{}
5778;[ 2, 3, 12 ];{}
5778;[ 2, 3, 20 ];{}
5778;[ 2, 4, 6 ];{}
5779;[ 2, 2, 2, 3 ];{}
5779;[ 2, 3, 10 ];{}
5779;[ 2, 3, 12 ];{}
5779;[ 2, 3, 20 ];{}
5779;[ 2, 4, 6 ];{}
5780;[ 2, 2, 2, 3 ];{}
5780;[ 2, 3, 10 ];{}
5780;[ 2, 3, 12 ];{}
5780;[ 2, 3, 20 ];{}
5780;[ 2, 4, 6 ];{}
5781;[ 2, 2, 2, 3 ];{}
5781;[ 2, 3, 10 ];{}
5781;[ 2, 3, 12 ];{}
5781;[ 2, 3, 20 ];{}
5781;[ 2, 4, 6 ];{}
5785;[ 2, 2, 2, 3 ];{}
5785;[ 2, 3, 10 ];{}
5785;[ 2, 3, 12 ];{}
5785;[ 2, 3, 20 ];{}
5785;[ 2, 4, 6 ];{}
5787;[ 2, 2, 2, 3 ];{}
5787;[ 2, 3, 10 ];{}
5787;[ 2, 3, 12 ];{}
5787;[ 2, 3, 20 ];{}
5787;[ 2, 4, 6 ];{}
5788;[ 2, 2, 2, 3 ];{}
5788;[ 2, 3, 10 ];{}
5788;[ 2, 3, 12 ];{}
5788;[ 2, 3, 20 ];{}
5788;[ 2, 4, 6 ];{}
5790;[ 2, 2, 2, 3 ];{}
5790;[ 2, 3, 10 ];{}
5790;[ 2, 3, 12 ];{}
5790;[ 2, 3, 20 ];{}
5790;[ 2, 4, 6 ];{}
5792;[ 2, 2, 2, 3 ];{}
5792;[ 2, 3, 10 ];{}
5792;[ 2, 3, 12 ];{}
5792;[ 2, 3, 20 ];{}
5792;[ 2, 4, 6 ];{}
5793;[ 2, 2, 2, 3 ];{}
5793;[ 2, 3, 10 ];{}
5793;[ 2, 3, 12 ];{}
5793;[ 2, 3, 20 ];{}
5793;[ 2, 4, 6 ];{}
5794;[ 2, 2, 2, 3 ];{}
5794;[ 2, 3, 10 ];{}
5794;[ 2, 3, 12 ];{}
5794;[ 2, 3, 20 ];{}
5794;[ 2, 4, 6 ];{}
5796;[ 2, 2, 2, 3 ];{}
5796;[ 2, 3, 10 ];{}
5796;[ 2, 3, 12 ];{}
5796;[ 2, 3, 20 ];{}
5796;[ 2, 4, 6 ];{}
5797;[ 2, 2, 2, 3 ];{}
5797;[ 2, 3, 10 ];{}
5797;[ 2, 3, 12 ];{}
5797;[ 2, 3, 20 ];{}
5797;[ 2, 4, 6 ];{}
5799;[ 2, 2, 2, 3 ];{}
5799;[ 2, 3, 10 ];{}
5799;[ 2, 3, 12 ];{}
5799;[ 2, 3, 20 ];{}
5799;[ 2, 4, 6 ];{}
5801;[ 2, 2, 2, 3 ];{}
5801;[ 2, 3, 10 ];{}
5801;[ 2, 3, 20 ];{}
5801;[ 2, 4, 6 ];{}
5802;[ 2, 2, 2, 3 ];{}
5802;[ 2, 3, 10 ];{}
5802;[ 2, 3, 20 ];{}
5802;[ 2, 4, 6 ];{}
5803;[ 2, 2, 2, 3 ];{}
5803;[ 2, 3, 10 ];{}
5803;[ 2, 3, 12 ];{}
5803;[ 2, 3, 20 ];{}
5803;[ 2, 4, 6 ];{}
5806;[ 2, 2, 2, 3 ];{}
5806;[ 2, 3, 10 ];{}
5806;[ 2, 3, 12 ];{}
5806;[ 2, 3, 20 ];{}
5806;[ 2, 4, 6 ];{}
5808;[ 2, 2, 2, 3 ];{}
5808;[ 2, 3, 10 ];{}
5808;[ 2, 3, 20 ];{}
5808;[ 2, 4, 6 ];{}
5809;[ 2, 2, 2, 3 ];{}
5809;[ 2, 3, 10 ];{}
5809;[ 2, 3, 20 ];{}
5809;[ 2, 4, 6 ];{}
5814;[ 2, 2, 2, 3 ];{}
5814;[ 2, 3, 10 ];{}
5814;[ 2, 3, 12 ];{}
5814;[ 2, 3, 20 ];{}
5814;[ 2, 4, 6 ];{}
5815;[ 2, 2, 2, 3 ];{}
5815;[ 2, 3, 10 ];{}
5815;[ 2, 3, 12 ];{}
5815;[ 2, 3, 20 ];{}
5815;[ 2, 4, 6 ];{}
5816;[ 2, 2, 2, 3 ];{}
5816;[ 2, 3, 10 ];{}
5816;[ 2, 3, 12 ];{}
5816;[ 2, 3, 20 ];{}
5816;[ 2, 4, 6 ];{}
5817;[ 2, 2, 2, 3 ];{}
5817;[ 2, 3, 10 ];{}
5817;[ 2, 3, 12 ];{}
5817;[ 2, 3, 20 ];{}
5817;[ 2, 4, 6 ];{}
5820;[ 2, 2, 2, 3 ];{}
5820;[ 2, 3, 10 ];{}
5820;[ 2, 3, 12 ];{}
5820;[ 2, 3, 20 ];{}
5820;[ 2, 4, 6 ];{}
5821;[ 2, 2, 2, 3 ];{}
5821;[ 2, 3, 10 ];{}
5821;[ 2, 3, 12 ];{}
5821;[ 2, 3, 20 ];{}
5821;[ 2, 4, 6 ];{}
5822;[ 2, 2, 2, 3 ];{}
5822;[ 2, 3, 10 ];{}
5822;[ 2, 3, 12 ];{}
5822;[ 2, 3, 20 ];{}
5822;[ 2, 4, 6 ];{}
5823;[ 2, 2, 2, 3 ];{}
5823;[ 2, 3, 10 ];{}
5823;[ 2, 3, 12 ];{}
5823;[ 2, 3, 20 ];{}
5823;[ 2, 4, 6 ];{}
5824;[ 2, 2, 2, 3 ];{}
5824;[ 2, 3, 10 ];{}
5824;[ 2, 3, 12 ];{}
5824;[ 2, 3, 20 ];{}
5824;[ 2, 4, 6 ];{}
5825;[ 2, 2, 2, 3 ];{}
5825;[ 2, 3, 10 ];{}
5825;[ 2, 3, 12 ];{}
5825;[ 2, 3, 20 ];{}
5825;[ 2, 4, 6 ];{}
5826;[ 2, 2, 2, 3 ];{}
5826;[ 2, 3, 10 ];{}
5826;[ 2, 3, 12 ];{}
5826;[ 2, 3, 20 ];{}
5826;[ 2, 4, 6 ];{}
5827;[ 2, 2, 2, 3 ];{}
5827;[ 2, 3, 10 ];{}
5827;[ 2, 3, 12 ];{}
5827;[ 2, 3, 20 ];{}
5827;[ 2, 4, 6 ];{}
5835;[ 2, 2, 2, 3 ];{}
5835;[ 2, 3, 10 ];{}
5835;[ 2, 3, 20 ];{}
5835;[ 2, 4, 6 ];{}
6299;[ 2, 2, 2, 3 ];{}
6299;[ 2, 3, 10 ];{}
6299;[ 2, 3, 20 ];{}
6299;[ 2, 4, 6 ];{}
6300;[ 2, 2, 2, 3 ];{}
6300;[ 2, 3, 10 ];{}
6300;[ 2, 3, 12 ];{}
6300;[ 2, 3, 20 ];{}
6300;[ 2, 4, 6 ];{}
6303;[ 2, 2, 2, 3 ];{}
6303;[ 2, 3, 10 ];{}
6303;[ 2, 3, 12 ];{}
6303;[ 2, 3, 20 ];{}
6303;[ 2, 4, 6 ];{}
6304;[ 2, 2, 2, 3 ];{}
6304;[ 2, 3, 10 ];{}
6304;[ 2, 3, 12 ];{}
6304;[ 2, 3, 20 ];{}
6304;[ 2, 4, 6 ];{}
6305;[ 2, 2, 2, 3 ];{}
6305;[ 2, 3, 10 ];{}
6305;[ 2, 3, 12 ];{}
6305;[ 2, 3, 20 ];{}
6305;[ 2, 4, 6 ];{}
6307;[ 2, 2, 2, 3 ];{}
6307;[ 2, 3, 10 ];{}
6307;[ 2, 3, 12 ];{}
6307;[ 2, 3, 20 ];{}
6307;[ 2, 4, 6 ];{}
6309;[ 2, 2, 2, 3 ];{}
6309;[ 2, 3, 10 ];{}
6309;[ 2, 3, 12 ];{}
6309;[ 2, 3, 20 ];{}
6309;[ 2, 4, 6 ];{}
6310;[ 2, 2, 2, 3 ];{}
6310;[ 2, 3, 10 ];{}
6310;[ 2, 3, 20 ];{}
6310;[ 2, 4, 6 ];{}
6311;[ 2, 2, 2, 3 ];{}
6311;[ 2, 3, 10 ];{}
6311;[ 2, 3, 20 ];{}
6311;[ 2, 4, 6 ];{}
6312;[ 2, 2, 2, 3 ];{}
6312;[ 2, 3, 10 ];{}
6312;[ 2, 3, 12 ];{}
6312;[ 2, 3, 20 ];{}
6312;[ 2, 4, 6 ];{}
6315;[ 2, 2, 2, 3 ];{}
6315;[ 2, 3, 10 ];{}
6315;[ 2, 3, 12 ];{}
6315;[ 2, 3, 20 ];{}
6315;[ 2, 4, 6 ];{}
6316;[ 2, 2, 2, 3 ];{}
6316;[ 2, 3, 10 ];{}
6316;[ 2, 3, 12 ];{}
6316;[ 2, 3, 20 ];{}
6316;[ 2, 4, 6 ];{}
6317;[ 2, 2, 2, 3 ];{}
6317;[ 2, 3, 10 ];{}
6317;[ 2, 3, 12 ];{}
6317;[ 2, 3, 20 ];{}
6317;[ 2, 4, 6 ];{}
6320;[ 2, 2, 2, 3 ];{}
6320;[ 2, 3, 10 ];{}
6320;[ 2, 3, 12 ];{}
6320;[ 2, 3, 20 ];{}
6320;[ 2, 4, 6 ];{}
6321;[ 2, 2, 2, 3 ];{}
6321;[ 2, 3, 10 ];{}
6321;[ 2, 3, 12 ];{}
6321;[ 2, 3, 20 ];{}
6321;[ 2, 4, 6 ];{}
6328;[ 2, 2, 2, 3 ];{}
6328;[ 2, 3, 10 ];{}
6328;[ 2, 3, 12 ];{}
6328;[ 2, 3, 20 ];{}
6328;[ 2, 4, 6 ];{}
6329;[ 2, 2, 2, 3 ];{}
6329;[ 2, 3, 10 ];{}
6329;[ 2, 3, 12 ];{}
6329;[ 2, 3, 20 ];{}
6329;[ 2, 4, 6 ];{}
6330;[ 2, 2, 2, 3 ];{}
6330;[ 2, 3, 10 ];{}
6330;[ 2, 3, 12 ];{}
6330;[ 2, 3, 20 ];{}
6330;[ 2, 4, 6 ];{}
6331;[ 2, 2, 2, 3 ];{}
6331;[ 2, 3, 10 ];{}
6331;[ 2, 3, 12 ];{}
6331;[ 2, 3, 20 ];{}
6331;[ 2, 4, 6 ];{}
6333;[ 2, 2, 2, 3 ];{}
6333;[ 2, 3, 10 ];{}
6333;[ 2, 3, 20 ];{}
6333;[ 2, 4, 6 ];{}
6335;[ 2, 2, 2, 3 ];{}
6335;[ 2, 3, 10 ];{}
6335;[ 2, 3, 20 ];{}
6335;[ 2, 4, 6 ];{}
6339;[ 2, 2, 2, 3 ];{}
6339;[ 2, 3, 10 ];{}
6339;[ 2, 3, 12 ];{}
6339;[ 2, 3, 20 ];{}
6339;[ 2, 4, 6 ];{}
6341;[ 2, 2, 2, 3 ];{}
6341;[ 2, 3, 10 ];{}
6341;[ 2, 3, 12 ];{}
6341;[ 2, 3, 20 ];{}
6341;[ 2, 4, 6 ];{}
6342;[ 2, 2, 2, 3 ];{}
6342;[ 2, 3, 10 ];{}
6342;[ 2, 3, 12 ];{}
6342;[ 2, 3, 20 ];{}
6342;[ 2, 4, 6 ];{}
6343;[ 2, 2, 2, 3 ];{}
6343;[ 2, 3, 10 ];{}
6343;[ 2, 3, 12 ];{}
6343;[ 2, 3, 20 ];{}
6343;[ 2, 4, 6 ];{}
6344;[ 2, 2, 2, 3 ];{}
6344;[ 2, 3, 10 ];{}
6344;[ 2, 3, 12 ];{}
6344;[ 2, 3, 20 ];{}
6344;[ 2, 4, 6 ];{}
6345;[ 2, 2, 2, 3 ];{}
6345;[ 2, 3, 10 ];{}
6345;[ 2, 3, 12 ];{}
6345;[ 2, 3, 20 ];{}
6345;[ 2, 4, 6 ];{}
6350;[ 2, 3, 12 ];{}
6353;[ 2, 3, 12 ];{}
6354;[ 2, 3, 12 ];{}
6355;[ 2, 3, 12 ];{}
6357;[ 2, 3, 12 ];{}
6359;[ 2, 3, 12 ];{}
6368;[ 2, 3, 12 ];{}
6369;[ 2, 3, 12 ];{}
6370;[ 2, 3, 12 ];{}
6373;[ 2, 3, 12 ];{}
6374;[ 2, 3, 12 ];{}
6375;[ 2, 3, 12 ];{}
6382;[ 2, 3, 12 ];{}
6383;[ 2, 3, 12 ];{}
6384;[ 2, 3, 12 ];{}
6385;[ 2, 3, 12 ];{}
6387;[ 2, 3, 12 ];{}
6389;[ 2, 3, 12 ];{}
6393;[ 2, 3, 12 ];{}
6395;[ 2, 3, 12 ];{}
6396;[ 2, 3, 12 ];{}
6397;[ 2, 3, 12 ];{}
6398;[ 2, 3, 12 ];{}
6399;[ 2, 3, 12 ];{}
788;[ 2, 2, 2, 3 ];{}
788;[ 2, 3, 10 ];{}
788;[ 2, 3, 20 ];{}
788;[ 2, 4, 6 ];{}
789;[ 2, 2, 2, 3 ];{}
789;[ 2, 3, 10 ];{}
789;[ 2, 3, 20 ];{}
789;[ 2, 4, 6 ];{}
796;[ 2, 3, 12 ];{}
797;[ 2, 3, 12 ];{}
798;[ 2, 3, 12 ];{}
808;[ 2, 3, 12 ];{}
810;[ 2, 3, 12 ];{}
