100;[ 2, 2, 2, 3 ];{[ $.1 * $.5 * $.6 * $.7, $.2 * $.3 * $.5^2 * $.6^2, $.3 * $.4, $.1 * $.2 * $.3^2 * $.4 * $.5 * $.6^2 * $.7^2 ]}
101;[ 2, 2, 2, 3 ];{}
102;[ 2, 2, 2, 3 ];{}
103;[ 2, 2, 2, 3 ];{}
104;[ 2, 2, 2, 3 ];{}
105;[ 2, 2, 2, 3 ];{}
106;[ 2, 2, 2, 3 ];{}
107;[ 2, 2, 2, 3 ];{}
108;[ 2, 2, 2, 3 ];{}
109;[ 2, 2, 2, 3 ];{}
110;[ 2, 2, 2, 3 ];{}
111;[ 2, 2, 2, 3 ];{}
112;[ 2, 2, 2, 3 ];{}
113;[ 2, 2, 2, 3 ];{}
114;[ 2, 2, 2, 3 ];{}
115;[ 2, 2, 2, 3 ];{[ $.1 * $.2 * $.3^2 * $.4^2 * $.5^2, $.1 * $.5^2 * $.6^2 * $.7^2, $.2 * $.7^2, $.3^2 * $.4^2 * $.5 * $.7^2 ]}
121;[ 2, 3, 9 ];{}
122;[ 2, 3, 9 ];{}
123;[ 2, 3, 9 ];{}
124;[ 2, 3, 9 ];{}
125;[ 2, 3, 9 ];{}
126;[ 2, 3, 9 ];{}
127;[ 2, 3, 9 ];{}
128;[ 2, 3, 9 ];{}
129;[ 2, 3, 9 ];{}
135;[ 2, 3, 9 ];{}
136;[ 2, 3, 9 ];{}
137;[ 2, 3, 9 ];{}
138;[ 2, 3, 9 ];{}
139;[ 2, 3, 9 ];{}
140;[ 2, 3, 9 ];{}
143;[ 2, 3, 9 ];{}
144;[ 2, 3, 9 ];{}
145;[ 2, 3, 9 ];{}
159;[ 2, 3, 9 ];{}
160;[ 2, 3, 9 ];{}
161;[ 2, 3, 9 ];{}
162;[ 2, 3, 9 ];{}
163;[ 2, 3, 9 ];{}
164;[ 2, 3, 9 ];{}
165;[ 2, 3, 9 ];{}
166;[ 2, 3, 9 ];{}
167;[ 2, 3, 9 ];{}
168;[ 2, 3, 9 ];{}
176;[ 2, 3, 9 ];{}
177;[ 2, 3, 9 ];{}
179;[ 2, 3, 9 ];{}
180;[ 2, 3, 9 ];{}
181;[ 2, 3, 9 ];{}
183;[ 2, 3, 9 ];{}
226;[ 2, 2, 2, 3 ];{}
227;[ 2, 2, 2, 3 ];{}
228;[ 2, 2, 2, 3 ];{}
229;[ 2, 2, 2, 3 ];{}
230;[ 2, 2, 2, 3 ];{}
231;[ 2, 2, 2, 3 ];{}
232;[ 2, 2, 2, 3 ];{}
233;[ 2, 2, 2, 3 ];{}
234;[ 2, 2, 2, 3 ];{}
235;[ 2, 2, 2, 3 ];{}
236;[ 2, 2, 2, 3 ];{}
237;[ 2, 2, 2, 3 ];{}
238;[ 2, 2, 2, 3 ];{}
239;[ 2, 2, 2, 3 ];{}
240;[ 2, 2, 2, 3 ];{}
241;[ 2, 2, 2, 3 ];{}
242;[ 2, 2, 2, 3 ];{}
243;[ 2, 2, 2, 3 ];{}
244;[ 2, 2, 2, 3 ];{}
245;[ 2, 2, 2, 3 ];{}
448;[ 2, 2, 2, 3 ];{}
449;[ 2, 2, 2, 3 ];{}
450;[ 2, 2, 2, 3 ];{}
451;[ 2, 2, 2, 3 ];{}
452;[ 2, 2, 2, 3 ];{}
453;[ 2, 2, 2, 3 ];{}
454;[ 2, 2, 2, 3 ];{}
455;[ 2, 2, 2, 3 ];{}
456;[ 2, 2, 2, 3 ];{}
457;[ 2, 2, 2, 3 ];{}
458;[ 2, 2, 2, 3 ];{}
459;[ 2, 2, 2, 3 ];{}
460;[ 2, 2, 2, 3 ];{}
461;[ 2, 2, 2, 3 ];{}
462;[ 2, 2, 2, 3 ];{}
463;[ 2, 2, 2, 3 ];{}
464;[ 2, 2, 2, 3 ];{}
465;[ 2, 2, 2, 3 ];{}
466;[ 2, 2, 2, 3 ];{}
467;[ 2, 2, 2, 3 ];{}
468;[ 2, 2, 2, 3 ];{}
469;[ 2, 2, 2, 3 ];{}
470;[ 2, 2, 2, 3 ];{}
471;[ 2, 2, 2, 3 ];{}
472;[ 2, 2, 2, 3 ];{}
473;[ 2, 2, 2, 3 ];{}
474;[ 2, 2, 2, 3 ];{[ $.1 * $.5^2 * $.7^2, $.2 * $.3^2 * $.6, $.3 * $.4^2 * $.5^2 * $.6^2 * $.7^2, $.1 * $.2 * $.4^2 * $.5 * $.7 ]}
475;[ 2, 2, 2, 3 ];{}
476;[ 2, 2, 2, 3 ];{}
477;[ 2, 2, 2, 3 ];{}
478;[ 2, 2, 2, 3 ];{}
479;[ 2, 2, 2, 3 ];{}
480;[ 2, 2, 2, 3 ];{}
481;[ 2, 2, 2, 3 ];{}
482;[ 2, 2, 2, 3 ];{[ $.1 * $.3^2 * $.7, $.2 * $.4^2, $.3^2 * $.4 * $.5^2 * $.6^2 * $.7^2, $.1 * $.2 * $.5^2 * $.6^2 ]}
681;[ 2, 2, 2, 3 ];{}
682;[ 2, 2, 2, 3 ];{}
683;[ 2, 2, 2, 3 ];{}
684;[ 2, 2, 2, 3 ];{}
685;[ 2, 2, 2, 3 ];{}
686;[ 2, 2, 2, 3 ];{}
687;[ 2, 2, 2, 3 ];{}
688;[ 2, 2, 2, 3 ];{}
689;[ 2, 2, 2, 3 ];{}
690;[ 2, 2, 2, 3 ];{}
804;[ 2, 2, 2, 3 ];{}
805;[ 2, 2, 2, 3 ];{}
806;[ 2, 2, 2, 3 ];{}
807;[ 2, 2, 2, 3 ];{}
808;[ 2, 2, 2, 3 ];{}
809;[ 2, 2, 2, 3 ];{}
810;[ 2, 2, 2, 3 ];{}
811;[ 2, 2, 2, 3 ];{}
812;[ 2, 2, 2, 3 ];{}
813;[ 2, 2, 2, 3 ];{}
814;[ 2, 2, 2, 3 ];{}
815;[ 2, 2, 2, 3 ];{}
816;[ 2, 2, 2, 3 ];{}
817;[ 2, 2, 2, 3 ];{}
818;[ 2, 2, 2, 3 ];{}
819;[ 2, 2, 2, 3 ];{}
862;[ 2, 2, 2, 3 ];{}
863;[ 2, 2, 2, 3 ];{}
864;[ 2, 2, 2, 3 ];{}
877;[ 2, 3, 9 ];{}
890;[ 2, 2, 2, 3 ];{}
891;[ 2, 2, 2, 3 ];{}
892;[ 2, 2, 2, 3 ];{}
893;[ 2, 2, 2, 3 ];{}
899;[ 2, 2, 2, 3 ];{}
99;[ 2, 2, 2, 3 ];{}
